SINAL     NFT                         FFT                         NFT INVERSA     FFT INVERSA
-----     -----------------------     -----------------------     -----------     -----------
   45         841.000       0.000         841.000       0.000              45              45
   92          16.471      11.719          16.472      11.719              92              92
  113          13.999     201.000          14.000     201.000             113             113
   96        -256.472      71.719        -256.472      71.719              96              96
  165         -29.000      -0.000         -29.000       0.000             165             165
   25        -256.471     -71.721        -256.472     -71.719              25              25
   83          14.002    -201.000          14.000    -201.000              83              83
  222          16.473     -11.719          16.472     -11.719             222             222
