SINAL     NFT                         FFT                         NFT INVERSA     FFT INVERSA
-----     -----------------------     -----------------------     -----------     -----------
  227        1291.000       0.000        1291.000       0.000             227             227
  232         182.962     -46.903         182.962     -46.903             232             232
  171         -58.000    -151.000         -58.000    -151.000             171             171
  124          91.038    -112.903          91.038    -112.903             124             124
   90          93.000      -0.000          93.000       0.000              90              90
  143          91.038     112.903          91.038     112.903             143             143
  204         -58.000     150.999         -58.000     151.000             204             204
  100         182.964      46.903         182.962      46.903             100             100
