SINAL     NFT                         FFT                         NFT INVERSA     FFT INVERSA
-----     -----------------------     -----------------------     -----------     -----------
  227         978.000       0.000         978.000       0.000             227             227
   26         265.095     201.564         265.095     201.564              26              26
  122         -12.000     212.000         -12.000     212.000             122             122
   69          86.904     109.563          86.904     109.563              69              69
   51         158.000      -0.001         158.000       0.000              51              51
   73          86.905    -109.564          86.905    -109.564              73              73
  168         -11.999    -212.001         -12.000    -212.000             168             168
  242         265.098    -201.563         265.096    -201.563             242             242
