SINAL     NFT                         FFT                         NFT INVERSA     FFT INVERSA
-----     -----------------------     -----------------------     -----------     -----------
  120        1093.000       0.000        1093.000       0.000             120             120
   65          68.580     234.777          68.581     234.777              65              65
  150         -89.000      94.000         -89.000      94.000             150             150
   43        -126.581     118.776        -126.581     118.777              43              43
  149         161.000      -0.000         161.000       0.000             149             149
  121        -126.580    -118.778        -126.581    -118.777             121             121
  208         -88.999     -94.001         -89.000     -94.000             208             208
  237          68.583    -234.777          68.581    -234.777             237             237
