SINAL     NFT                         FFT                         NFT INVERSA     FFT INVERSA
-----     -----------------------     -----------------------     -----------     -----------
  223        1285.000       0.000        1285.000       0.000             223             223
   72        -127.359      39.677        -127.359      39.678              72              72
  141         164.000      51.000         164.000      51.000             141             141
  172          83.359      -4.323          83.359      -4.322             172             172
  245         259.000       0.000         259.000       0.000             245             245
  159          83.359       4.322          83.359       4.322             159             159
  163         164.000     -51.000         164.000     -51.000             163             163
  110        -127.357     -39.679        -127.359     -39.678             110             110
