SINAL     NFT                         FFT                         NFT INVERSA     FFT INVERSA
-----     -----------------------     -----------------------     -----------     -----------
  113         934.000       0.000         934.000       0.000             113             113
   68          32.837      38.028          32.837      38.028              68              68
  180         -79.000      -3.000         -79.000      -3.000             180             180
   85          85.162     266.028          85.163     266.028              85              85
   54        -108.000      -0.001        -108.000       0.000              54              54
  194          85.164    -266.028          85.163    -266.028             194             194
   66         -79.000       2.999         -79.000       3.000              66              66
  174          32.839     -38.028          32.837     -38.028             174             174
