SINAL     NFT                         FFT                         NFT INVERSA     FFT INVERSA
-----     -----------------------     -----------------------     -----------     -----------
   47         964.000       0.000         964.000       0.000              47              47
  186          -0.893      93.090          -0.892      93.090             186             186
   97         126.000    -186.000         126.000    -186.000              97              97
    1        -261.109     283.090        -261.108     283.090               1               1
  178        -316.000      -0.001        -316.000       0.000             178             178
  227        -261.106    -283.091        -261.108    -283.090             227             227
    2         126.000     186.000         126.000     186.000               2               2
  226          -0.891     -93.091          -0.892     -93.090             226             226
