SINAL     NFT                         FFT                         NFT INVERSA     FFT INVERSA
-----     -----------------------     -----------------------     -----------     -----------
  228        1069.000       0.000        1069.000       0.000             228             228
  182         138.451      -8.782         138.451      -8.782             182             182
  103         167.000     -90.000         167.000     -90.000             103             103
   49        -110.451    -146.782        -110.451    -146.782              49              49
  214         365.000       0.001         365.000       0.000             214             214
   39        -110.451     146.781        -110.451     146.782              39              39
  172         167.000      90.000         167.000      90.000             172             172
   82         138.452       8.781         138.451       8.782              82              82
