SINAL     NFT                         FFT                         NFT INVERSA     FFT INVERSA
-----     -----------------------     -----------------------     -----------     -----------
    9         641.000       0.000         641.000       0.000               9               9
  131          -2.055     -47.335          -2.055     -47.334             131             131
  102         -56.000      -7.000         -56.000      -7.000             102             102
   54        -209.945       0.665        -209.945       0.665              54              54
  115         -33.000      -0.000         -33.000       0.000             115             115
   41        -209.945      -0.666        -209.945      -0.666              41              41
   78         -55.999       7.000         -56.000       7.000              78              78
  111          -2.054      47.334          -2.055      47.335             111             111
