SINAL     NFT                         FFT                         NFT INVERSA     FFT INVERSA
-----     -----------------------     -----------------------     -----------     -----------
  235        1014.000       0.000        1014.000       0.000             235             235
   56         163.456     -15.799         163.456     -15.799              56              56
  202         -76.000     114.000         -76.000     114.000             202             202
   95         112.544     -23.799         112.544     -23.799              95              95
   97         466.000       0.001         466.000       0.000              97              97
   24         112.544      23.798         112.544      23.799              24              24
  206         -75.999    -114.001         -76.000    -114.000             206             206
   99         163.457      15.799         163.456      15.799              99              99
