SINAL     NFT                         FFT                         NFT INVERSA     FFT INVERSA
-----     -----------------------     -----------------------     -----------     -----------
   45        1085.000       0.000        1085.000       0.000              45              45
  163        -236.602       6.837        -236.602       6.837             163             163
   37         110.000      -9.000         110.000      -9.000              37              37
  236         -17.399     -59.163         -17.398     -59.163             236             236
  172        -437.000      -0.001        -437.000       0.000             172             172
  222         -17.398      59.163         -17.398      59.163             222             222
   70         110.000       9.000         110.000       9.000              70              70
  140        -236.600      -6.838        -236.602      -6.837             140             140
