SINAL     NFT                         FFT                         NFT INVERSA     FFT INVERSA
-----     -----------------------     -----------------------     -----------     -----------
  163        1262.000       0.000        1262.000       0.000             163             163
  247         129.626     164.837         129.626     164.837             247             247
   39         119.000     -75.000         119.000     -75.000              39              39
   74        -253.626    -217.164        -253.626    -217.163              74              74
  225          52.000       0.000          52.000       0.000             225             225
   93        -253.626     217.162        -253.626     217.163              93              93
  230         119.001      74.999         119.000      75.000             230             230
  191         129.629    -164.837         129.626    -164.837             191             191
