SINAL     NFT                         FFT                         NFT INVERSA     FFT INVERSA
-----     -----------------------     -----------------------     -----------     -----------
  153        1300.000       0.000        1300.000       0.000             153             153
  197         142.941    -186.439         142.941    -186.439             197             197
  227        -154.000     130.000        -154.000     130.000             227             227
  238          75.059      19.561          75.059      19.561             238             238
   44        -204.000      -0.001        -204.000       0.000              44              44
  114          75.059     -19.562          75.059     -19.561             114             114
  124        -153.999    -130.001        -154.000    -130.000             124             124
  203         142.942     186.439         142.941     186.439             203             203
