SINAL     NFT                         FFT                         NFT INVERSA     FFT INVERSA
-----     -----------------------     -----------------------     -----------     -----------
  128         871.000       0.000         871.000       0.000             128             128
  148         -48.030    -111.959         -48.029    -111.958             148             148
  171         115.000    -258.000         115.000    -258.000             171             171
    7         -81.971     160.041         -81.971     160.042               7               7
  193         183.000       0.000         183.000       0.000             193             193
  153         -81.970    -160.042         -81.971    -160.042             153             153
   35         114.999     258.000         115.000     258.000              35              35
   36         -48.029     111.957         -48.029     111.958              36              36
