SINAL     NFT                         FFT                         NFT INVERSA     FFT INVERSA
-----     -----------------------     -----------------------     -----------     -----------
   73        1120.000       0.000        1120.000       0.000              73              73
  207         183.149     -44.036         183.149     -44.037             207             207
  166        -294.001     155.999        -294.000     156.000             166             166
  176        -125.149    -202.037        -125.149    -202.037             176             176
   44         -64.000      -0.000         -64.000       0.000              44              44
   11        -125.150     202.036        -125.149     202.037              11              11
  245        -293.998    -156.002        -294.000    -156.000             245             245
  198         183.151      44.037         183.149      44.037             198             198
