SINAL     NFT                         FFT                         NFT INVERSA     FFT INVERSA
-----     -----------------------     -----------------------     -----------     -----------
    0         488.000       0.000         488.000       0.000               0               0
   39          34.530     145.690          34.530     145.690              39              39
   78        -175.000      83.000        -175.000      83.000              78              78
    8        -170.530     -28.311        -170.531     -28.310               8               8
   68         134.000       0.000         134.000       0.000              68              68
    8        -170.531      28.309        -170.530      28.310               8               8
  165        -174.999     -83.001        -175.000     -83.000             165             165
  122          34.532    -145.690          34.531    -145.690             122             122
