SINAL     NFT                         FFT                         NFT INVERSA     FFT INVERSA
-----     -----------------------     -----------------------     -----------     -----------
  236         937.000       0.000         937.000       0.000             236             236
   11          81.577     234.638          81.577     234.638              11              11
   21         374.000     141.000         374.000     141.000              21              21
   62          26.422     230.638          26.423     230.638              62              62
  182         -13.000      -0.001         -13.000       0.000             182             182
  156          26.424    -230.639          26.423    -230.638             156             156
   23         374.001    -140.999         374.000    -141.000              23              23
  246          81.579    -234.638          81.577    -234.638             246             246
