SINAL     NFT                         FFT                         NFT INVERSA     FFT INVERSA
-----     -----------------------     -----------------------     -----------     -----------
  209        1173.000       0.000        1173.000       0.000             209             209
  121         256.903      33.180         256.903      33.180             121             121
  133         -90.001     275.000         -90.000     275.000             133             133
  202          97.097     -96.820          97.097     -96.820             202             202
   32         -29.000      -0.001         -29.000       0.000              32              32
   42          97.097      96.819          97.097      96.820              42              42
  198         -89.998    -275.001         -90.000    -275.000             198             198
  236         256.905     -33.180         256.903     -33.180             236             236
