SINAL     NFT                         FFT                         NFT INVERSA     FFT INVERSA
-----     -----------------------     -----------------------     -----------     -----------
  121        1262.000       0.000        1262.000       0.000             121             121
   98         -71.988      78.189         -71.988      78.189              98              98
   91          33.999     338.000          34.000     338.000              91              91
  238        -154.012    -199.812        -154.012    -199.811             238             238
  234          90.000      -0.000          90.000       0.000             234             234
   26        -154.013     199.810        -154.012     199.811              26              26
  230          34.002    -338.001          34.000    -338.000             230             230
  224         -71.986     -78.189         -71.988     -78.189             224             224
