SINAL     NFT                         FFT                         NFT INVERSA     FFT INVERSA
-----     -----------------------     -----------------------     -----------     -----------
  183        1095.000       0.000        1095.000       0.000             183             183
  140          17.996     -41.175          17.996     -41.175             140             140
  189        -126.000    -151.000        -126.000    -151.000             189             189
  114         158.004     -93.175         158.004     -93.175             114             114
   95         269.000       0.000         269.000       0.000              95              95
  142         158.003      93.175         158.004      93.175             142             142
  215        -126.000     150.999        -126.000     151.000             215             215
   17          17.998      41.174          17.996      41.175              17              17
