SINAL     NFT                         FFT                         NFT INVERSA     FFT INVERSA
-----     -----------------------     -----------------------     -----------     -----------
  233         927.000       0.000         927.000       0.000             233             233
  222         235.471     107.156         235.472     107.156             222             222
   16         114.000    -227.000         114.000    -227.000              16              16
   12         -37.471    -334.845         -37.471    -334.844              12              12
  134         313.000       0.001         313.000       0.000             134             134
   45         -37.473     334.844         -37.472     334.844              45              45
  237         114.000     226.999         114.000     227.000             237             237
   28         235.473    -107.156         235.472    -107.156              28              28
