SINAL     NFT                         FFT                         NFT INVERSA     FFT INVERSA
-----     -----------------------     -----------------------     -----------     -----------
  145         481.000       0.000         481.000       0.000             145             145
   31          66.088      31.213          66.088      31.213              31              31
   17         129.000      38.000         129.000      38.000              17              17
   86         167.912      11.213         167.912      11.213              86              86
   28         -47.000      -0.001         -47.000       0.000              28              28
   82         167.912     -11.213         167.912     -11.213              82              82
   27         129.000     -38.000         129.000     -38.000              27              27
   65          66.089     -31.213          66.088     -31.213              65              65
