SINAL     NFT                         FFT                         NFT INVERSA     FFT INVERSA
-----     -----------------------     -----------------------     -----------     -----------
   88         943.000       0.000         943.000       0.000              88              88
  136        -196.116    -106.987        -196.116    -106.986             136             136
  117          16.000     -89.000          16.000     -89.000             117             117
  163           6.117    -148.986           6.116    -148.986             163             163
  183         109.000       0.000         109.000       0.000             183             183
  117           6.116     148.986           6.116     148.986             117             117
  138          16.000      89.000          16.000      89.000             138             138
    1        -196.116     106.985        -196.116     106.986               1               1
