SINAL     NFT                         FFT                         NFT INVERSA     FFT INVERSA
-----     -----------------------     -----------------------     -----------     -----------
  149        1055.000       0.000        1055.000       0.000             149             149
   53        -136.475      84.397        -136.475      84.397              53              53
  171        -139.000    -128.000        -139.000    -128.000             171             171
  135         276.475      34.397         276.475      34.397             135             135
   79         135.000      -0.000         135.000       0.000              79              79
  241         276.475     -34.396         276.475     -34.397             241             241
  196        -139.001     127.999        -139.000     128.000             196             196
   31        -136.473     -84.398        -136.475     -84.397              31              31
