SINAL     NFT                         FFT                         NFT INVERSA     FFT INVERSA
-----     -----------------------     -----------------------     -----------     -----------
  155         942.000       0.000         942.000       0.000             155             155
   26         -80.643    -144.891         -80.643    -144.891              26              26
  206         -49.000     141.000         -49.000     141.000             206             206
  191         186.643      67.109         186.643      67.109             191             191
  102         184.000      -0.000         184.000       0.000             102             102
   93         186.643     -67.109         186.643     -67.109              93              93
  100         -48.999    -141.001         -49.000    -141.000             100             100
   69         -80.643     144.890         -80.643     144.891              69              69
