SINAL     NFT                         FFT                         NFT INVERSA     FFT INVERSA
-----     -----------------------     -----------------------     -----------     -----------
  204        1224.000       0.000        1224.000       0.000             204             204
   99          16.544     191.823          16.544     191.823              99              99
  131          14.000     -70.000          14.000     -70.000             131             131
   82          67.456      11.823          67.456      11.823              82              82
  162         212.000      -0.000         212.000       0.000             162             162
  189          67.456     -11.824          67.456     -11.823             189             189
  221          14.000      69.999          14.000      70.000             221             221
  136          16.547    -191.824          16.544    -191.823             136             136
