SINAL     NFT                         FFT                         NFT INVERSA     FFT INVERSA
-----     -----------------------     -----------------------     -----------     -----------
  190        1049.000       0.000        1049.000       0.000             190             190
  236          -1.795    -202.195          -1.795    -202.195             236             236
   24         338.000       1.000         338.000       1.000              24              24
  201        -102.204    -294.195        -102.204    -294.194             201             201
  242           3.000       0.000           3.000       0.000             242             242
   25        -102.205     294.194        -102.205     294.195              25              25
   70         338.001      -1.000         338.000      -1.000              70              70
   61          -1.795     202.193          -1.796     202.194              61              61
