SINAL     NFT                         FFT                         NFT INVERSA     FFT INVERSA
-----     -----------------------     -----------------------     -----------     -----------
  124         778.000       0.000         778.000       0.000             124             124
   49         189.007     -81.821         189.007     -81.821              49              49
  219         -20.000     168.000         -20.000     168.000             219             219
   34         -91.008     356.178         -91.007     356.179              34              34
   75          58.000      -0.001          58.000       0.000              75              75
   47         -91.006    -356.180         -91.007    -356.179              47              47
    0         -19.999    -168.000         -20.000    -168.000              -0              -0
  230         189.008      81.822         189.007      81.821             230             230
