SINAL     NFT                         FFT                         NFT INVERSA     FFT INVERSA
-----     -----------------------     -----------------------     -----------     -----------
    4        1194.000       0.000        1194.000       0.000               4               4
  216          -0.219     -71.272          -0.218     -71.272             216             216
  218        -266.000     -16.000        -266.000     -16.000             218             218
  153        -155.782      96.728        -155.782      96.728             153             153
   82        -318.000      -0.001        -318.000       0.000              82              82
  170        -155.781     -96.728        -155.782     -96.728             170             170
  134        -265.999      15.999        -266.000      16.000             134             134
  217          -0.216      71.272          -0.218      71.272             217             217
