SINAL     NFT                         FFT                         NFT INVERSA     FFT INVERSA
-----     -----------------------     -----------------------     -----------     -----------
   48         821.000       0.000         821.000       0.000              48              48
   73         -82.189      -5.699         -82.189      -5.698              73              73
  160        -105.000      74.000        -105.000      74.000             160             160
   67        -203.811     -53.699        -203.811     -53.699              67              67
  191         345.000       0.001         345.000       0.000             191             191
    9        -203.812      53.698        -203.811      53.698               9               9
  184        -104.999     -74.001        -105.000     -74.000             184             184
   89         -82.188       5.698         -82.189       5.699              89              89
