SINAL     NFT                         FFT                         NFT INVERSA     FFT INVERSA
-----     -----------------------     -----------------------     -----------     -----------
   62         979.000       0.000         979.000       0.000              62              62
   34        -155.101     168.056        -155.101     168.056              34              34
  150         125.000     -26.000         125.000     -26.000             150             150
   14        -174.901     440.055        -174.900     440.056              14              14
  227         -73.000      -0.001         -73.000       0.000             227             227
  242        -174.898    -440.057        -174.899    -440.056             242             242
   14         125.000      26.001         125.000      26.000              14              14
  236        -155.098    -168.057        -155.100    -168.056             236             236
