SINAL     NFT                         FFT                         NFT INVERSA     FFT INVERSA
-----     -----------------------     -----------------------     -----------     -----------
   98         917.000       0.000         917.000       0.000              98              98
   35         -66.314     206.499         -66.314     206.500              35              35
  109         115.000     -34.000         115.000     -34.000             109             109
   26         -43.687     370.499         -43.687     370.500              26              26
  153        -143.000      -0.001        -143.000       0.000             153             153
  247         -43.685    -370.500         -43.686    -370.500             247             247
   27         115.000      34.000         115.000      34.000              27              27
  222         -66.312    -206.500         -66.314    -206.500             222             222
