SINAL     NFT                         FFT                         NFT INVERSA     FFT INVERSA
-----     -----------------------     -----------------------     -----------     -----------
   49        1131.000       0.000        1131.000       0.000              49              49
  235        -184.335    -113.364        -184.334    -113.364             235             235
  237        -108.000    -459.000        -108.000    -459.000             237             237
   22        -137.666     100.636        -137.666     100.636              22              22
  210         121.000       0.000         121.000       0.000             210             210
  247        -137.665    -100.636        -137.665    -100.636             247             247
  130        -108.001     459.000        -108.000     459.000             130             130
    1        -184.333     113.362        -184.335     113.364               1               1
