SINAL     NFT                         FFT                         NFT INVERSA     FFT INVERSA
-----     -----------------------     -----------------------     -----------     -----------
  153         759.000       0.000         759.000       0.000             153             153
   33         113.757     195.676         113.757     195.676              33              33
   20         139.000     120.000         139.000     120.000              20              20
   96         122.242     177.676         122.243     177.676              96              96
   35        -285.000      -0.002        -285.000       0.000              35              35
  168         122.244    -177.677         122.243    -177.676             168             168
   29         139.001    -120.000         139.000    -120.000              29              29
  225         113.759    -195.676         113.757    -195.676             225             225
