SINAL     NFT                         FFT                         NFT INVERSA     FFT INVERSA
-----     -----------------------     -----------------------     -----------     -----------
  182         876.000       0.000         876.000       0.000             182             182
  150         110.485     -45.172         110.485     -45.172             150             150
   68         174.000     -66.000         174.000     -66.000              68              68
  111          93.514      50.828          93.515      50.828             111             111
   80        -176.000      -0.001        -176.000       0.000              80              80
  146          93.515     -50.829          93.515     -50.828             146             146
   20         174.000      66.000         174.000      66.000              20              20
  119         110.486      45.171         110.485      45.172             119             119
