SINAL     NFT                         FFT                         NFT INVERSA     FFT INVERSA
-----     -----------------------     -----------------------     -----------     -----------
  177        1013.000       0.000        1013.000       0.000             177             177
   37          22.118     -24.775          22.118     -24.775              37              37
   97         156.999     310.000         157.000     310.000              97              97
  240         157.882     149.225         157.882     149.225             240             240
   87        -271.000      -0.002        -271.000       0.000              87              87
  129         157.883    -149.226         157.882    -149.225             129             129
   10         157.002    -310.000         157.000    -310.000              10              10
  236          22.119      24.774          22.118      24.775             236             236
