SINAL     NFT                         FFT                         NFT INVERSA     FFT INVERSA
-----     -----------------------     -----------------------     -----------     -----------
  193        2020.000       0.000        2020.000       0.000             193             193
   98         275.003     -79.159         275.003     -79.159              98              98
  212           5.544     -21.513           5.544     -21.513             212             212
  194        -257.802    -181.619        -257.802    -181.619             194             194
  114          34.000     162.000          34.000     162.000             114             114
   83         370.482    -150.606         370.481    -150.606              83              83
   24          56.453     516.487          56.456     516.487              24              24
  255         140.317     -28.148         140.318     -28.146             255             255
   61        -180.000      -0.003        -180.000       0.000              61              61
   40         140.318      28.145         140.317      28.147              40              40
  144          56.460    -516.488          56.456    -516.487             144             144
   43         370.480     150.609         370.481     150.607              43              43
  109          34.001    -162.001          34.000    -162.000             109             109
  248        -257.802     181.616        -257.802     181.618             248             248
   63           5.548      21.511           5.544      21.513              63              63
  139         275.009      79.159         275.003      79.159             139             139
