SINAL     NFT                         FFT                         NFT INVERSA     FFT INVERSA
-----     -----------------------     -----------------------     -----------     -----------
  149        1938.000       0.000        1938.000       0.000             149             149
  114        -348.590     389.329        -348.590     389.329             114             114
   15          96.752     142.845          96.752     142.846              15              15
    7         345.705    -237.508         345.705    -237.508               7               7
   26        -206.001      75.999        -206.000      76.000              26              26
   99          31.056    -222.435          31.055    -222.434              99              99
  197         -92.751    -253.155         -92.752    -253.154             197             197
  223         255.832    -287.596         255.830    -287.597             223             223
   78         282.000       0.002         282.000       0.000              78              78
  127         255.828     287.599         255.830     287.597             127             127
  215         -92.755     253.153         -92.752     253.154             215             215
  205          31.053     222.432          31.055     222.434             205             205
  199        -205.998     -76.003        -206.000     -76.000             199             199
   36         345.704     237.509         345.704     237.508              36              36
  231          96.754    -142.848          96.752    -142.846             231             231
   17        -348.581    -389.333        -348.590    -389.329              17              17
