SINAL     NFT                         FFT                         NFT INVERSA     FFT INVERSA
-----     -----------------------     -----------------------     -----------     -----------
   27        1919.000       0.000        1919.000       0.000              27              27
  178        -106.477      12.380        -106.477      12.380             178             178
  194         229.725    -255.362         229.725    -255.362             194             194
  155        -205.234    -138.268        -205.233    -138.268             155             155
   42        -419.001     117.999        -419.000     118.000              42              42
    3         126.262      68.963         126.263      68.963               3               3
  148        -471.725     -95.365        -471.725     -95.363             148             148
  216          61.449    -268.389          61.448    -268.389             216             216
   58          83.000       0.001          83.000       0.000              58              58
  208          61.445     268.390          61.448     268.390             208             208
  201        -471.725      95.359        -471.725      95.362             201             201
   42         126.264     -68.962         126.262     -68.963              42              42
  164        -418.998    -118.003        -419.000    -118.000             164             164
   11        -205.231     138.267        -205.233     138.268              11              11
  167         229.726     255.364         229.725     255.363             167             167
  105        -106.471     -12.383        -106.477     -12.380             105             105
