SINAL     NFT                         FFT                         NFT INVERSA     FFT INVERSA
-----     -----------------------     -----------------------     -----------     -----------
  163        2045.000       0.000        2045.000       0.000             163             163
   23         -77.849     352.584         -77.849     352.584              23              23
  110        -208.869      -2.571        -208.869      -2.570             110             110
  123        -317.989      50.524        -317.989      50.525             123             123
  141         164.001    -169.000         164.000    -169.000             141             141
   84         218.717    -118.040         218.717    -118.040              84              84
   57         182.868     227.430         182.868     227.430              57              57
   79         -46.878    -267.982         -46.879    -267.981              79              79
  219         735.000       0.004         735.000       0.000             219             219
   74         -46.882     267.980         -46.880     267.981              74              74
  254         182.870    -227.430         182.869    -227.430             254             254
   28         218.715     118.041         218.717     118.041              28              28
  254         163.997     169.000         164.000     169.000             254             254
  231        -317.989     -50.530        -317.989     -50.525             231             231
  192        -208.866       2.566        -208.869       2.570             192             192
   13         -77.838    -352.586         -77.848    -352.584              13              13
