SINAL     NFT                         FFT                         NFT INVERSA     FFT INVERSA
-----     -----------------------     -----------------------     -----------     -----------
  238        2171.000       0.000        2171.000       0.000             238             238
   22         120.245     262.587         120.246     262.587              22              22
  108        -136.498     161.043        -136.498     161.044             108             108
  131          84.851     -46.470          84.851     -46.470             131             131
  127         110.999     242.000         111.000     242.000             127             127
  112         375.433     -66.945         375.433     -66.945             112             112
   67         -37.504     365.042         -37.503     365.044              67              67
  241         283.470    -129.889         283.470    -129.888             241             241
   22          35.000      -0.001          35.000       0.000              22              22
   74         283.469     129.887         283.470     129.888              74              74
  191         -37.500    -365.046         -37.502    -365.044             191             191
  121         375.433      66.946         375.433      66.945             121             121
  220         111.002    -242.001         111.000    -242.000             220             220
  205          84.851      46.469          84.851      46.470             205             205
  130        -136.493    -161.047        -136.497    -161.044             130             130
  162         120.255    -262.587         120.246    -262.587             162             162
