SINAL     NFT                         FFT                         NFT INVERSA     FFT INVERSA
-----     -----------------------     -----------------------     -----------     -----------
  232        1956.000       0.000        1956.000       0.000             232             232
   64        -107.510     247.465        -107.509     247.465              64              64
   40        -174.882     -64.422        -174.882     -64.421              40              40
   42         325.501     144.928         325.501     144.928              42              42
  171         456.000    -158.000         456.000    -158.000             171             171
  211        -174.822      93.037        -174.822      93.039             211             211
   25         -39.116    -218.423         -39.118    -218.421              25              25
   81         560.831    -116.422         560.830    -116.424              81              81
   81          64.000      -0.000          64.000       0.000              81              81
  238         560.829     116.427         560.830     116.424             238             238
   60         -39.120     218.419         -39.118     218.421              60              60
  229        -174.820     -93.042        -174.822     -93.039             229             229
  249         456.000     158.001         456.000     158.000             249             249
   39         325.502    -144.928         325.501    -144.928              39              39
  152        -174.882      64.417        -174.882      64.421             152             152
   42        -107.501    -247.468        -107.509    -247.465              42              42
