SINAL     NFT                         FFT                         NFT INVERSA     FFT INVERSA
-----     -----------------------     -----------------------     -----------     -----------
  125        2157.000       0.000        2157.000       0.000             125             125
   51        -216.158     264.092        -216.157     264.093              51              51
  195         -64.929    -119.344         -64.929    -119.343             195             195
   89         110.524    -242.718         110.524    -242.718              89              89
   15         -11.001     124.000         -11.000     124.000              15              15
  185        -149.360     343.347        -149.359     343.348             185             185
   82         -79.071     130.655         -79.071     130.657              82              82
  216         462.993    -109.840         462.993    -109.841             216             216
   73        -263.000      -0.002        -263.000       0.000              73              73
  221         462.992     109.843         462.993     109.841             221             221
  107         -79.071    -130.659         -79.071    -130.657             107             107
  240        -149.357    -343.350        -149.359    -343.348             240             240
  255         -10.998    -124.000         -11.000    -124.000             255             255
   86         110.523     242.718         110.524     242.718              86              86
   95         -64.928     119.341         -64.929     119.343              95              95
  122        -216.148    -264.096        -216.157    -264.093             122             122
