SINAL     NFT                         FFT                         NFT INVERSA     FFT INVERSA
-----     -----------------------     -----------------------     -----------     -----------
   30        2400.000       0.000        2400.000       0.000              30              30
   37        -305.003     215.055        -305.003     215.055              37              37
  231        -159.931     -86.830        -159.930     -86.830             231             231
   40         126.570      51.338         126.571      51.337              40              40
  168        -207.001     203.000        -207.000     203.000             168             168
  165        -145.844     182.123        -145.843     182.124             165             165
  109        -512.071     419.167        -512.070     419.170             109             109
  251         260.275      41.842         260.275      41.842             251             251
   46         -34.000      -0.001         -34.000       0.000              46              46
  220         260.274     -41.842         260.275     -41.842             220             220
  243        -512.067    -419.174        -512.069    -419.170             243             243
  194        -145.841    -182.125        -145.843    -182.124             194             194
  244        -206.997    -203.001        -207.000    -203.000             244             244
   85         126.573     -51.335         126.571     -51.337              85              85
  112        -159.929      86.829        -159.930      86.830             112             112
  225        -304.993    -215.058        -305.003    -215.055             225             225
