SINAL     NFT                         FFT                         NFT INVERSA     FFT INVERSA
-----     -----------------------     -----------------------     -----------     -----------
   85        2930.000       0.000        2930.000       0.000              85              85
  246         -15.355      70.745         -15.354      70.745             246             246
  226          72.079      36.092          72.080      36.092             226             226
  203        -170.542    -243.816        -170.541    -243.816             203             203
   24        -387.000    -155.001        -387.000    -155.000              24              24
  208         -60.672     111.280         -60.672     111.280             208             208
  227         115.920       2.092         115.920       2.092             227             227
  188        -173.433    -106.161        -173.432    -106.160             188             188
  190        -332.000      -0.002        -332.000       0.000             190             190
  186        -173.432     106.158        -173.433     106.160             186             186
  187         115.921      -2.092         115.920      -2.092             187             187
  167         -60.671    -111.280         -60.672    -111.280             167             167
  157        -387.000     154.997        -387.000     155.000             157             157
  253        -170.540     243.813        -170.541     243.816             253             253
  203          72.085     -36.093          72.080     -36.092             203             203
  180         -15.344     -70.746         -15.354     -70.745             180             180
