SINAL     NFT                         FFT                         NFT INVERSA     FFT INVERSA
-----     -----------------------     -----------------------     -----------     -----------
   48        2209.000       0.000        2209.000       0.000              48              48
  210         172.966    -226.521         172.966    -226.521             210             210
  220          19.438      54.733          19.439      54.733             220             220
  217        -440.099     -39.774        -440.098     -39.773             217             217
  120        -552.999    -216.002        -553.000    -216.000             120             120
   73         240.896    -110.878         240.896    -110.878              73              73
  213        -147.438    -227.267        -147.439    -227.267             213             213
  166          66.236      62.375          66.237      62.374             166             166
   38        -159.000      -0.001        -159.000       0.000              38              38
  200          66.237     -62.373          66.237     -62.374             200             200
  104        -147.440     227.266        -147.439     227.267             104             104
   26         240.894     110.880         240.895     110.879              26              26
   30        -553.002     215.995        -553.000     216.000              30              30
  217        -440.096      39.768        -440.099      39.773             217             217
  252          19.444     -54.733          19.439     -54.733             252             252
   75         172.972     226.521         172.966     226.521              75              75
