SINAL     NFT                         FFT                         NFT INVERSA     FFT INVERSA
-----     -----------------------     -----------------------     -----------     -----------
  188        2079.000       0.000        2079.000       0.000             188             188
    7          59.415     -11.165          59.416     -11.165               7               7
  238         -60.948    -221.806         -60.948    -221.806             238             238
  230         186.335     -42.934         186.335     -42.934             230             230
   10        -207.001     421.999        -207.000     422.000              10              10
  130         -24.420     544.192         -24.419     544.193             130             130
  190         286.949     -97.807         286.948     -97.806             190             190
   68         198.667      23.962         198.667      23.962              68              68
   83          51.000      -0.001          51.000       0.000              83              83
  136         198.668     -23.963         198.667     -23.962             136             136
  111         286.947      97.805         286.948      97.806             111             111
  247         -24.415    -544.195         -24.418    -544.193             247             247
  148        -206.996    -422.002        -207.000    -422.000             148             148
   23         186.336      42.936         186.335      42.934              23              23
   97         -60.948     221.805         -60.948     221.806              97              97
  173          59.422      11.163          59.416      11.165             173             173
