SINAL     NFT                         FFT                         NFT INVERSA     FFT INVERSA
-----     -----------------------     -----------------------     -----------     -----------
  125        2031.000       0.000        2031.000       0.000             125             125
  110         -27.787    -141.511         -27.786    -141.511             110             110
  225          -4.520    -121.233          -4.520    -121.233             225             225
  101        -265.276     -81.828        -265.276     -81.827             101             101
  242          39.000      48.000          39.000      48.000             242             242
    8         -80.922     -78.625         -80.922     -78.624               8               8
  153        -219.478    -283.233        -219.480    -283.233             153             153
  148         317.984     293.694         317.984     293.693             148             148
  139         451.000       0.001         451.000       0.000             139             139
  185         317.985    -293.691         317.985    -293.693             185             185
   35        -219.483     283.231        -219.480     283.233              35              35
  142         -80.922      78.622         -80.922      78.624             142             142
  134          39.001     -48.001          39.000     -48.000             134             134
   68        -265.275      81.824        -265.276      81.827              68              68
  188          -4.518     121.231          -4.520     121.233             188             188
   28         -27.781     141.508         -27.787     141.510              28              28
