SINAL     NFT                         FFT                         NFT INVERSA     FFT INVERSA
-----     -----------------------     -----------------------     -----------     -----------
  103        1809.000       0.000        1809.000       0.000             103             103
  159         103.421    -513.261         103.421    -513.261             159             159
  171        -195.937      72.426        -195.936      72.426             171             171
  145         -95.951     -87.891         -95.950     -87.891             145             145
  230          99.000    -118.000          99.000    -118.000             230             230
  205        -152.465    -235.617        -152.466    -235.617             205             205
  101          69.936      12.427          69.936      12.426             101             101
  145         128.995      87.014         128.995      87.014             145             145
  107         -75.000      -0.001         -75.000       0.000             107             107
   44         128.996     -87.013         128.995     -87.013              44              44
    6          69.936     -12.426          69.936     -12.426               6               6
   93        -152.467     235.616        -152.466     235.617              93              93
   43          99.000     118.000          99.000     118.000              43              43
  122         -95.950      87.889         -95.951      87.891             122             122
  106        -195.932     -72.429        -195.936     -72.426             106             106
   29         103.422     513.260         103.421     513.261              29              29
