SINAL     NFT                         FFT                         NFT INVERSA     FFT INVERSA
-----     -----------------------     -----------------------     -----------     -----------
  207        1684.000       0.000        1684.000       0.000             207             207
   16         -79.443    -136.371         -79.443    -136.371              16              16
   86         295.171     461.713         295.171     461.713              86              86
   43         154.394     -44.934         154.394     -44.933              43              43
   38         132.000     -46.000         132.000     -46.000              38              38
  179          62.222     392.620          62.223     392.620             179             179
  240         300.827     157.713         300.828     157.713             240             240
   90        -145.175     133.180        -145.175     133.182              90              90
  209         188.000      -0.001         188.000       0.000             209             209
   72        -145.173    -133.185        -145.174    -133.182              72              72
   39         300.830    -157.713         300.828    -157.713              39              39
   24          62.227    -392.621          62.224    -392.620              24              24
   80         132.001      46.000         132.000      46.000              80              80
  130         154.395      44.933         154.394      44.934             130             130
   37         295.177    -461.711         295.172    -461.713              37              37
  194         -79.440     136.370         -79.443     136.371             194             194
