SINAL     NFT                         FFT                         NFT INVERSA     FFT INVERSA
-----     -----------------------     -----------------------     -----------     -----------
  197        2085.000       0.000        2085.000       0.000             197             197
   13         -67.235     322.490         -67.234     322.490              13              13
   45        -260.510     341.599        -260.510     341.600              45              45
   12         127.988     154.342         127.988     154.342              12              12
  216         101.000    -112.001         101.000    -112.000             216             216
  160         167.167    -295.419         167.166    -295.419             160             160
   96         -79.491     215.599         -79.490     215.600              96              96
  161         252.081    -175.271         252.080    -175.271             161             161
   77         585.000       0.002         585.000       0.000              77              77
   72         252.077     175.272         252.079     175.272              72              72
  232         -79.489    -215.602         -79.490    -215.600             232             232
   81         167.164     295.419         167.166     295.419              81              81
  228         100.999     111.998         101.000     112.000             228             228
  186         127.989    -154.344         127.988    -154.342             186             186
  244        -260.505    -341.605        -260.509    -341.600             244             244
   65         -67.224    -322.491         -67.234    -322.490              65              65
