SINAL     NFT                         FFT                         NFT INVERSA     FFT INVERSA
-----     -----------------------     -----------------------     -----------     -----------
  216        2072.000       0.000        2072.000       0.000             216             216
  245         183.481      34.780         183.481      34.781             245             245
  182         197.903    -446.297         197.903    -446.297             182             182
  240        -181.591    -427.251        -181.591    -427.251             240             240
    0         167.000     -73.000         167.000     -73.000              -0               0
   16         131.358     316.036         131.359     316.036              16              16
  126          38.099    -508.298          38.097    -508.297             126             126
   85         170.752    -173.932         170.751    -173.933              85              85
  140         -30.000       0.000         -30.000       0.000             140             140
  233         170.751     173.934         170.751     173.933             233             233
   16          38.094     508.296          38.097     508.297              16              16
  145         131.362    -316.037         131.359    -316.036             145             145
  238         167.000      73.001         167.000      73.000             238             238
   68        -181.593     427.248        -181.592     427.250              68              68
  103         197.903     446.295         197.903     446.297             103             103
   19         183.488     -34.784         183.481     -34.781              19              19
