SINAL     NFT                         FFT                         NFT INVERSA     FFT INVERSA
-----     -----------------------     -----------------------     -----------     -----------
   11        1538.000       0.000        1538.000       0.000              11              11
   72        -322.685     141.834        -322.685     141.835              72              72
   12           3.341     295.045           3.342     295.045              12              12
    5         -11.223      -5.060         -11.223      -5.060               5               5
  122          17.000      29.000          17.000      29.000             122             122
   99        -191.339     -76.406        -191.339     -76.405              99              99
  142        -323.341    -106.956        -323.342    -106.955             142             142
  159         -46.752    -253.511         -46.753    -253.510             159             159
  154         388.000       0.003         388.000       0.000             154             154
   89         -46.756     253.511         -46.754     253.511              89              89
  124        -323.343     106.952        -323.342     106.955             124             124
   55        -191.338      76.403        -191.339      76.405              55              55
  203          17.001     -29.001          17.000     -29.000             203             203
   13         -11.222       5.059         -11.223       5.060              13              13
  195           3.346    -295.046           3.342    -295.045             195             195
   83        -322.679    -141.837        -322.685    -141.835              83              83
