SINAL     NFT                         FFT                         NFT INVERSA     FFT INVERSA
-----     -----------------------     -----------------------     -----------     -----------
  167        2624.000       0.000        2624.000       0.000             167             167
  228         148.977    -225.908         148.978    -225.908             228             228
  141         128.082     258.745         128.083     258.745             141             141
  176        -151.381     -69.860        -151.381     -69.859             176             176
  216          23.999      43.999          24.000      44.000             216             216
  117         -83.638    -199.326         -83.638    -199.325             117             117
  229          31.918    -349.255          31.917    -349.255             229             229
  190         -21.960     248.625         -21.958     248.626             190             190
  194        -104.000      -0.002        -104.000       0.000             194             194
  135         -21.956    -248.626         -21.958    -248.626             135             135
   16          31.915     349.255          31.917     349.255              16              16
  175         -83.639     199.322         -83.639     199.325             175             175
   65          24.002     -44.002          24.000     -44.000              65              65
  180        -151.379      69.855        -151.381      69.859             180             180
  232         128.090    -258.745         128.083    -258.745             232             232
  163         148.983     225.909         148.977     225.909             163             163
