SINAL     NFT                         FFT                         NFT INVERSA     FFT INVERSA
-----     -----------------------     -----------------------     -----------     -----------
  102        2290.000       0.000        2290.000       0.000             102             102
  215          91.178      -7.841          91.179      -7.841             215             215
  190        -306.293     -35.887        -306.293     -35.886             190             190
   57         -79.909    -110.486         -79.909    -110.485              57              57
  253          13.001    -579.000          13.000    -579.000             253             253
  135          27.174      14.475          27.174      14.475             135             135
  187        -307.706    -239.887        -307.707    -239.886             187             187
   48         161.556     297.120         161.556     297.120              48              48
   52         144.000       0.000         144.000       0.000              52              52
  247         161.558    -297.118         161.557    -297.119             247             247
   60        -307.709     239.884        -307.707     239.886              60              60
  115          27.175     -14.474          27.174     -14.475             115             115
  208          12.996     579.000          13.000     579.000             208             208
  229         -79.909     110.482         -79.909     110.485             229             229
  165        -306.290      35.881        -306.293      35.886             165             165
   27          91.186       7.840          91.179       7.841              27              27
