SINAL     NFT                         FFT                         NFT INVERSA     FFT INVERSA
-----     -----------------------     -----------------------     -----------     -----------
  173        2077.000       0.000        2077.000       0.000             173             173
  216         285.229    -222.576         285.229    -222.576             216             216
  210         269.395    -189.312         269.396    -189.312             210             210
  229          55.026    -232.839          55.026    -232.839             229             229
   29        -200.001     280.999        -200.000     281.000              29              29
   74         122.681     207.903         122.682     207.903              74              74
  146        -187.395    -171.314        -187.395    -171.312             146             146
  216         229.062     -77.833         229.063     -77.834             216             216
    0        -457.000      -0.003        -457.000       0.000              -0               0
  175         229.063      77.834         229.063      77.834             175             175
   47        -187.396     171.309        -187.396     171.312              47              47
  141         122.685    -207.904         122.682    -207.903             141             141
  103        -199.996    -281.002        -200.000    -281.000             103             103
   28          55.028     232.840          55.026     232.839              28              28
  102         269.398     189.313         269.395     189.312             102             102
  188         285.233     222.576         285.229     222.576             188             188
