SINAL     NFT                         FFT                         NFT INVERSA     FFT INVERSA
-----     -----------------------     -----------------------     -----------     -----------
   12        2005.000       0.000        2005.000       0.000              12              12
  210        -132.054      34.584        -132.054      34.584             210             210
   91         114.022     120.244         114.023     120.244              91              91
  122          13.693    -187.953          13.693    -187.952             122             122
   36        -396.000     -33.001        -396.000     -33.000              36              36
   84          45.117     146.197          45.118     146.197              84              84
  255        -388.021    -449.757        -388.023    -449.756             255             255
  193          69.243       8.735          69.243       8.734             193             193
   13        -465.000      -0.002        -465.000       0.000              13              13
  254          69.243      -8.732          69.243      -8.734             254             254
   58        -388.025     449.753        -388.023     449.756              58              58
  148          45.120    -146.197          45.118    -146.197             148             148
  126        -395.999      32.997        -396.000      33.000             126             126
   86          13.695     187.952          13.693     187.952              86              86
  179         114.027    -120.244         114.023    -120.244             179             179
  138        -132.048     -34.586        -132.054     -34.585             138             138
