SINAL     NFT                         FFT                         NFT INVERSA     FFT INVERSA
-----     -----------------------     -----------------------     -----------     -----------
  133        1976.000       0.000        1976.000       0.000             133             133
   87        -208.745     171.205        -208.744     171.205              87              87
   72          46.038      98.092          46.038      98.092              72              72
   19          77.493     135.298          77.494     135.299              19              19
  172          29.000       8.999          29.000       9.000             172             172
  130        -254.848    -361.102        -254.849    -361.101             130             130
   99         137.963     -59.908         137.962     -59.908              99              99
  136         102.100      70.806         102.100      70.806             136             136
  204         294.000       0.001         294.000       0.000             204             204
   98         102.100     -70.806         102.100     -70.806              98              98
  165         137.961      59.909         137.962      59.908             165             165
  203        -254.852     361.097        -254.850     361.100             203             203
   73          29.001      -9.002          29.000      -9.000              73              73
  101          77.496    -135.300          77.494    -135.299             101             101
  217          46.041     -98.093          46.038     -98.092             217             217
   67        -208.737    -171.208        -208.744    -171.205              67              67
