SINAL     NFT                         FFT                         NFT INVERSA     FFT INVERSA
-----     -----------------------     -----------------------     -----------     -----------
  144        2281.000       0.000        2281.000       0.000             144             144
  180          23.481     -88.953          23.481     -88.953             180             180
   53          36.642     144.979          36.643     144.979              53              53
  188        -258.981      13.116        -258.981      13.116             188             188
  220         388.000     -51.000         388.000     -51.000             220             220
   94         161.139     -44.298         161.140     -44.298              94              94
  116        -230.643    -169.022        -230.643    -169.021             116             116
  190         -33.640     -34.367         -33.640     -34.367             190             190
  171        -149.000      -0.001        -149.000       0.000             171             171
  188         -33.640      34.366         -33.640      34.367             188             188
   38        -230.643     169.018        -230.643     169.021              38              38
   60         161.142      44.297         161.140      44.298              60              60
  192         388.000      51.001         388.000      51.000             192             192
  171        -258.979     -13.121        -258.981     -13.117             171             171
  132          36.648    -144.980          36.643    -144.979             132             132
  144          23.487      88.952          23.481      88.953             144             144
