SINAL     NFT                         FFT                         NFT INVERSA     FFT INVERSA
-----     -----------------------     -----------------------     -----------     -----------
   19        1795.000       0.000        1795.000       0.000              19              19
   72        -371.215     141.071        -371.215     141.071              72              72
  135         -51.511      88.707         -51.511      88.707             135             135
   43         138.357    -309.305         138.357    -309.305              43              43
   25        -370.001     114.999        -370.000     115.000              25              25
  106         -25.279     133.229         -25.279     133.229             106             106
  231        -208.488     -87.294        -208.489     -87.293             231             231
  215         190.137      43.606         190.136      43.605             215             215
   36         -95.000      -0.001         -95.000       0.000              36              36
  163         190.136     -43.604         190.136     -43.605             163             163
  126        -208.490      87.291        -208.489      87.293             126             126
  194         -25.278    -133.230         -25.279    -133.229             194             194
  160        -369.998    -115.002        -370.000    -115.000             160             160
   74         138.356     309.306         138.357     309.305              74              74
  118         -51.509     -88.709         -51.511     -88.707             118             118
   78        -371.208    -141.075        -371.215    -141.072              78              78
