SINAL     NFT                         FFT                         NFT INVERSA     FFT INVERSA
-----     -----------------------     -----------------------     -----------     -----------
  187        2407.000       0.000        2407.000       0.000             187             187
   94         -37.373     -24.446         -37.372     -24.446              94              94
  150        -168.412     108.870        -168.411     108.870             150             150
  248         -76.485    -193.505         -76.485    -193.505             248             248
    9         -42.999    -160.000         -43.000    -160.000               9               9
  244         103.621     341.691         103.622     341.691             244             244
  231         510.411     -55.129         510.411     -55.130             231             231
   52        -161.763    -401.251        -161.765    -401.250              52              52
  230         331.000       0.002         331.000       0.000             230             230
   76        -161.767     401.248        -161.765     401.250              76              76
  162         510.411      55.131         510.411      55.130             162             162
   82         103.623    -341.692         103.622    -341.691              82              82
  237         -43.002     159.999         -43.000     160.000             237             237
  185         -76.486     193.502         -76.485     193.505             185             185
  163        -168.407    -108.874        -168.411    -108.870             163             163
   57         -37.365      24.444         -37.372      24.446              57              57
