SINAL     NFT                         FFT                         NFT INVERSA     FFT INVERSA
-----     -----------------------     -----------------------     -----------     -----------
   25        1942.000       0.000        1942.000       0.000              25              25
  213        -131.947      97.239        -131.947      97.239             213             213
   53         -82.551    -284.550         -82.551    -284.550              53              53
  128         -33.176      87.119         -33.176      87.119             128             128
  229          66.999      61.000          67.000      61.000             229             229
   20          37.075    -249.482          37.075    -249.481              20              20
   56        -669.448    -282.552        -669.449    -282.550              56              56
  192         116.048    -123.360         116.047    -123.361             192             192
   28        -148.000       0.000        -148.000       0.000              28              28
  237         116.046     123.363         116.047     123.361             237             237
  155        -669.451     282.546        -669.449     282.550             155             155
  145          37.075     249.481          37.075     249.481             145             145
  200          67.002     -61.001          67.000     -61.000             200             200
   22         -33.173     -87.119         -33.176     -87.119              22              22
  151         -82.551     284.548         -82.551     284.550             151             151
   88        -131.939     -97.242        -131.947     -97.239              88              88
