SINAL     NFT                         FFT                         NFT INVERSA     FFT INVERSA
-----     -----------------------     -----------------------     -----------     -----------
   75        1894.000       0.000        1894.000       0.000              75              75
    6         -84.712     292.409         -84.711     292.409               6               6
  152        -374.273     207.057        -374.273     207.057             152             152
   16        -177.014      33.284        -177.014      33.285              16              16
  125         163.000    -211.000         163.000    -211.000             125             125
  254        -643.818     -32.766        -643.818     -32.764             254             254
   18         416.274      63.059         416.273      63.058              18              18
   28         225.544      30.361         225.544      30.360              28              28
  245         256.000       0.001         256.000       0.000             245             245
   64         225.544     -30.359         225.544     -30.360              64              64
   40         416.271     -63.055         416.273     -63.057              40              40
  228        -643.820      32.759        -643.818      32.763             228             228
  174         162.999     211.000         163.000     211.000             174             174
  191        -177.014     -33.288        -177.014     -33.285             191             191
  246        -374.268    -207.062        -374.273    -207.058             246             246
   32         -84.702    -292.409         -84.711    -292.409              32              32
