SINAL     NFT                         FFT                         NFT INVERSA     FFT INVERSA
-----     -----------------------     -----------------------     -----------     -----------
   32        1758.000       0.000        1758.000       0.000              32              32
  122        -320.442    -215.453        -320.442    -215.453             122             122
  118         316.780     229.774         316.780     229.773             118             118
   12           9.981      90.164           9.982      90.165              12              12
   74        -117.000    -277.000        -117.000    -277.000              74              74
  223        -289.397     259.568        -289.396     259.568             223             223
  179        -176.780     -16.228        -176.780     -16.227             179             179
  146          43.856      13.951          43.856      13.952             146             146
  171        -180.000      -0.001        -180.000       0.000             171             171
  239          43.856     -13.951          43.856     -13.951             239             239
   47        -176.781      16.225        -176.780      16.227              47              47
   36        -289.393    -259.570        -289.396    -259.569              36              36
   59        -117.000     276.999        -117.000     277.000              59              59
   39           9.985     -90.165           9.982     -90.164              39              39
  109         316.784    -229.770         316.780    -229.773             109             109
  152        -320.439     215.450        -320.442     215.453             152             152
