SINAL     NFT                         FFT                         NFT INVERSA     FFT INVERSA
-----     -----------------------     -----------------------     -----------     -----------
  246        2188.000       0.000        2188.000       0.000             246             246
  156         207.309     328.031         207.310     328.031             156             156
  183          67.904    -113.527          67.905    -113.527             183             183
  115         -25.723    -319.843         -25.723    -319.843             115             115
   20        -105.999    -252.001        -106.000    -252.000              20              20
   29         398.985     134.484         398.985     134.483              29              29
  208         246.095      48.473         246.095      48.473             208             208
   27        -204.572     -21.645        -204.572     -21.643              27              27
  152         580.000       0.002         580.000       0.000             152             152
   88        -204.572      21.640        -204.572      21.643              88              88
  230         246.097     -48.473         246.095     -48.473             230             230
   66         398.986    -134.481         398.985    -134.483              66              66
  221        -106.002     251.998        -106.000     252.000             221             221
  255         -25.724     319.840         -25.724     319.843             255             255
  124          67.907     113.523          67.904     113.527             124             124
   68         207.320    -328.032         207.310    -328.031              68              68
