SINAL     NFT                         FFT                         NFT INVERSA     FFT INVERSA
-----     -----------------------     -----------------------     -----------     -----------
  113        1981.000       0.000        1981.000       0.000             113             113
   93          12.947    -187.563          12.947    -187.563              93              93
  232        -115.136    -314.335        -115.135    -314.335             232             232
  247        -219.437     -57.427        -219.437     -57.427             247             247
   47          64.000     -31.000          64.000     -31.000              47              47
  222        -108.997     217.977        -108.997     217.977             222             222
   22         449.134     267.667         449.136     267.666              22              22
   90          23.485     -64.159          23.486     -64.158              90              90
  186        -385.000      -0.003        -385.000       0.000             186             186
  119          23.487      64.157          23.486      64.158             119             119
   97         449.138    -267.664         449.136    -267.665              97              97
  149        -108.996    -217.978        -108.997    -217.977             149             149
   85          64.000      31.001          64.000      31.000              85              85
  173        -219.436      57.425        -219.437      57.427             173             173
   16        -115.135     314.333        -115.136     314.334              16              16
   90          12.952     187.560          12.947     187.563              90              90
