SINAL     NFT                         FFT                         NFT INVERSA     FFT INVERSA
-----     -----------------------     -----------------------     -----------     -----------
  123        2102.000       0.000        2102.000       0.000             123             123
  176        -101.597     -86.456        -101.596     -86.456             176             176
   70         158.684     374.454         158.685     374.454              70              70
   11          82.010      -7.559          82.010      -7.558              11              11
  160          55.000    -281.000          55.000    -281.000             160             160
  218         -88.922    -156.304         -88.922    -156.303             218             218
  142        -156.685      14.454        -156.685      14.454             142             142
  227         196.507     152.799         196.508     152.799             227             227
  101        -424.000      -0.003        -424.000       0.000             101             101
  197         196.510    -152.798         196.508    -152.799             197             197
   36        -156.684     -14.455        -156.685     -14.454              36              36
  110         -88.922     156.302         -88.922     156.303             110             110
   63          55.000     280.999          55.000     281.000              63              63
  181          82.012       7.556          82.010       7.558             181             181
  144         158.691    -374.454         158.685    -374.454             144             144
  143        -101.591      86.455        -101.596      86.456             143             143
