SINAL     NFT                         FFT                         NFT INVERSA     FFT INVERSA
-----     -----------------------     -----------------------     -----------     -----------
  250        2569.000       0.000        2569.000       0.000             250             250
  206         326.614    -275.523         326.614    -275.523             206             206
  236         310.156     125.066         310.156     125.066             236             236
  119         152.378      43.758         152.379      43.758             119             119
  213        -423.001     111.998        -423.000     112.000             213             213
   70         320.349    -264.887         320.349    -264.887              70              70
  250        -278.157      87.064        -278.157      87.066             250             250
  240         120.658     103.831         120.658     103.832             240             240
   20         373.000       0.000         373.000       0.000              20              20
  107         120.657    -103.833         120.658    -103.832             107             107
  228        -278.155     -87.069        -278.156     -87.066             228             228
   42         320.348     264.887         320.349     264.887              42              42
   41        -422.997    -112.006        -423.000    -112.000              41              41
  110         152.384     -43.759         152.379     -43.758             110             110
  233         310.162    -125.065         310.157    -125.066             233             233
  204         326.619     275.524         326.614     275.524             204             204
