SINAL     NFT                         FFT                         NFT INVERSA     FFT INVERSA
-----     -----------------------     -----------------------     -----------     -----------
  139        2415.000       0.000        2415.000       0.000             139             139
   96         -51.906      21.508         -51.906      21.509              96              96
  228           1.622     -41.361           1.622     -41.360             228             228
   55         181.842    -144.343         181.842    -144.343              55              55
  227         140.998     374.000         141.000     374.000             227             227
   72        -200.002     146.481        -200.001     146.482              72              72
  191        -241.623     168.638        -241.622     168.640             191             191
  175         -53.937     412.332         -53.935     412.334             175             175
  170         255.000      -0.001         255.000       0.000             170             170
  101         -53.933    -412.336         -53.935    -412.334             101             101
  123        -241.621    -168.642        -241.622    -168.640             123             123
  243        -199.998    -146.485        -200.001    -146.482             243             243
  202         141.005    -373.999         141.000    -374.000             202             202
   84         181.842     144.345         181.842     144.344              84              84
   55           1.625      41.360           1.622      41.360              55              55
  254         -51.898     -21.510         -51.905     -21.509             254             254
