SINAL     NFT                         FFT                         NFT INVERSA     FFT INVERSA
-----     -----------------------     -----------------------     -----------     -----------
  159        1933.000       0.000        1933.000       0.000             159             159
  192          10.697     166.582          10.697     166.583             192             192
  143         322.785      50.945         322.785      50.945             143             143
   26          40.884    -288.262          40.884    -288.262              26              26
   36        -342.000     -97.001        -342.000     -97.000              36              36
   30         230.864    -321.842         230.864    -321.842              30              30
  185          27.214     156.945          27.215     156.945             185             185
  191        -126.444       5.001        -126.444       5.002             191             191
  120         283.000       0.001         283.000       0.000             120             120
   54        -126.444      -5.003        -126.444      -5.002              54              54
  246          27.216    -156.945          27.215    -156.945             246             246
   67         230.861     321.844         230.863     321.842              67              67
   68        -342.000      96.996        -342.000      97.000              68              68
  185          40.884     288.260          40.884     288.262             185             185
  151         322.789     -50.945         322.785     -50.945             151             151
   80          10.704    -166.585          10.697    -166.583              80              80
