SINAL     NFT                         FFT                         NFT INVERSA     FFT INVERSA
-----     -----------------------     -----------------------     -----------     -----------
   35        1698.000       0.000        1698.000       0.000              35              35
   73         -87.457     110.925         -87.457     110.925              73              73
   51        -241.250     213.208        -241.250     213.208              51              51
   65           5.619      62.189           5.619      62.189              65              65
  147         137.999      76.000         138.000      76.000             147             147
  197        -374.680    -184.790        -374.680    -184.789             197             197
   25          47.250      27.208          47.250      27.208              25              25
  148         128.517      43.948         128.518      43.947             148             148
  117        -370.000      -0.002        -370.000       0.000             117             117
   73         128.518     -43.947         128.518     -43.947              73              73
   34          47.250     -27.208          47.250     -27.208              34              34
  221        -374.681     184.785        -374.680     184.788             221             221
  102         138.002     -76.000         138.000     -76.000             102             102
  136           5.620     -62.190           5.619     -62.189             136             136
  153        -241.246    -213.211        -241.250    -213.208             153             153
  121         -87.450    -110.925         -87.456    -110.925             121             121
