SINAL     NFT                         FFT                         NFT INVERSA     FFT INVERSA
-----     -----------------------     -----------------------     -----------     -----------
  152        2160.000       0.000        2160.000       0.000             152             152
  139         156.281      70.471         156.281      70.471             139             139
   44        -323.773    -163.200        -323.773    -163.200              44              44
  237         146.093     151.450         146.094     151.450             237             237
  249         114.999     377.000         115.000     377.000             249             249
   50         227.328    -340.021         227.328    -340.020              50              50
   87        -110.227    -135.200        -110.227    -135.199              87              87
  137         -65.703     -49.000         -65.703     -48.999             137             137
   36         -18.000      -0.000         -18.000       0.000              36              36
   54         -65.703      48.999         -65.703      48.999              54              54
  202        -110.227     135.198        -110.227     135.200             202             202
  220         227.326     340.020         227.327     340.021             220             220
  156         115.004    -377.001         115.000    -377.000             156             156
  113         146.096    -151.449         146.094    -151.450             113             113
  145        -323.772     163.196        -323.773     163.199             145             145
  139         156.290     -70.471         156.282     -70.471             139             139
