SINAL     NFT                         FFT                         NFT INVERSA     FFT INVERSA
-----     -----------------------     -----------------------     -----------     -----------
   51        1679.000       0.000        1679.000       0.000              51              51
  197           5.693    -157.752           5.693    -157.752             197             197
  187         239.123      -8.506         239.123      -8.506             187             187
    9         338.133     -91.503         338.133     -91.504               9               9
   11        -364.000    -327.001        -364.000    -327.000              11              11
  182        -143.744     514.500        -143.742     514.500             182             182
  249        -243.124     -32.508        -243.123     -32.506             249             249
   31        -128.086     192.251        -128.085     192.252              31              31
   33        -271.000      -0.002        -271.000       0.000              33              33
  221        -128.083    -192.253        -128.085    -192.252             221             221
   74        -243.123      32.504        -243.123      32.506              74              74
   75        -143.737    -514.501        -143.741    -514.500              75              75
   75        -364.000     326.998        -364.000     327.000              75              75
   51         338.136      91.506         338.134      91.504              51              51
   24         239.126       8.508         239.123       8.506              24              24
  209           5.696     157.751           5.693     157.752             209             209
