SINAL     NFT                         FFT                         NFT INVERSA     FFT INVERSA
-----     -----------------------     -----------------------     -----------     -----------
   75        2090.000       0.000        2090.000       0.000              75              75
  157        -437.794     578.997        -437.793     578.997             157             157
    8        -160.790    -158.710        -160.790    -158.709               8               8
    9         202.396    -170.946         202.396    -170.946               9               9
  118          61.001    -331.000          61.000    -331.000             118             118
   33         157.591       7.557         157.592       7.557              33              33
  238         -63.209    -320.709         -63.209    -320.709             238             238
   23        -274.195     301.499        -274.194     301.500              23              23
  163         140.000       0.000         140.000       0.000             163             163
  237        -274.192    -301.501        -274.194    -301.500             237             237
  215         -63.211     320.709         -63.210     320.709             215             215
  254         157.593      -7.556         157.592      -7.557             254             254
  232          60.998     331.000          61.000     331.000             232             232
  226         202.394     170.946         202.395     170.946             226             226
   66        -160.791     158.705        -160.791     158.709              66              66
   36        -437.781    -579.003        -437.793    -578.998              36              36
