SINAL     NFT                         FFT                         NFT INVERSA     FFT INVERSA
-----     -----------------------     -----------------------     -----------     -----------
  143        2200.000       0.000        2200.000       0.000             143             143
  177        -132.142     344.578        -132.141     344.578             177             177
  194         160.134    -402.004         160.134    -402.004             194             194
  108         -81.148    -421.121         -81.148    -421.121             108             108
   16         102.999     117.000         103.000     117.000              16              16
   55         -76.425     -57.430         -76.425     -57.430              55              55
   43          73.865     261.996          73.866     261.996              43              43
  187        -110.284    -239.732        -110.285    -239.730             187             187
  243         214.000       0.001         214.000       0.000             243             243
   82        -110.287     239.729        -110.285     239.731              82              82
  248          73.869    -261.997          73.867    -261.996             248             248
  179         -76.425      57.429         -76.425      57.430             179             179
  253         103.002    -116.999         103.000    -117.000             253             253
  124         -81.150     421.120         -81.149     421.121             124             124
   67         160.133     402.002         160.133     402.004              67              67
   81        -132.132    -344.583        -132.141    -344.578              81              81
