SINAL     NFT                         FFT                         NFT INVERSA     FFT INVERSA
-----     -----------------------     -----------------------     -----------     -----------
   50        1610.000       0.000        1610.000       0.000              50              50
   82          64.760    -114.951          64.760    -114.951              82              82
  241         221.258    -359.856         221.259    -359.856             241             241
  197         -94.422      10.805         -94.422      10.805             197             197
   24        -327.002     516.999        -327.000     517.000              24              24
   11        -110.758     215.463        -110.757     215.464              11              11
   90          -9.259      50.143          -9.258      50.144              90              90
  141           4.417     169.707           4.418     169.708             141             141
   84        -308.000      -0.003        -308.000       0.000              84              84
  124           4.420    -169.709           4.418    -169.708             124             124
  106          -9.258     -50.145          -9.258     -50.144             106             106
  186        -110.755    -215.466        -110.757    -215.464             186             186
    4        -326.995    -517.002        -327.000    -517.000               4               4
    4         -94.418     -10.803         -94.422     -10.805               4               4
   52         221.258     359.859         221.258     359.856              52              52
  214          64.764     114.950          64.760     114.951             214             214
