SINAL     NFT                         FFT                         NFT INVERSA     FFT INVERSA
-----     -----------------------     -----------------------     -----------     -----------
   30        2140.000       0.000        2140.000       0.000              30              30
   41         -61.095     220.825         -61.094     220.825              41              41
  197          65.766    -130.825          65.766    -130.825             197             197
  132        -417.001     370.161        -417.000     370.161             132             132
  174        -129.001     246.999        -129.000     247.000             174             174
   39        -229.818    -167.143        -229.819    -167.142              39              39
   27         132.233     265.176         132.234     265.175              27              27
  116        -184.089     339.519        -184.088     339.521             116             116
  253         -14.000      -0.002         -14.000       0.000             253             253
  131        -184.085    -339.523        -184.087    -339.521             131             131
  200         132.236    -265.174         132.234    -265.175             200             200
  187        -229.820     167.140        -229.819     167.142             187             187
   10        -128.997    -247.002        -129.000    -247.000              10              10
  204        -416.994    -370.164        -416.999    -370.161             204             204
  172          65.769     130.826          65.766     130.825             172             172
  227         -61.085    -220.825         -61.094    -220.824             227             227
