SINAL     NFT                         FFT                         NFT INVERSA     FFT INVERSA
-----     -----------------------     -----------------------     -----------     -----------
  235        1528.000       0.000        1528.000       0.000             235             235
   61         132.538      -1.295         132.538      -1.295              61              61
   44         384.211     110.352         384.212     110.352              44              44
  104         143.001     191.408         143.001     191.408             104             104
   60         254.999     101.000         255.000     101.000              60              60
   63         117.666     398.302         117.667     398.303              63              63
  133           3.789    -179.650           3.788    -179.648             133             133
   49          34.793       9.598          34.793       9.599              49              49
  128          90.000      -0.001          90.000       0.000             128             128
  173          34.793      -9.601          34.793      -9.600             173             173
   22           3.788     179.646           3.788     179.648              22              22
   46         117.672    -398.304         117.668    -398.303              46              46
  109         255.002    -101.000         255.000    -101.000             109             109
   12         143.005    -191.409         143.002    -191.408              12              12
   78         384.215    -110.349         384.212    -110.352              78              78
  211         132.542       1.295         132.538       1.295             211             211
