SINAL     NFT                         FFT                         NFT INVERSA     FFT INVERSA
-----     -----------------------     -----------------------     -----------     -----------
  155        2006.000       0.000        2006.000       0.000             155             155
    1         -61.852     240.367         -61.852     240.367               1               1
   12        -384.781     410.802        -384.780     410.802              12              12
  108         336.440     -65.649         336.439     -65.649             108             108
  133          70.999     277.000          71.000     277.000             133             133
  142          49.248     141.764          49.249     141.765             142             142
  253         108.781    -231.198         108.780    -231.197             253             253
   87          -7.837      35.781          -7.837      35.782              87              87
   76         252.000       0.000         252.000       0.000              76              76
   30          -7.837     -35.783          -7.837     -35.782              30              30
   92         108.779     231.196         108.780     231.198              92              92
  236          49.250    -141.767          49.249    -141.765             236             236
  236          71.003    -277.001          71.000    -277.000             236             236
  127         336.439      65.650         336.439      65.649             127             127
  172        -384.775    -410.808        -384.780    -410.803             172             172
  146         -61.843    -240.367         -61.851    -240.367             146             146
