SINAL     NFT                         FFT                         NFT INVERSA     FFT INVERSA
-----     -----------------------     -----------------------     -----------     -----------
    6        2212.000       0.000        2212.000       0.000               6               6
  166         -32.579      21.779         -32.579      21.779             166             166
  133         247.729     211.623         247.730     211.622             133             133
  167        -596.519      -6.291        -596.519      -6.290             167             167
  128         -72.000      60.000         -72.000      60.000             128             128
   20          59.381     -36.834          59.382     -36.833              20              20
  138        -255.731      31.621        -255.730      31.622             138             138
  230        -278.285     103.233        -278.284     103.235             230             230
  218        -260.000      -0.002        -260.000       0.000             218             218
  174        -278.283    -103.237        -278.284    -103.235             174             174
   84        -255.729     -31.624        -255.730     -31.622              84              84
   25          59.383      36.834          59.381      36.834              25              25
  100         -71.999     -60.001         -72.000     -60.000             100             100
  228        -596.516       6.284        -596.519       6.289             228             228
  169         247.737    -211.620         247.730    -211.622             169             169
  226         -32.572     -21.778         -32.579     -21.779             226             226
