SINAL     NFT                         FFT                         NFT INVERSA     FFT INVERSA
-----     -----------------------     -----------------------     -----------     -----------
  208        2261.000       0.000        2261.000       0.000             208             208
  168        -194.324     185.410        -194.323     185.410             168             168
   24          45.563     166.882          45.563     166.882              24              24
    0         474.329    -269.016         474.329    -269.017              -0               0
  145         456.999     -17.999         457.000     -18.000             145             145
  201         -69.009      49.391         -69.008      49.392             201             201
  127        -265.564     -31.120        -265.564     -31.118             127             127
  249         297.002      67.820         297.002      67.819             249             249
   81        -423.000      -0.003        -423.000       0.000              81              81
  203         297.003     -67.819         297.003     -67.819             203             203
   42        -265.563      31.115        -265.563      31.118              42              42
  252         -69.005     -49.394         -69.008     -49.392             252             252
  254         457.002      18.002         457.000      18.000             254             254
  108         474.327     269.019         474.329     269.017             108             108
   38          45.566    -166.885          45.564    -166.882              38              38
  161        -194.316    -185.414        -194.323    -185.410             161             161
