SINAL     NFT                         FFT                         NFT INVERSA     FFT INVERSA
-----     -----------------------     -----------------------     -----------     -----------
   34        1981.000       0.000        1981.000       0.000              34              34
    8        -210.849    -182.365        -210.849    -182.365               8               8
  115        -117.930     219.647        -117.929     219.647             115             115
  183        -450.612     176.605        -450.612     176.606             183             183
  208         299.000     -11.999         299.000     -12.000             208             208
  132         117.581     329.508         117.582     329.508             132             132
  129        -132.072     187.646        -132.071     187.647             129             129
  144        -156.123     162.535        -156.122     162.537             144             144
  209        -135.000      -0.002        -135.000       0.000             209             209
  190        -156.120    -162.539        -156.122    -162.537             190             190
   33        -132.069    -187.649        -132.071    -187.647              33              33
    4         117.586    -329.507         117.583    -329.507               4               4
  160         298.999      12.003         299.000      12.000             160             160
  205        -450.610    -176.610        -450.612    -176.606             205             205
   35        -117.924    -219.647        -117.929    -219.647              35              35
  192        -210.844     182.364        -210.849     182.365             192             192
