SINAL     NFT                         FFT                         NFT INVERSA     FFT INVERSA
-----     -----------------------     -----------------------     -----------     -----------
  223        2160.000       0.000        2160.000       0.000             223             223
   14         -24.809     -56.678         -24.809     -56.678              14              14
  185         -63.708     202.045         -63.707     202.045             185             185
   15         107.338     211.669         107.339     211.670              15              15
  236          53.000     -91.001          53.000     -91.000             236             236
  208        -182.348     -43.788        -182.348     -43.786             208             208
  105         -62.292     -13.956         -62.293     -13.955             105             105
  166         707.818     147.868         707.818     147.866             166             166
   71         338.000       0.000         338.000       0.000              71              71
  203         707.817    -147.863         707.818    -147.866             203             203
   60         -62.295      13.953         -62.293      13.955              60              60
  157        -182.349      43.783        -182.348      43.786             157             157
  121          53.000      90.998          53.000      91.000             121             121
   76         107.342    -211.671         107.339    -211.670              76              76
  248         -63.703    -202.047         -63.707    -202.045             248             248
   72         -24.803      56.677         -24.809      56.678              72              72
