SINAL     NFT                         FFT                         NFT INVERSA     FFT INVERSA
-----     -----------------------     -----------------------     -----------     -----------
   92        2237.000       0.000        2237.000       0.000              92              92
   97         -70.858     147.526         -70.857     147.526              97              97
  189        -226.744       8.986        -226.744       8.986             189             189
  129        -186.150    -432.310        -186.150    -432.310             129             129
  128         253.999     261.001         254.000     261.000             128             128
  119        -161.111     -28.706        -161.111     -28.705             119             119
   64          20.743     246.986          20.744     246.986              64              64
  248          94.118     103.131          94.119     103.131             248             248
  173        -213.000      -0.002        -213.000       0.000             173             173
   55          94.120    -103.132          94.119    -103.131              55              55
   60          20.745    -246.987          20.744    -246.986              60              60
  241        -161.111      28.704        -161.111      28.705             241             241
  240         254.003    -260.998         254.000    -261.000             240             240
  211        -186.154     432.308        -186.151     432.310             211             211
   66        -226.741      -8.990        -226.744      -8.986              66              66
  125         -70.848    -147.528         -70.857    -147.526             125             125
