SINAL     NFT                         FFT                         NFT INVERSA     FFT INVERSA
-----     -----------------------     -----------------------     -----------     -----------
    2        3972.000       0.000        3972.000       0.000               2               2
  133        -687.113     -67.551        -687.112     -67.551             133             133
  103        -294.552    -378.226        -294.552    -378.226             103             103
  210         326.611    -269.397         326.612    -269.397             210             210
  151         101.263    -413.047         101.264    -413.047             151             151
   67        -194.572     256.481        -194.570     256.481              67              67
   35        -861.724      -5.137        -861.724      -5.134              35              35
   62         386.657     608.042         386.659     608.041              62              62
  215        -574.999    -259.005        -575.000    -259.000             215             215
  196          11.186    -279.835          11.184    -279.834             196             196
  183          51.074    -152.815          51.073    -152.815             183             183
   85        -166.944    -126.361        -166.945    -126.360              85              85
  130          68.739    -253.047          68.737    -253.047             130             130
  232         -51.037    -156.847         -51.037    -156.847             232             232
  162        -306.792    -405.908        -306.796    -405.907             162             162
   57         271.210      19.971         271.210      19.966              57              57
   15         -66.000       0.002         -66.000       0.000              15              15
  227         271.209     -19.959         271.210     -19.965             227             227
  236        -306.802     405.906        -306.796     405.907             236             236
  255         -51.039     156.847         -51.038     156.847             255             255
   15          68.733     253.048          68.736     253.047              15              15
  133        -166.947     126.357        -166.945     126.360             133             133
  227          51.070     152.815          51.072     152.815             227             227
  200          11.178     279.833          11.184     279.834             200             200
  155        -575.003     258.986        -575.000     259.000             155             155
  137         386.669    -608.037         386.660    -608.041             137             137
  150        -861.724       5.121        -861.724       5.133             150             150
    2        -194.557    -256.481        -194.570    -256.481               2               2
    6         101.264     413.053         101.263     413.047               6               6
   14         326.610     269.403         326.611     269.398              14              14
  168        -294.554     378.217        -294.552     378.226             168             168
    9        -687.089      67.531        -687.112      67.550               9               9
