SINAL     NFT                         FFT                         NFT INVERSA     FFT INVERSA
-----     -----------------------     -----------------------     -----------     -----------
  154        4799.000       0.000        4799.000       0.000             154             154
  215         -50.034      54.944         -50.033      54.944             215             215
   45        -131.621    -331.393        -131.621    -331.393              45              45
  134         514.474     149.251         514.474     149.250             134             134
   86         611.076     974.099         611.080     974.098              86              86
   98          50.065    -179.218          50.067    -179.217              98              98
  215           6.097     102.180           6.099     102.181             215             215
  253        -230.646     -60.960        -230.645     -60.958             253             253
  202          -5.002     189.999          -5.000     190.000             202             202
  164         321.858     100.726         321.861     100.727             164             164
   40        -407.071     -55.290        -407.069     -55.285              40              40
  198         144.952    -125.289         144.952    -125.288             198             198
   41        -161.080    -317.905        -161.080    -317.903              41              41
  123        -221.361    -229.053        -221.361    -229.052             123             123
  185        -235.410     171.138        -235.409     171.141             185             185
  247          22.689    -431.602          22.686    -431.601             247             247
   85        -329.000      -0.002        -329.000       0.000              85              85
  126          22.681     431.601          22.685     431.601             126             126
  107        -235.406    -171.145        -235.408    -171.141             107             107
   62        -221.362     229.048        -221.361     229.051              62              62
  219        -161.081     317.898        -161.080     317.902             219             219
  252         144.953     125.286         144.952     125.288             252             252
  254        -407.066      55.274        -407.069      55.285             254             254
  188         321.867    -100.726         321.861    -100.726             188             188
  229          -4.994    -190.003          -5.000    -190.000             229             229
  109        -230.640      60.951        -230.645      60.958             109             109
   45           6.109    -102.185           6.099    -102.181              45              45
   42          50.075     179.210          50.067     179.217              42              42
   99         611.108    -974.090         611.081    -974.097              99              99
  100         514.483    -149.235         514.475    -149.249             100             100
  229        -131.617     331.391        -131.621     331.393             229             229
  253         -50.002     -54.947         -50.033     -54.944             253             253
