SINAL     NFT                         FFT                         NFT INVERSA     FFT INVERSA
-----     -----------------------     -----------------------     -----------     -----------
  147        3446.000       0.000        3446.000       0.000             147             147
   16         259.616     443.658         259.617     443.658              16              16
  220        -598.139    -492.617        -598.139    -492.616             220             220
   43         190.780     -39.052         190.781     -39.052              43              43
   83        -241.217     287.817        -241.215     287.818              83              83
  255        -102.668    -362.392        -102.670    -362.391             255             255
  106         334.779     169.695         334.780     169.695             106             106
   43         -16.550       6.335         -16.549       6.336              43              43
  196        -173.999    -366.001        -174.000    -366.000             196             196
   33         -81.150     168.351         -81.149     168.351              33              33
  128        -577.055    -172.611        -577.058    -172.608             128             128
   70          91.244     581.975          91.245     581.975              70              70
    9         279.217     113.818         279.215     113.818               9               9
   34         492.127    -134.644         492.125    -134.646              34              34
  128         132.418     -90.918         132.417     -90.917             128             128
   25         294.602      61.715         294.601      61.713              25              25
    6         690.000       0.005         690.000       0.000               6               6
  108         294.599     -61.712         294.601     -61.713             108             108
   24         132.414      90.917         132.416      90.918              24              24
   21         492.121     134.649         492.124     134.646              21              21
  242         279.212    -113.819         279.215    -113.818             242             242
  252          91.247    -581.975          91.245    -581.975             252             252
  221        -577.063     172.600        -577.058     172.607             221             221
  142         -81.145    -168.352         -81.149    -168.351             142             142
  134        -174.004     365.996        -174.000     366.000             134             134
  116         -16.545      -6.340         -16.549      -6.336             116             116
  145         334.785    -169.690         334.780    -169.694             145             145
  140        -102.676     362.386        -102.670     362.391             140             140
  130        -241.206    -287.826        -241.215    -287.818             130             130
   58         190.785      39.056         190.780      39.052              58              58
  149        -598.138     492.599        -598.140     492.616             149             149
   22         259.651    -443.658         259.618    -443.658              22              22
