SINAL     NFT                         FFT                         NFT INVERSA     FFT INVERSA
-----     -----------------------     -----------------------     -----------     -----------
  156        4130.000       0.000        4130.000       0.000             156             156
  162         300.992    -317.288         300.992    -317.288             162             162
  245         765.111    -388.190         765.112    -388.190             245             245
  199           1.801    -283.811           1.802    -283.811             199             199
  223         -91.011     377.922         -91.009     377.922             223             223
  178        -114.368    -393.002        -114.368    -393.002             178             178
  121         -28.100     320.138         -28.098     320.138             121             121
    8         -70.568     438.554         -70.565     438.555               8               8
  243          39.000    -163.001          39.000    -163.000             243             243
   65          27.483    -293.697          27.483    -293.697              65              65
   14        -451.700     259.765        -451.699     259.767              14              14
   40         429.113     317.183         429.116     317.181              40              40
  169        -148.994     143.919        -148.992     143.922             169             169
   97         141.355      42.552         141.357      42.553              97              97
  208        -529.318     195.432        -529.316     195.438             208             208
  251         -99.816      86.637         -99.817      86.641             251             251
   79         520.000       0.002         520.000       0.000              79              79
  155         -99.819     -86.646         -99.817     -86.641             155             155
  121        -529.313    -195.448        -529.316    -195.439             121             121
   18         141.360     -42.554         141.358     -42.553              18              18
  183        -148.987    -143.928        -148.991    -143.922             183             183
  146         429.121    -317.177         429.116    -317.181             146             146
  177        -451.694    -259.773        -451.698    -259.768             177             177
   21          27.482     293.697          27.483     293.697              21              21
   53          39.001     162.996          39.000     163.000              53              53
   28         -70.554    -438.560         -70.564    -438.555              28              28
  133         -28.087    -320.137         -28.097    -320.138             133             133
   51        -114.368     392.999        -114.368     393.001              51              51
   76         -90.991    -377.925         -91.008    -377.922              76              76
  153           1.812     283.813           1.802     283.811             153             153
  124         765.121     388.203         765.112     388.192             124             124
  233         301.010     317.287         300.992     317.288             233             233
