SINAL     NFT                         FFT                         NFT INVERSA     FFT INVERSA
-----     -----------------------     -----------------------     -----------     -----------
   30        3853.000       0.000        3853.000       0.000              30              30
   23        -211.783      -2.745        -211.782      -2.745              23              23
  101        -516.354     102.390        -516.353     102.391             101             101
   29        -316.065     139.689        -316.065     139.690              29              29
   82         414.260     284.799         414.260     284.798              82              82
  127           3.907      65.079           3.908      65.079             127             127
  217         -20.998     320.003         -20.996     320.003             217             217
  229         121.624    -544.161         121.623    -544.162             229             229
   22        -180.003     323.000        -180.000     323.000              22              22
  248        -208.153     267.986        -208.151     267.987             248             248
  200         314.225     680.975         314.230     680.974             200             200
   15        -443.348    -329.586        -443.349    -329.581              15              15
  116        -294.261      92.796        -294.261      92.797             116             116
   61         -58.655     630.685         -58.651     630.687              61              61
  125         -72.879    -224.643         -72.881    -224.639             125             125
  229          72.467     -64.941          72.466     -64.940             229             229
  160        -101.000      -0.002        -101.000       0.000             160             160
   36          72.465      64.939          72.466      64.940              36              36
   57         -72.885     224.634         -72.882     224.639              57              57
  242         -58.644    -630.691         -58.651    -630.687             242             242
   29        -294.260     -92.801        -294.260     -92.798              29              29
   95        -443.350     329.571        -443.349     329.580              95              95
  145         314.243    -680.972         314.231    -680.974             145             145
  112        -208.146    -267.989        -208.151    -267.987             112             112
  242        -179.991    -322.999        -180.000    -323.000             242             242
  165         121.618     544.164         121.623     544.162             165             165
  108         -20.988    -320.006         -20.996    -320.003             108             108
   97           3.913     -65.079           3.908     -65.078              97              97
  167         414.267    -284.789         414.261    -284.797             167             167
   72        -316.061    -139.693        -316.064    -139.690              72              72
   75        -516.341    -102.398        -516.353    -102.391              75              75
  197        -211.755       2.744        -211.782       2.745             197             197
