SINAL     NFT                         FFT                         NFT INVERSA     FFT INVERSA
-----     -----------------------     -----------------------     -----------     -----------
  149        5133.000       0.000        5133.000       0.000             149             149
  238        -604.339     709.896        -604.338     709.896             238             238
  173         381.364    -293.245         381.364    -293.245             173             173
   98         640.469    -114.408         640.470    -114.408              98              98
  130         249.107    -378.350         249.108    -378.350             130             130
   74         -52.022     205.103         -52.019     205.104              74              74
    4         -83.224      -5.403         -83.223      -5.402               4               4
   26          88.264     291.252          88.266     291.253              26              26
  129         126.998    -140.001         127.000    -140.000             129             129
  148        -627.335     -92.530        -627.334     -92.525             148             148
  184        -112.825    -157.498        -112.826    -157.495             184             184
   79        -251.170    -468.171        -251.173    -468.169              79              79
  209         -11.108     109.650         -11.108     109.650             209             209
  233         304.707    -136.517         304.707    -136.520             233             233
   29        -249.317     158.659        -249.315     158.662              29              29
  184          37.420      65.279          37.420      65.281             184             184
  207         -39.000      -0.002         -39.000       0.000             207             207
  249          37.421     -65.281          37.421     -65.280             249             249
  246        -249.312    -158.665        -249.315    -158.662             246             246
  243         304.706     136.523         304.707     136.520             243             243
  250         -11.108    -109.649         -11.108    -109.650             250             250
  201        -251.180     468.165        -251.174     468.169             201             201
  235        -112.828     157.490        -112.826     157.495             235             235
  230        -627.331      92.511        -627.334      92.524             230             230
  243         127.005     139.997         127.000     140.000             243             243
  140          88.277    -291.255          88.267    -291.253             140             140
  124         -83.216       5.398         -83.222       5.402             124             124
  193         -52.006    -205.105         -52.019    -205.104             193             193
   20         249.113     378.354         249.108     378.350              20              20
   80         640.477     114.416         640.469     114.409              80              80
  215         381.366     293.244         381.364     293.245             215             215
  170        -604.295    -709.913        -604.337    -709.897             170             170
