SINAL     NFT                         FFT                         NFT INVERSA     FFT INVERSA
-----     -----------------------     -----------------------     -----------     -----------
   55        4077.000       0.000        4077.000       0.000              55              55
   24         -47.710     -19.595         -47.709     -19.595              24              24
   27          19.176    -143.247          19.177    -143.247              27              27
  216        -573.363      11.937        -573.362      11.937             216             216
  253        -298.861     247.336        -298.860     247.336             253             253
   72         242.860     365.833         242.862     365.832              72              72
  223        -276.658     162.102        -276.657     162.103             223             223
  193        -134.579     193.825        -134.579     193.825             193             193
  101         320.997     586.001         321.000     586.000             101             101
   39          94.210     335.706          94.212     335.708              39              39
   50         292.496     -14.175         292.498     -14.174              50              50
  123        -446.398    -106.225        -446.398    -106.220             123             123
  131         150.863    -538.663         150.860    -538.664             131             131
  148        -273.948     210.845        -273.945     210.847             148             148
  183         -91.020     256.474         -91.018     256.476             183             183
   40        -397.079    -118.758        -397.082    -118.752              40              40
  247         521.000       0.004         521.000       0.000             247             247
   74        -397.085     118.745        -397.082     118.752              74              74
  134         -91.014    -256.479         -91.017    -256.476             134             134
  210        -273.940    -210.849        -273.944    -210.847             210             210
  165         150.854     538.665         150.860     538.664             165             165
   14        -446.397     106.208        -446.398     106.219              14              14
  150         292.502      14.172         292.498      14.174             150             150
   29          94.219    -335.712          94.213    -335.707              29              29
  215         321.009    -585.997         321.000    -586.000             215             215
  133        -134.577    -193.826        -134.579    -193.825             133             133
   87        -276.652    -162.108        -276.657    -162.103              87              87
  173         242.870    -365.827         242.862    -365.832             173             173
  143        -298.854    -247.338        -298.860    -247.336             143             143
   92        -573.353     -11.944        -573.362     -11.938              92              92
  135          19.190     143.250          19.177     143.247             135             135
  198         -47.682      19.595         -47.709      19.595             198             198
