SINAL     NFT                         FFT                         NFT INVERSA     FFT INVERSA
-----     -----------------------     -----------------------     -----------     -----------
   14        3945.000       0.000        3945.000       0.000              14              14
  140        -477.980    -131.587        -477.980    -131.586             140             140
  126         410.661     134.217         410.662     134.217             126             126
  233         -59.011     118.180         -59.010     118.180             233             233
   31        -670.166    -114.552        -670.165    -114.550              31              31
   53        -431.019    -221.413        -431.020    -221.411              53              53
  229          59.720    -317.370          59.719    -317.371             229             229
   12        -437.104    -433.162        -437.105    -433.160              12              12
   55          56.001     -58.998          56.000     -59.000              55              55
   96        -434.192     504.817        -434.190     504.820              96              96
  198         346.207    -163.567         346.205    -163.568             198             198
  130         379.685     170.001         379.687     170.000             130             130
  243        -139.833    -452.552        -139.835    -452.550             243             243
  100        -249.913    -125.754        -249.913    -125.752             100             100
  200        -188.579    -655.981        -188.586    -655.981             200             200
   88         -74.471     299.054         -74.470     299.051              88              88
  237         323.000       0.004         323.000       0.000             237             237
  233         -74.468    -299.049         -74.469    -299.051             233             233
   19        -188.594     655.982        -188.586     655.981              19              19
  182        -249.914     125.749        -249.914     125.752             182             182
  226        -139.838     452.546        -139.835     452.550             226             226
  153         379.692    -169.997         379.687    -169.999             153             153
   33         346.199     163.572         346.204     163.569              33              33
  135        -434.184    -504.826        -434.189    -504.820             135             135
   39          55.998      59.005          56.000      59.000              39              39
    5        -437.113     433.155        -437.106     433.160               5               5
   92          59.715     317.370          59.719     317.370              92              92
   87        -431.023     221.400        -431.020     221.411              87              87
  250        -670.159     114.533        -670.165     114.550             250             250
  155         -58.994    -118.185         -59.010    -118.180             155             155
  142         410.676    -134.210         410.662    -134.217             142             142
    9        -477.959     131.575        -477.980     131.586               9               9
