SINAL     NFT                         FFT                         NFT INVERSA     FFT INVERSA
-----     -----------------------     -----------------------     -----------     -----------
  244        3962.000       0.000        3962.000       0.000             244             244
  145         255.612     314.819         255.613     314.820             145             145
  179         228.146    -170.570         228.147    -170.570             179             179
  115        -217.520    -371.306        -217.520    -371.305             115             115
   98         447.901     102.616         447.902     102.615              98              98
  144        -188.645    -184.316        -188.645    -184.314             144             144
  197         643.994    -183.708         643.994    -183.710             197             197
   44         258.313    -171.318         258.314    -171.319              44              44
   44         105.997     148.000         106.000     148.000              44              44
  141        -115.981     189.053        -115.978     189.054             141             141
   28        -195.302     356.603        -195.300     356.606              28              28
   87         496.021     -18.905         496.022     -18.905              87              87
   94         -49.902    -139.387         -49.902    -139.385              94              94
    7         -26.609     300.527         -26.606     300.530               7               7
  117         -36.838    -210.257         -36.840    -210.254             117             117
  254         530.798     253.621         530.801     253.619             254             254
  120        -426.000      -0.009        -426.000       0.000             120             120
  227         530.805    -253.616         530.801    -253.619             227             227
   20         -36.844     210.250         -36.840     210.254              20              20
  105         -26.602    -300.534         -26.606    -300.530             105             105
   14         -49.901     139.381         -49.902     139.385              14              14
  201         496.022      18.907         496.022      18.906             201             201
  108        -195.295    -356.613        -195.300    -356.606             108             108
  217        -115.972    -189.058        -115.978    -189.054             217             217
  160         106.008    -147.999         106.000    -148.000             160             160
   93         258.317     171.322         258.314     171.319              93              93
  128         643.993     183.718         643.994     183.710             128             128
  197        -188.646     184.306        -188.645     184.314             197             197
  163         447.908    -102.611         447.902    -102.615             163             163
   65        -217.520     371.296        -217.520     371.304              65              65
   54         228.158     170.565         228.147     170.570              54              54
  152         255.644    -314.822         255.613    -314.820             152             152
