SINAL     NFT                         FFT                         NFT INVERSA     FFT INVERSA
-----     -----------------------     -----------------------     -----------     -----------
  100        3591.000       0.000        3591.000       0.000             100             100
   18          98.787    -320.802          98.788    -320.803              18              18
   84           0.631     203.123           0.632     203.123              84              84
  230          66.441       5.347          66.442       5.347             230             230
   48        -456.831     340.020        -456.829     340.021              48              48
  148          -0.042     -91.803          -0.042     -91.803             148             148
  254         146.451     454.914         146.453     454.914             254             254
   17           6.478    -124.457           6.478    -124.456              17              17
   68         -94.003     379.000         -94.000     379.000              68              68
  188        -691.470     558.374        -691.467     558.380             188             188
  118         186.200      96.437         186.198      96.439             118             118
  155         438.245      -1.575         438.244      -1.575             155             155
  106         364.830    -315.979         364.829    -315.979             106             106
  174        -145.586    -248.525        -145.586    -248.523             174             174
  153         122.713     148.648         122.716     148.648             153             153
  110        -140.859      49.933        -140.858      49.936             110             110
  146        -195.000      -0.004        -195.000       0.000             146             146
    0        -140.855     -49.940        -140.857     -49.936              -0               0
    3         122.719    -148.647         122.716    -148.648               3               3
  109        -145.587     248.521        -145.587     248.523             109             109
  202         364.827     315.980         364.829     315.979             202             202
  103         438.243       1.575         438.244       1.575             103             103
   34         186.195     -96.442         186.198     -96.439              34              34
  132        -691.460    -558.394        -691.466    -558.380             132             132
   64         -93.990    -379.001         -94.000    -379.000              64              64
   23           6.480     124.456           6.478     124.457              23              23
   79         146.464    -454.912         146.454    -454.914              79              79
  215          -0.043      91.803          -0.042      91.803             215             215
   68        -456.818    -340.029        -456.829    -340.021              68              68
  103          66.452      -5.344          66.442      -5.347             103             103
  171           0.649    -203.120           0.633    -203.123             171             171
  168          98.805     320.806          98.788     320.803             168             168
