SINAL     NFT                         FFT                         NFT INVERSA     FFT INVERSA
-----     -----------------------     -----------------------     -----------     -----------
  183        3694.000       0.000        3694.000       0.000             183             183
   18         -53.435    -283.675         -53.435    -283.675              18              18
    4        -388.405     -67.245        -388.405     -67.245               4               4
  205         -55.783     195.638         -55.782     195.638             205             205
  140         500.367     200.127         500.368     200.127             140             140
   41        -301.410     171.870        -301.408     171.871              41              41
  187        -247.151     244.412        -247.150     244.413             187             187
  159        -113.123     118.191        -113.123     118.192             159             159
  238         249.000     189.000         249.000     189.000             238             238
  156         168.329      62.312         168.329      62.313             156             156
  196         491.491     -58.102         491.490     -58.103             196             196
   46         274.228      21.629         274.230      21.631              46              46
  118        -468.365    -393.881        -468.368    -393.874             118             118
   77         572.340    -696.658         572.333    -696.662              77              77
   44         -31.933    -225.759         -31.935    -225.761              44              44
  216         532.852     470.392         532.856     470.388             216             216
   55         -96.000      -0.004         -96.000       0.000              55              55
  214         532.861    -470.381         532.856    -470.387             214             214
   16         -31.939     225.764         -31.936     225.761              16              16
   98         572.322     696.668         572.332     696.662              98              98
  130        -468.374     393.862        -468.368     393.873             130             130
   44         274.233     -21.633         274.230     -21.630              44              44
   99         491.489      58.105         491.490      58.103              99              99
  239         168.328     -62.317         168.329     -62.313             239             239
   44         249.000    -189.001         249.000    -189.000              44              44
  244        -113.124    -118.199        -113.123    -118.193             244             244
   23        -247.146    -244.422        -247.150    -244.414              23              23
   35        -301.400    -171.880        -301.408    -171.872              35              35
  116         500.376    -200.119         500.368    -200.126             116             116
   59         -55.776    -195.639         -55.782    -195.638              59              59
  206        -388.396      67.238        -388.405      67.244             206             206
   44         -53.416     283.671         -53.435     283.675              44              44
