SINAL     NFT                         FFT                         NFT INVERSA     FFT INVERSA
-----     -----------------------     -----------------------     -----------     -----------
  191        4238.000       0.000        4238.000       0.000             191             191
  103         325.756     156.355         325.757     156.355             103             103
   18        -330.167     106.803        -330.166     106.804              18              18
  172        -119.162      96.474        -119.162      96.474             172             172
  101         137.192     607.239         137.194     607.240             101             101
  134          24.570     -15.708          24.571     -15.706             134             134
  200        -166.963    -328.547        -166.964    -328.546             200             200
  170         292.153     377.711         292.154     377.711             170             170
  216         -18.001      71.998         -18.000      72.000             216             216
  102         -95.656     -80.269         -95.657     -80.266             102             102
   69         388.595    -182.621         388.594    -182.621              69              69
   72         102.581    -170.214         102.580    -170.213              72              72
   67         456.804      77.241         456.806      77.240              67              67
  245        -188.687    -568.677        -188.689    -568.674             245             245
   93          28.534     144.727          28.536     144.728              93              93
   54        -165.549    -396.266        -165.554    -396.264              54              54
  169         530.000       0.007         530.000       0.000             169             169
   10        -165.560     396.261        -165.554     396.264              10              10
  186          28.538    -144.728          28.536    -144.728             186             186
   30        -188.694     568.669        -188.690     568.674              30              30
  107         456.809     -77.238         456.806     -77.240             107             107
   77         102.578     170.211         102.580     170.213              77              77
  229         388.591     182.623         388.594     182.622             229             229
  218         -95.659      80.259         -95.657      80.266             218             218
  164         -17.997     -72.006         -18.000     -72.000             164             164
   53         292.162    -377.709         292.155    -377.711              53              53
  195        -166.969     328.539        -166.965     328.545             195             195
  143          24.575      15.699          24.571      15.706             143             143
  168         137.209    -607.242         137.194    -607.240             168             168
  167        -119.154     -96.478        -119.161     -96.475             167             167
  211        -330.148    -106.812        -330.165    -106.804             211             211
  104         325.790    -156.349         325.757    -156.354             104             104
