SINAL     NFT                         FFT                         NFT INVERSA     FFT INVERSA
-----     -----------------------     -----------------------     -----------     -----------
  210        4514.000       0.000        4514.000       0.000             210             210
  233        -194.712    -179.373        -194.711    -179.373             233             233
   11         115.106     277.286         115.107     277.286              11              11
   53          32.108     -12.564          32.108     -12.563              53              53
  121         245.132    -190.456         245.132    -190.456             121             121
  208         587.112     -56.297         587.112     -56.299             208             208
   98         937.240     625.459         937.244     625.456              98              98
  166          54.003      60.393          54.007      60.395             166             166
   93        -232.002    -100.003        -232.000    -100.000              93              93
  126         242.752    -118.375         242.753    -118.374             126             126
  253        -272.619    -400.667        -272.620    -400.664             253             253
  188          91.182    -178.010          91.182    -178.010             188             188
  134        -179.134     139.542        -179.132     139.544             134             134
  115         252.287     -10.946         252.288     -10.947             115             115
  186        -171.732    -192.836        -171.732    -192.833             186             186
  254         -72.742     101.185         -72.739     101.186             254             254
   86        -662.000      -0.009        -662.000       0.000              86              86
  206         -72.736    -101.189         -72.739    -101.187             206             206
  104        -171.731     192.829        -171.732     192.833             104             104
  100         252.290      10.947         252.288      10.947             100             100
  152        -179.128    -139.548        -179.132    -139.544             152             152
  213          91.182     178.011          91.182     178.010             213             213
   62        -272.621     400.656        -272.620     400.663              62              62
   57         242.756     118.372         242.753     118.374              57              57
   51        -231.995      99.990        -232.000     100.000              51              51
  191          54.019     -60.402          54.007     -60.395             191             191
  254         937.263    -625.443         937.245    -625.455             254             254
  215         587.113      56.309         587.112      56.299             215             215
    0         245.130     190.457         245.132     190.456               0               0
   52          32.113      12.558          32.108      12.563              52              52
  111         115.123    -277.287         115.108    -277.286             111             111
  211        -194.688     179.366        -194.711     179.372             211             211
