SINAL     NFT                         FFT                         NFT INVERSA     FFT INVERSA
-----     -----------------------     -----------------------     -----------     -----------
  106        4164.000       0.000        4164.000       0.000             106             106
  213         228.709     -11.990         228.710     -11.990             213             213
   87         151.548      84.337         151.550      84.337              87              87
  230        -695.913      56.309        -695.912      56.310             230             230
   71          18.972    -145.803          18.972    -145.803              71              71
  170        -160.188    -475.788        -160.188    -475.787             170             170
  154         257.816    -176.488         257.816    -176.489             154             154
  158         -16.341    -131.199         -16.340    -131.199             158             158
  182        -481.000      12.997        -481.000      13.000             182             182
   20         865.809    -261.353         865.808    -261.357              20              20
  136        -323.700      86.254        -323.698      86.256             136             136
  148         156.227     -10.309         156.228     -10.310             148             148
   26         323.026     -33.801         323.028     -33.802              26              26
    3        -130.263    -312.252        -130.263    -312.250               3               3
  253         -81.667    -268.918         -81.667    -268.918             253             253
  189        -528.042     -32.192        -528.041     -32.188             189             189
  141          58.000       0.002          58.000       0.000             141             141
  105        -528.041      32.184        -528.041      32.188             105             105
  255         -81.668     268.918         -81.667     268.918             255             255
   32        -130.263     312.248        -130.263     312.251              32              32
   13         323.031      33.805         323.028      33.803              13              13
  169         156.228      10.310         156.228      10.310             169             169
  136        -323.693     -86.261        -323.698     -86.257             136             136
   22         865.805     261.370         865.808     261.359              22              22
   64        -481.001     -13.009        -481.000     -13.000              64              64
  150         -16.338     131.198         -16.340     131.199             150             150
  198         257.815     176.493         257.816     176.489             198             198
  192        -160.195     475.781        -160.189     475.787             192             192
  212          18.972     145.796          18.972     145.802             212             212
  190        -695.902     -56.330        -695.912     -56.311             190             190
   77         151.570     -84.338         151.550     -84.337              77              77
   62         228.737      11.991         228.710      11.990              62              62
