SINAL     NFT                         FFT                         NFT INVERSA     FFT INVERSA
-----     -----------------------     -----------------------     -----------     -----------
  101        4204.000       0.000        4204.000       0.000             101             101
  102         -26.173      83.970         -26.172      83.970             102             102
  241         258.663    -179.118         258.664    -179.118             241             241
  125        -157.608     -70.489        -157.607     -70.489             125             125
   59        -427.975    -218.751        -427.975    -218.750              59              59
  250         159.783      51.857         159.784      51.856             250             250
  206         524.671     145.557         524.672     145.556             206             206
   44        -114.539    -503.662        -114.539    -503.661              44              44
    0        -436.002     141.999        -436.000     142.000              -0               0
   76        -195.461     167.116        -195.460     167.117              76              76
  157        -287.839     460.521        -287.837     460.523             157             157
  204         135.900    -124.865         135.898    -124.865             204             204
   79         561.970     507.254         561.975     507.250              79              79
  124         -68.374     291.768         -68.369     291.771             124             124
   72        -307.502     215.844        -307.499     215.849              72              72
  234          66.467    -146.275          66.466    -146.272             234             234
  126        -344.000      -0.006        -344.000       0.000             126             126
   84          66.465     146.269          66.466     146.272              84              84
  183        -307.495    -215.858        -307.499    -215.850             183             183
  197         -68.361    -291.775         -68.368    -291.771             197             197
  121         561.983    -507.243         561.975    -507.250             121             121
  221         135.893     124.867         135.898     124.866             221             221
   87        -287.832    -460.528        -287.837    -460.523              87              87
   20        -195.457    -167.118        -195.460    -167.117              20              20
  180        -435.994    -142.004        -436.000    -142.000             180             180
   45        -114.540     503.660        -114.540     503.661              45              45
  192         524.680    -145.549         524.673    -145.555             192             192
  202         159.785     -51.853         159.784     -51.856             202             202
   81        -427.975     218.742        -427.975     218.750              81              81
  164        -157.597      70.484        -157.607      70.488             164             164
   45         258.675     179.120         258.663     179.118              45              45
  182         -26.144     -83.974         -26.172     -83.970             182             182
