SINAL     NFT                         FFT                         NFT INVERSA     FFT INVERSA
-----     -----------------------     -----------------------     -----------     -----------
  139        4397.000       0.000        4397.000       0.000             139             139
    4        -135.519      77.924        -135.518      77.924               4               4
  211          -1.005    -308.555          -1.004    -308.554             211             211
  241        -418.216    -262.748        -418.216    -262.748             241             241
  116        -301.993    -152.399        -301.993    -152.399             116             116
  248        -275.491    -232.817        -275.492    -232.817             248             248
  119         367.936      80.451         367.936      80.449             119             119
   77         129.803     230.831         129.805     230.830              77              77
  163        -354.001     212.998        -354.000     213.000             163             163
    2         234.528     -34.463         234.527     -34.464               2               2
  246         178.619     510.475         178.622     510.474             246             246
   37        -148.172     463.831        -148.169     463.834              37              37
  163         233.992     371.599         233.993     371.602             163             163
   46         323.603    -140.608         323.602    -140.606              46              46
  207          38.450    -574.531          38.446    -574.530             207             207
  145        -294.540     206.117        -294.540     206.120             145             145
  212         895.000       0.007         895.000       0.000             212             212
  100        -294.540    -206.124        -294.540    -206.120             100             100
  199          38.440     574.528          38.446     574.530             199             199
  139         323.601     140.603         323.602     140.606             139             139
   92         233.997    -371.605         233.994    -371.601              92              92
  165        -148.163    -463.840        -148.169    -463.834             165             165
  250         178.630    -510.471         178.623    -510.474             250             250
  110         234.525      34.468         234.527      34.464             110             110
   42        -353.997    -213.006        -354.000    -213.000              42              42
  145         129.812    -230.827         129.805    -230.830             145             145
  225         367.937     -80.440         367.936     -80.449             225             225
  130        -275.498     232.813        -275.492     232.816             130             130
  219        -301.993     152.393        -301.994     152.398             219             219
   59        -418.212     262.738        -418.216     262.747              59              59
   43          -0.995     308.549          -1.005     308.554              43              43
  103        -135.488     -77.933        -135.518     -77.924             103             103
