SINAL     NFT                         FFT                         NFT INVERSA     FFT INVERSA
-----     -----------------------     -----------------------     -----------     -----------
   64        5356.000       0.000        5356.000       0.000              64              64
  188         405.540      -8.341         405.541      -8.341             188             188
   73        -134.244     252.043        -134.242     252.043              73              73
  241        -353.097     202.911        -353.096     202.912             241             241
  166          95.170      47.373          95.172      47.373             166             166
  222         -56.926     262.123         -56.924     262.123             222             222
  140        -404.101     498.249        -404.098     498.252             140             140
  203        -118.692    -311.336        -118.693    -311.335             203             203
  216          81.998     258.000          82.000     258.000             216             216
  152         -55.949     110.788         -55.947     110.791             152             152
  160        -126.918    -649.366        -126.921    -649.365             160             160
  241          43.073     496.646          43.077     496.646             241             241
   18         100.827     -92.629         100.828     -92.627              18              18
  122        -479.298    -188.340        -479.298    -188.335             122             122
  249         -34.738    -195.574         -34.739    -195.573             249             249
   99        -392.662    -187.987        -392.662    -187.985              99              99
  190        -448.000      -0.003        -448.000       0.000             190             190
  136        -392.662     187.980        -392.662     187.984             136             136
   97         -34.739     195.572         -34.739     195.573              97              97
  172        -479.297     188.327        -479.298     188.334             172             172
  214         100.831      92.625         100.828      92.627             214             214
   64          43.087    -496.645          43.078    -496.645              64              64
    1        -126.928     649.362        -126.922     649.365               1               1
  227         -55.942    -110.797         -55.947    -110.791             227             227
  213          82.007    -258.001          82.000    -258.000             213             213
  192        -118.696     311.329        -118.693     311.335             192             192
  228        -404.085    -498.263        -404.098    -498.252             228             228
  145         -56.910    -262.124         -56.923    -262.123             145             145
  187          95.180     -47.371          95.172     -47.373             187             187
  246        -353.080    -202.919        -353.096    -202.912             246             246
  238        -134.215    -252.044        -134.242    -252.043             238             238
  252         405.578       8.352         405.541       8.342             252             252
