SINAL     NFT                         FFT                         NFT INVERSA     FFT INVERSA
-----     -----------------------     -----------------------     -----------     -----------
   30        3939.000       0.000        3939.000       0.000              30              30
  122        -464.836     441.239        -464.835     441.239             122             122
    9        -560.446    -199.315        -560.445    -199.314               9               9
  152        -246.489     113.225        -246.489     113.225             152             152
   75          49.188    -209.053          49.187    -209.052              75              75
  107        -194.554    -149.404        -194.555    -149.403             107             107
   62         126.140    -426.181         126.139    -426.182              62              62
  168        -236.547     333.213        -236.546     333.214             168             168
  234         450.000     -16.998         450.000     -17.000             234             234
   60          86.361    -121.138          86.361    -121.138              60              60
  100          88.829    -204.389          88.829    -204.390             100             100
  112        -152.925     419.354        -152.921     419.356             112             112
  175        -167.186    -259.056        -167.187    -259.052             175             175
   31        -156.008    -304.709        -156.011    -304.707              31              31
  110          65.484    -661.520          65.478    -661.522             110             110
    5        -299.005      40.197        -299.005      40.197               5               5
  238         245.000       0.005         245.000       0.000             238             238
  215        -299.005     -40.196        -299.005     -40.197             215             215
  106          65.470     661.525          65.478     661.523             106             106
  134        -156.015     304.703        -156.011     304.707             134             134
  172        -167.190     259.047        -167.187     259.052             172             172
  169        -152.913    -419.359        -152.921    -419.356             169             169
  191          88.829     204.392          88.829     204.390             191             191
  223          86.362     121.138          86.361     121.138             223             223
  104         449.999      17.005         450.000      17.000             104             104
  190        -236.541    -333.216        -236.546    -333.214             190             190
  183         126.132     426.186         126.138     426.182             183             183
  104        -194.557     149.398        -194.555     149.403             104             104
  243          49.185     209.050          49.187     209.052             243             243
   38        -246.485    -113.233        -246.489    -113.225              38              38
   60        -560.441     199.299        -560.446     199.314              60              60
   17        -464.799    -441.251        -464.834    -441.239              17              17
