SINAL     NFT                         FFT                         NFT INVERSA     FFT INVERSA
-----     -----------------------     -----------------------     -----------     -----------
   81        3666.000       0.000        3666.000       0.000              81              81
  150         403.895     446.595         403.896     446.595             150             150
   56          24.091    -338.114          24.092    -338.114              56              56
  229        -417.132     148.484        -417.130     148.485             229             229
   35        -459.727     405.040        -459.725     405.042              35              35
  244         -12.559    -104.763         -12.559    -104.762             244             244
  190         -63.652     -70.480         -63.652     -70.479             190             190
  109        -117.322    -241.772        -117.322    -241.770             109             109
   38        -405.999    -188.003        -406.000    -188.000              38              38
   50        -160.419    -360.591        -160.423    -360.590              50              50
   33         551.566      51.175         551.566      51.171              33              33
    7          98.401     142.202          98.402     142.202               7               7
   64         241.727    -356.958         241.725    -356.958              64              64
   68          33.296     -82.640          33.297     -82.639              68              68
  122        -116.000    -728.464        -116.005    -728.464             122             122
   78         -28.159    -246.309         -28.161    -246.313              78              78
  106        -218.000       0.002        -218.000       0.000             106             106
   90         -28.163     246.316         -28.161     246.313              90              90
   40        -116.013     728.463        -116.006     728.464              40              40
  248          33.298      82.637          33.297      82.639             248             248
   93         241.722     356.959         241.725     356.958              93              93
  133          98.405    -142.203          98.402    -142.202             133             133
  199         551.564     -51.162         551.566     -51.170             199             199
  119        -160.433     360.587        -160.424     360.590             119             119
   50        -406.004     187.991        -406.000     188.000              50              50
  110        -117.324     241.764        -117.322     241.770             110             110
  213         -63.651      70.473         -63.652      70.479             213             213
   70         -12.560     104.755         -12.559     104.762              70              70
  192        -459.714    -405.054        -459.725    -405.042             192             192
  220        -417.116    -148.492        -417.130    -148.485             220             220
  212          24.103     338.111          24.092     338.113             212             212
   17         403.931    -446.589         403.896    -446.594              17              17
