SINAL     NFT                         FFT                         NFT INVERSA     FFT INVERSA
-----     -----------------------     -----------------------     -----------     -----------
  206        3203.000       0.000        3203.000       0.000             206             206
   24         132.247    -517.217         132.248    -517.217              24              24
    9        -349.330    -243.416        -349.329    -243.415               9               9
  203        -108.062     409.718        -108.060     409.718             203             203
  205        -346.369    -448.234        -346.369    -448.233             205             205
  131        -104.027    -110.595        -104.028    -110.595             131             131
  182         233.696     365.480         233.696     365.479             182             182
   31         621.962     220.940         621.962     220.939              31              31
  193         201.000    -106.000         201.000    -106.000             193             193
  207         152.303     358.965         152.305     358.965             207             207
  231         224.059     -82.130         224.058     -82.129             231             231
   77         404.541    -318.792         404.539    -318.793              77              77
   21         284.368      43.768         284.370      43.768              21              21
  135         227.705    -656.788         227.701    -656.789             135             135
   16         139.568     520.979         139.575     520.977              16              16
   49        -118.671     258.498        -118.668     258.502              49              49
   55         199.000      -0.002         199.000       0.000              55              55
   55        -118.664    -258.507        -118.668    -258.502              55              55
  209         139.583    -520.974         139.575    -520.977             209             209
   20         227.695     656.792         227.701     656.790              20              20
  192         284.372     -43.767         284.370     -43.767             192             192
   96         404.535     318.795         404.539     318.794              96              96
   31         224.056      82.126         224.058      82.129              31              31
   62         152.311    -358.968         152.306    -358.966              62              62
    6         201.000     105.999         201.000     106.000               6               6
   76         621.965    -220.933         621.962    -220.938              76              76
   49         233.698    -365.476         233.696    -365.479              49              49
  232        -104.034     110.594        -104.028     110.594             232             232
   73        -346.377     448.222        -346.370     448.232              73              73
   80        -108.048    -409.724        -108.060    -409.718              80              80
   23        -349.323     243.408        -349.329     243.415              23              23
   24         132.260     517.213         132.247     517.217              24              24
