SINAL     NFT                         FFT                         NFT INVERSA     FFT INVERSA
-----     -----------------------     -----------------------     -----------     -----------
  178        3371.000       0.000        3371.000       0.000             178             178
   99         230.755    -152.609         230.756    -152.610              99              99
   41          27.431     485.404          27.432     485.404              41              41
   30         389.281     158.476         389.281     158.475              30              30
   65         536.341     722.955         536.343     722.954              65              65
   72         166.683      45.798         166.685      45.799              72              72
   99        -214.206     154.048        -214.204     154.049              99              99
  134         -68.310     431.428         -68.307     431.430             134             134
  172         306.000    -281.001         306.000    -281.000             172             172
  240        -294.767    -259.476        -294.767    -259.474             240             240
   14         159.171     490.049         159.174     490.049              14              14
    5         201.695    -387.671         201.694    -387.671               5               5
  220        -268.347     242.951        -268.344     242.954             220             220
  205          75.976     -28.506          75.976     -28.505             205             205
    9        -116.404     149.400        -116.403     149.404               9               9
  210         162.682    -117.025         162.682    -117.024             210             210
   70        -263.000      -0.005        -263.000       0.000              70              70
   43         162.681     117.023         162.682     117.024              43              43
   52        -116.401    -149.408        -116.403    -149.404              52              52
   13          75.977      28.503          75.976      28.505              13              13
   50        -268.339    -242.959        -268.344    -242.954              50              50
  112         201.691     387.670         201.693     387.671             112             112
  120         159.182    -490.050         159.175    -490.049             120             120
  111        -294.768     259.468        -294.768     259.474             111             111
  112         305.999     280.998         306.000     281.000             112             112
  114         -68.298    -431.438         -68.307    -431.430             114             114
   85        -214.195    -154.057        -214.204    -154.049              85              85
   23         166.696     -45.802         166.685     -45.799              23              23
   63         536.365    -722.947         536.344    -722.954              63              63
  164         389.290    -158.467         389.282    -158.475             164             164
  204          27.451    -485.401          27.432    -485.404             204             204
  242         230.774     152.618         230.756     152.610             242             242
