SINAL     NFT                         FFT                         NFT INVERSA     FFT INVERSA
-----     -----------------------     -----------------------     -----------     -----------
   53        4554.000       0.000        4554.000       0.000              53              53
  158         -28.295     222.679         -28.294     222.679             158             158
   45          64.118    -177.459          64.119    -177.460              45              45
   92        -147.040     857.459        -147.038     857.458              92              92
    0          81.913     560.000          81.915     560.001               0              -0
  227          -6.685     204.870          -6.683     204.872             227             227
  254         153.204    -240.091         153.205    -240.091             254             254
  158        -210.703     -64.355        -210.702     -64.353             158             158
  189        -265.000    -263.002        -265.000    -263.000             189             189
   88        -144.034     252.917        -144.032     252.918              88              88
  124        -412.258    -112.898        -412.258    -112.895             124             124
   98         394.472     103.803         394.473     103.801              98              98
   80        -159.919     255.997        -159.915     256.000              80              80
   98        -112.083    -581.398        -112.087    -581.395              98              98
   92        -193.065    -146.265        -193.065    -146.264              92              92
  146        -257.641      90.166        -257.639      90.168             146             146
  117        -372.000      -0.004        -372.000       0.000             117             117
  245        -257.636     -90.170        -257.639     -90.168             245             245
  237        -193.065     146.263        -193.065     146.264             237             237
   57        -112.092     581.392        -112.087     581.395              57              57
  226        -159.909    -256.006        -159.915    -256.001             226             226
  238         394.476    -103.796         394.473    -103.801             238             238
   81        -412.260     112.887        -412.259     112.895              81              81
  210        -144.025    -252.921        -144.031    -252.919             210             210
   78        -265.001     262.995        -265.000     263.000              78              78
   89        -210.696      64.347        -210.702      64.353              89              89
  107         153.207     240.088         153.205     240.091             107             107
  116          -6.674    -204.879          -6.683    -204.872             116             116
  170          81.932    -560.004          81.916    -560.000             170             170
  220        -147.012    -857.457        -147.037    -857.458             220             220
  238          64.130     177.467          64.119     177.460             238             238
  223         -28.260    -222.676         -28.294    -222.679             223             223
