SINAL     NFT                         FFT                         NFT INVERSA     FFT INVERSA
-----     -----------------------     -----------------------     -----------     -----------
  189        4570.000       0.000        4570.000       0.000             189             189
  183         284.848     132.824         284.849     132.824             183             183
  198         262.298    -129.164         262.299    -129.163             198             198
  114         -44.101    -356.123         -44.101    -356.123             114             114
  169        -178.509     278.546        -178.508     278.546             169             169
  221         152.866     117.115         152.867     117.116             221             221
  184         132.599    -147.095         132.599    -147.094             184             184
   97         206.635    -252.419         206.635    -252.419              97              97
   47        -216.001    -100.002        -216.000    -100.000              47              47
   95         156.750      50.030         156.751      50.030              95              95
   21        -448.134    -293.541        -448.135    -293.538              21              21
  218         681.587     500.123         681.590     500.119             218             218
   95        -475.496     148.540        -475.493     148.546              95              95
  113        -315.859    -188.101        -315.862    -188.096             113             113
  254         245.239      48.393         245.238      48.393             254             254
  151         205.274    -339.701         205.270    -339.702             151             151
   23         178.000       0.002         178.000       0.000              23              23
  177         205.265     339.702         205.270     339.702             177             177
  185         245.236     -48.393         245.237     -48.393             185             185
    6        -315.867     188.088        -315.862     188.095               6               6
  223        -475.487    -148.557        -475.492    -148.546             223             223
  132         681.600    -500.110         681.591    -500.118             132             132
   86        -448.140     293.531        -448.136     293.537              86              86
  254         156.755     -50.030         156.751     -50.030             254             254
  117        -215.998      99.995        -216.000     100.000             117             117
   96         206.636     252.419         206.635     252.419              96              96
  211         132.601     147.091         132.599     147.094             211             211
   58         152.873    -117.119         152.868    -117.116              58              58
  216        -178.496    -278.551        -178.507    -278.546             216             216
  131         -44.095     356.120         -44.101     356.123             131             131
  156         262.313     129.162         262.299     129.164             156             156
  150         284.881    -132.824         284.849    -132.824             150             150
