SINAL     NFT                         FFT                         NFT INVERSA     FFT INVERSA
-----     -----------------------     -----------------------     -----------     -----------
  113        4203.000       0.000        4203.000       0.000             113             113
   27        -268.336    -191.190        -268.335    -191.189              27              27
    7        -599.813    -588.354        -599.813    -588.354               7               7
  235         107.423     177.203         107.424     177.202             235             235
  198        -594.484     463.282        -594.482     463.284             198             198
  178        -169.976    -320.419        -169.977    -320.418             178             178
  225         -83.423     291.183         -83.423     291.183             225             225
  118         348.313       9.942         348.312       9.942             118             118
  174         551.000     -11.997         551.000     -12.000             174             174
  237        -143.963     446.242        -143.960     446.243             237             237
  138         207.977     251.674         207.979     251.676             138             138
   31         156.330    -358.361         156.329    -358.359              31              31
  157          98.485    -406.716          98.483    -406.716             157             157
  171         232.164      74.644         232.166      74.643             171             171
   90        -460.740    -251.866        -460.742    -251.861              90              90
  149         322.044    -131.501         322.042    -131.504             149             149
   40           7.000       0.001           7.000       0.000              40              40
  118         322.039     131.508         322.041     131.504             118             118
    0        -460.745     251.855        -460.742     251.861              -0               0
  232         232.169     -74.641         232.166     -74.643             232             232
  243          98.478     406.716          98.482     406.716             243             243
  248         156.324     358.356         156.328     358.360             248             248
  209         207.982    -251.679         207.979    -251.675             209             209
   94        -143.951    -446.248        -143.960    -446.244              94              94
  213         551.001      12.008         551.000      12.000             213             213
   13         348.309      -9.938         348.312      -9.941              13              13
   26         -83.423    -291.185         -83.423    -291.183              26              26
  136        -169.986     320.413        -169.978     320.417             136             136
  190        -594.471    -463.297        -594.482    -463.284             190             190
   63         107.433    -177.196         107.424    -177.202              63              63
   82        -599.815     588.342        -599.814     588.353              82              82
   48        -268.310     191.178        -268.335     191.189              48              48
