SINAL     NFT                         FFT                         NFT INVERSA     FFT INVERSA
-----     -----------------------     -----------------------     -----------     -----------
  133        4236.000       0.000        4236.000       0.000             133             133
  186         372.135     144.233         372.136     144.234             186             186
  104          93.291    -471.867          93.292    -471.867             104             104
  175        -129.977     177.377        -129.976     177.377             175             175
  152         152.977       8.035         152.978       8.035             152             152
  213          48.920     251.615          48.922     251.615             213             213
  139         304.522     103.920         304.524     103.920             139             139
  188         -13.482     195.133         -13.479     195.133             188             188
   73        -336.003     313.996        -336.000     314.000              73              73
  133         -82.352    -219.606         -82.352    -219.604             133             133
   35        -324.406    -170.212        -324.406    -170.208              35              35
  183          81.561    -140.894          81.560    -140.893             183             183
   15        -160.976    -239.968        -160.978    -239.966              15              15
   52         212.182    -241.805         212.180    -241.807              52              52
   41          22.587     334.004          22.591     334.005              41              41
  176         -40.986    -617.181         -40.990    -617.180             176             176
   77        -380.000      -0.001        -380.000       0.000              77              77
  164         -40.996     617.179         -40.991     617.180             164             164
  207          22.596    -334.007          22.591    -334.005             207             207
   89         212.177     241.810         212.179     241.807              89              89
  183        -160.981     239.962        -160.978     239.965             183             183
   70          81.558     140.891          81.560     140.893              70              70
  210        -324.408     170.200        -324.406     170.208             210             210
  123         -82.353     219.596         -82.353     219.603             123             123
  113        -335.990    -314.011        -336.000    -314.000             113             113
  112         -13.468    -195.137         -13.479    -195.134             112             112
  158         304.532    -103.917         304.524    -103.919             158             158
  194          48.932    -251.616          48.922    -251.615             194             194
   50         152.984      -8.032         152.978      -8.034              50              50
   67        -129.962    -177.379        -129.975    -177.378              67              67
  238          93.299     471.867          93.291     471.867             238             238
  183         372.167    -144.230         372.136    -144.233             183             183
