SINAL     NFT                         FFT                         NFT INVERSA     FFT INVERSA
-----     -----------------------     -----------------------     -----------     -----------
   40        3185.000       0.000        3185.000       0.000              40              40
   12        -310.358    -359.631        -310.357    -359.631              12              12
  242          56.455      63.767          56.455      63.767             242             242
   71        -348.790    -377.877        -348.790    -377.876              71              71
   66         -47.229    -187.474         -47.229    -187.475              66              66
  215          90.363     130.255          90.364     130.254             215             215
   84          37.583     139.829          37.585     139.829              84              84
  122        -236.578     -98.443        -236.577     -98.442             122             122
   56        -418.000    -147.002        -418.000    -147.000              56              56
   27        -434.207     213.035        -434.207     213.037              27              27
  253         204.542    -161.965         204.540    -161.967             253             253
   44        -375.177     295.319        -375.176     295.320              44              44
  127         217.227     590.526         217.229     590.525             127             127
  197         359.473     215.572         359.474     215.573             197             197
  132          41.423    -350.030          41.420    -350.029             132             132
  109         175.267     236.230         175.269     236.229             109             109
  175          71.000      -0.002          71.000       0.000             175             175
  152         175.272    -236.228         175.270    -236.229             152             152
   35          41.416     350.027          41.420     350.029              35              35
  145         359.476    -215.573         359.474    -215.572             145             145
   50         217.233    -590.524         217.229    -590.525              50              50
   69        -375.174    -295.323        -375.176    -295.321              69              69
   24         204.535     161.971         204.540     161.967              24              24
   89        -434.206    -213.042        -434.207    -213.037              89              89
   74        -418.001     146.995        -418.000     147.000              74              74
  117        -236.575      98.437        -236.578      98.442             117             117
  176          37.592    -139.829          37.585    -139.829             176             176
   68          90.369    -130.250          90.364    -130.254              68              68
   17         -47.231     187.476         -47.229     187.475              17              17
   63        -348.792     377.868        -348.790     377.876              63              63
   77          56.466     -63.768          56.455     -63.767              77              77
   57        -310.345     359.622        -310.358     359.631              57              57
