SINAL     NFT                         FFT                         NFT INVERSA     FFT INVERSA
-----     -----------------------     -----------------------     -----------     -----------
   14        4062.000       0.000        4062.000       0.000              14              14
  229         137.315     278.832         137.316     278.832             229             229
   21          47.621     653.637          47.623     653.638              21              21
  116        -469.865    -210.937        -469.865    -210.936             116             116
  107        -300.400    -269.727        -300.400    -269.727             107             107
  221         226.753       3.308         226.754       3.307             221             221
   30         187.354     288.780         187.356     288.780              30              30
   68          47.156     -17.017          47.157     -17.015              68              68
   68         145.000    -437.000         145.000    -437.000              68              68
  100        -360.452      25.503        -360.450      25.505             100             100
  141         298.092    -538.123         298.090    -538.126             141             141
  135        -429.317     544.207        -429.311     544.209             135             135
   89         -41.600     -93.728         -41.599     -93.726              89              89
  235        -215.981    -173.211        -215.980    -173.209             235             235
  190          -9.072      26.732          -9.069      26.732             190             190
    3        -791.622    -125.831        -791.621    -125.824               3               3
  246        -556.000      -0.005        -556.000       0.000             246             246
  121        -791.619     125.815        -791.621     125.823             121             121
   34          -9.064     -26.731          -9.069     -26.732              34              34
   98        -215.979     173.207        -215.980     173.209              98              98
  198         -41.598      93.724         -41.600      93.727             198             198
    7        -429.299    -544.213        -429.311    -544.209               7               7
   60         298.086     538.133         298.090     538.126              60              60
  106        -360.446     -25.510        -360.450     -25.505             106             106
   61         144.999     437.001         145.000     437.000              61              61
  255          47.161      17.012          47.157      17.016             255             255
  250         187.365    -288.778         187.356    -288.780             250             250
  229         226.755      -3.302         226.754      -3.306             229             229
  166        -300.403     269.720        -300.401     269.726             166             166
  205        -469.859     210.920        -469.865     210.935             205             205
   78          47.652    -653.640          47.623    -653.638              78              78
  181         137.349    -278.825         137.316    -278.831             181             181
