SINAL     NFT                         FFT                         NFT INVERSA     FFT INVERSA
-----     -----------------------     -----------------------     -----------     -----------
   58        4289.000       0.000        4289.000       0.000              58              58
  126        -757.451     156.777        -757.450     156.778             126             126
    0        -343.691     118.079        -343.691     118.080               0               0
  174         100.284    -308.996         100.284    -308.996             174             174
   67         337.944     175.786         337.945     175.785              67              67
   73         -57.436    -136.251         -57.435    -136.251              73              73
   35        -432.718     323.973        -432.716     323.975              35              35
  192        -216.809     -89.008        -216.810     -89.006             192             192
  151         126.002    -127.000         126.000    -127.000             151             151
  194         433.972    -121.180         433.972    -121.182             194             194
  111         -10.020    -110.324         -10.019    -110.323             111             111
  164         279.464    -247.274         279.464    -247.276             164             164
  131         130.052     119.787         130.055     119.785             131             131
  167        -214.084     -47.372        -214.083     -47.369             167             167
  240         206.424     -64.217         206.426     -64.219             240             240
  210        -431.944     -38.750        -431.941     -38.746             210             210
  166        -733.000      -0.007        -733.000       0.000             166             166
   85        -431.938      38.742        -431.941      38.746              85              85
  172         206.428      64.221         206.426      64.219             172             172
  106        -214.081      47.366        -214.083      47.369             106             106
  144         130.061    -119.783         130.055    -119.785             144             144
  246         279.462     247.281         279.464     247.277             246             246
   97         -10.019     110.322         -10.020     110.324              97              97
  207         433.970     121.187         433.971     121.183             207             207
  218         125.995     127.000         126.000     127.000             218             218
  239        -216.814      88.999        -216.811      89.006             239             239
  116        -432.708    -323.984        -432.716    -323.975             116             116
   63         -57.431     136.249         -57.435     136.251              63              63
   17         337.952    -175.779         337.945    -175.785              17              17
  189         100.280     308.996         100.283     308.996             189             189
   55        -343.683    -118.090        -343.691    -118.080              55              55
   76        -757.420    -156.794        -757.450    -156.779              76              76
