SINAL     NFT                         FFT                         NFT INVERSA     FFT INVERSA
-----     -----------------------     -----------------------     -----------     -----------
   22        4535.000       0.000        4535.000       0.000              22              22
  192         250.101     158.624         250.102     158.624             192             192
  246        -450.543    -344.127        -450.542    -344.127             246             246
   61        -124.871      69.563        -124.871      69.564              61              61
  121         304.501     301.685         304.503     301.685             121             121
  170        -149.149    -484.505        -149.150    -484.504             170             170
  170         -68.547    -463.182         -68.547    -463.183             170             170
  246        -163.347     117.319        -163.346     117.319             246             246
  175         324.000    -320.997         324.000    -321.000             175             175
  252        -682.969     104.035        -682.967     104.037             252             252
   11         250.191     275.466         250.194     275.464              11              11
   20        -521.128     339.096        -521.124     339.100              20              20
  113        -412.503      13.681        -412.503      13.685             113             113
  175         -94.715     229.672         -94.715     229.673             175             175
   33         224.890     478.520         224.895     478.520              33              33
   59        -321.935      33.841        -321.932      33.847              59              59
  248        -559.000      -0.009        -559.000       0.000             248             248
  124        -321.929     -33.854        -321.932     -33.847             124             124
   28         224.902    -478.519         224.896    -478.519              28              28
  106         -94.713    -229.674         -94.714    -229.673             106             106
  192        -412.503     -13.691        -412.503     -13.685             192             192
  124        -521.115    -339.107        -521.123    -339.100             124             124
  248         250.201    -275.457         250.194    -275.463             248             248
  232        -682.961    -104.043        -682.967    -104.037             232             232
  106         324.001     321.008         324.000     321.000             106             106
  220        -163.340    -117.319        -163.345    -117.319             220             220
   59         -68.550     463.184         -68.548     463.183              59              59
  187        -149.151     484.497        -149.150     484.504             187             187
  179         304.515    -301.683         304.503    -301.685             179             179
  177        -124.863     -69.565        -124.870     -69.563             177             177
   37        -450.533     344.116        -450.542     344.126              37              37
  202         250.138    -158.621         250.103    -158.623             202             202
