SINAL     NFT                         FFT                         NFT INVERSA     FFT INVERSA
-----     -----------------------     -----------------------     -----------     -----------
   91        4381.000       0.000        4381.000       0.000              91              91
   90        -268.925      98.536        -268.924      98.536              90              90
   27        -397.263      52.414        -397.262      52.414              27              27
   34         138.709     429.801         138.710     429.801              34              34
   12         281.923     658.689         281.925     658.689              12              12
  253        -218.540     399.580        -218.538     399.582             253             253
  152         292.241    -354.712         292.241    -354.711             152             152
  187          55.386    -155.080          55.387    -155.080             187             187
  235        -176.004     442.998        -176.000     443.000             235             235
   35        -146.552    -656.194        -146.555    -656.192              35              35
  219        -208.364     333.578        -208.362     333.580             219             219
  136         -99.072    -292.157         -99.075    -292.156             136             136
  207         436.070     612.692         436.074     612.689             207             207
   54         218.597    -136.469         218.598    -136.467              54              54
   30        -330.617    -299.298        -330.617    -299.294              30              30
  247        -335.603      82.890        -335.603      82.894             247             247
  173          47.000      -0.001          47.000       0.000             173             173
   30        -335.602     -82.898        -335.602     -82.894              30              30
  224        -330.617     299.289        -330.617     299.294             224             224
  160         218.600     136.466         218.598     136.468             160             160
   23         436.083    -612.685         436.075    -612.689              23              23
  177         -99.081     292.155         -99.076     292.156             177             177
  254        -208.356    -333.583        -208.361    -333.580             254             254
  236        -146.563     656.188        -146.556     656.192             236             236
  190        -175.989    -443.007        -176.000    -443.000             190             190
   24          55.390     155.080          55.387     155.080              24              24
  116         292.238     354.710         292.241     354.712             116             116
  125        -218.527    -399.594        -218.537    -399.582             125             125
   88         281.943    -658.686         281.926    -658.689              88              88
  199         138.722    -429.795         138.711    -429.801             199             199
  173        -397.252     -52.418        -397.262     -52.415             173             173
  180        -268.894     -98.538        -268.924     -98.536             180             180
