SINAL     NFT                         FFT                         NFT INVERSA     FFT INVERSA
-----     -----------------------     -----------------------     -----------     -----------
   63        4177.000       0.000        4177.000       0.000              63              63
  133           3.329      82.231           3.330      82.231             133             133
   13        -368.071     -25.032        -368.070     -25.032              13              13
  193         116.347      49.507         116.347      49.507             193             193
  207        -204.987      61.925        -204.986      61.925             207             207
   18         -88.769      28.384         -88.769      28.385              18              18
  219         -85.521     107.391         -85.520     107.392             219             219
   81         174.294      83.633         174.294      83.633              81              81
  167         327.996     531.001         328.000     531.000             167             167
  147        -584.788     151.107        -584.787     151.113             147             147
  160         513.333    -396.247         513.330    -396.248             160             160
  120          43.848    -263.587          43.848    -263.587             120             120
  125          50.985    -216.074          50.986    -216.075             125             125
  189        -393.036    -202.751        -393.035    -202.750             189             189
   49        -479.744     351.325        -479.741     351.329              49              49
   77        -231.229      53.424        -231.230      53.427              77              77
  183         251.000       0.001         251.000       0.000             183             183
   39        -231.231     -53.431        -231.230     -53.427              39              39
   64        -479.736    -351.334        -479.740    -351.329              64              64
  178        -393.034     202.746        -393.035     202.749             178             178
  240          50.988     216.075          50.986     216.075             240             240
   44          43.849     263.586          43.848     263.587              44              44
  153         513.325     396.251         513.330     396.248             153             153
  228        -584.783    -151.129        -584.786    -151.114             228             228
  184         328.013    -530.997         328.000    -531.000             184             184
   21         174.297     -83.629         174.295     -83.632              21              21
  165         -85.517    -107.393         -85.520    -107.392             165             165
  205         -88.766     -28.386         -88.769     -28.385             205             205
  102        -204.980     -61.929        -204.986     -61.925             102             102
  125         116.355     -49.504         116.347     -49.507             125             125
  120        -368.058      25.024        -368.070      25.031             120             120
  165           3.360     -82.231           3.330     -82.231             165             165
