SINAL     NFT                         FFT                         NFT INVERSA     FFT INVERSA
-----     -----------------------     -----------------------     -----------     -----------
  148        4070.000       0.000        4070.000       0.000             148             148
  164         331.236     135.804         331.237     135.804             164             164
   37         -23.086     402.377         -23.084     402.378              37              37
  219        -238.084    -218.615        -238.084    -218.615             219             219
   78          43.788     -94.283          43.788     -94.283              78              78
  192         -95.585     430.352         -95.582     430.353             192             192
  122        -271.011      46.755        -271.011      46.757             122             122
    5         153.877    -286.048         153.876    -286.047               5               5
  212        -106.999    -139.001        -107.000    -139.000             212             212
    3         502.328      83.556         502.329      83.555               3               3
  154        -593.529    -306.843        -593.530    -306.838             154             154
  238         267.750     177.808         267.750     177.808             238             238
    6         424.214    -300.283         424.212    -300.283               6               6
  151         216.687    -951.990         216.682    -951.992             151             151
  171        -216.376       0.783        -216.375       0.783             171             171
  147          45.792      24.575          45.793      24.573             147             147
    0        -216.000      -0.001        -216.000       0.000              -0               0
  171          45.794     -24.571          45.793     -24.573             171             171
  180        -216.373      -0.782        -216.375      -0.783             180             180
   13         216.673     951.995         216.681     951.992              13              13
   85         424.208     300.283         424.212     300.283              85              85
   61         267.750    -177.808         267.750    -177.808              61              61
   36        -593.534     306.826        -593.530     306.837              36              36
  150         502.333     -83.551         502.329     -83.554             150             150
  212        -107.002     138.996        -107.000     139.000             212             212
  235         153.871     286.044         153.875     286.047             235             235
   86        -271.009     -46.769        -271.011     -46.757              86              86
  168         -95.570    -430.359         -95.582    -430.354             168             168
  169          43.792      94.282          43.788      94.283             169             169
  164        -238.079     218.604        -238.084     218.614             164             164
  231         -23.060    -402.383         -23.084    -402.377             231             231
   62         331.268    -135.798         331.237    -135.804              62              62
