SINAL     NFT                         FFT                         NFT INVERSA     FFT INVERSA
-----     -----------------------     -----------------------     -----------     -----------
  145        4608.000       0.000        4608.000       0.000             145             145
  239         165.679    -211.320         165.680    -211.320             239             239
  167         228.460      -7.680         228.461      -7.680             167             167
  235         148.154    -442.866         148.155    -442.866             235             235
   97         204.472     -68.681         204.473     -68.681              97              97
  189         -14.581     103.545         -14.580     103.545             189             189
  173         -98.206    -111.466         -98.206    -111.465             173             173
   16         271.506     513.157         271.509     513.157              16              16
  135        -207.999    -604.002        -208.000    -604.000             135             135
  237        -582.668     468.278        -582.664     468.282             237             237
  132        -319.482      12.405        -319.483      12.410             132             132
   22         428.996    -543.569         428.992    -543.570              22              22
  220         269.526    -106.679         269.527    -106.681             220             220
  243         -23.961     -25.905         -23.959     -25.905             243             243
  161        -190.771    -275.807        -190.772    -275.805             161             161
   76        -153.135     127.881        -153.133     127.882              76              76
  115        -220.000      -0.003        -220.000       0.000             115             115
  232        -153.131    -127.884        -153.133    -127.883             232             232
  156        -190.774     275.803        -190.772     275.805             156             156
   35         -23.956      25.903         -23.959      25.904              35              35
   43         269.528     106.685         269.527     106.681              43              43
  212         428.982     543.573         428.991     543.571             212             212
   79        -319.486     -12.421        -319.483     -12.410              79              79
  155        -582.654    -468.292        -582.663    -468.283             155             155
  220        -208.002     603.994        -208.000     604.000             220             220
   66         271.524    -513.156         271.510    -513.156              66              66
  136         -98.202     111.462         -98.206     111.465             136             136
  203         -14.569    -103.547         -14.579    -103.545             203             203
   18         204.481      68.685         204.473      68.681              18              18
   91         148.157     442.866         148.154     442.866              91              91
  197         228.476       7.679         228.461       7.681             197             197
  163         165.705     211.318         165.680     211.320             163             163
