SINAL     NFT                         FFT                         NFT INVERSA     FFT INVERSA
-----     -----------------------     -----------------------     -----------     -----------
   96        3373.000       0.000        3373.000       0.000              96              96
    8          54.853    -114.379          54.853    -114.380               8               8
   79         199.564     211.529         199.565     211.529              79              79
  167        -207.907     435.830        -207.906     435.831             167             167
    2          16.449     174.302          16.450     174.302               2               2
  156        -146.347    -243.726        -146.348    -243.726             156             156
  155         156.207     338.148         156.209     338.147             155             155
    0         170.402     344.775         170.404     344.775              -0               0
  212        -166.001     -37.001        -166.000     -37.000             212             212
  140        -108.387     339.610        -108.385     339.610             140             140
  134        -151.006     599.434        -151.003     599.436             134             134
   31         308.812      11.798         308.812      11.798              31              31
   62         583.543     582.303         583.550     582.302              62              62
  115        -552.665    -378.693        -552.666    -378.685             115             115
  138          43.230    -191.183          43.229    -191.182             138             138
  106        -454.768     226.411        -454.766     226.416             106             106
  213         207.000      -0.001         207.000       0.000             213             213
    1        -454.763    -226.424        -454.765    -226.417               1               1
  225          43.228     191.181          43.229     191.182             225             225
   24        -552.667     378.672        -552.666     378.684              24              24
   43         583.562    -582.300         583.550    -582.302              43              43
  234         308.811     -11.798         308.812     -11.798             234             234
    5        -150.995    -599.442        -151.003    -599.436               5               5
   68        -108.378    -339.611        -108.384    -339.610              68              68
   35        -165.997      36.997        -166.000      37.000              35              35
   22         170.414    -344.774         170.404    -344.775              22              22
  153         156.216    -338.142         156.209    -338.147             153             153
  131        -146.349     243.724        -146.348     243.726             131             131
  149          16.458    -174.305          16.450    -174.302             149             149
  134        -207.889    -435.834        -207.905    -435.831             134             134
   89         199.581    -211.520         199.565    -211.528              89              89
  246          54.872     114.384          54.853     114.380             246             246
