SINAL     NFT                         FFT                         NFT INVERSA     FFT INVERSA
-----     -----------------------     -----------------------     -----------     -----------
  123        4067.000       0.000        4067.000       0.000             123             123
   28         -79.974    -107.413         -79.973    -107.413              28              28
   59          -7.831     238.481          -7.830     238.481              59              59
  123         211.963      59.654         211.964      59.654             123             123
  255        -232.123     136.606        -232.121     136.607             255             255
   58          61.790     250.010          61.792     250.010              58              58
   26          43.344     163.423          43.345     163.422              26              26
  188         -57.623     818.141         -57.619     818.141             188             188
  147         483.996     521.000         484.000     521.000             147             147
  150         156.783      84.979         156.786      84.981             150             150
   30        -665.744      73.650        -665.742      73.657              30              30
  227        -132.786    -448.926        -132.789    -448.923             227             227
  248        -227.877    -115.396        -227.879    -115.393             248             248
  123        -205.616     -19.640        -205.618     -19.638             123             123
  117         658.227      56.721         658.226      56.717             117             117
  110         125.452     299.066         125.456     299.067             110             110
  113        -395.000      -0.008        -395.000       0.000             113             113
   99         125.462    -299.069         125.457    -299.067              99              99
  167         658.226     -56.710         658.226     -56.716             167             167
   83        -205.622      19.634        -205.618      19.638              83              83
   81        -227.881     115.389        -227.879     115.393              81              81
  249        -132.796     448.916        -132.790     448.922             249             249
   38        -665.737     -73.674        -665.742     -73.658              38              38
  159         156.795     -84.986         156.787     -84.981             159             159
   82         484.011    -520.999         484.000    -521.000              82              82
  146         -57.604    -818.143         -57.618    -818.141             146             146
   19          43.351    -163.419          43.346    -163.422              19              19
  252          61.799    -250.007          61.792    -250.010             252             252
  111        -232.113    -136.609        -232.121    -136.607             111             111
    2         211.974     -59.648         211.964     -59.653               2               2
  220          -7.814    -238.479          -7.830    -238.481             220             220
  234         -79.949     107.414         -79.973     107.413             234             234
