SINAL     NFT                         FFT                         NFT INVERSA     FFT INVERSA
-----     -----------------------     -----------------------     -----------     -----------
  157        4091.000       0.000        4091.000       0.000             157             157
   69         -65.733     -27.547         -65.732     -27.547              69              69
    8        -122.199     317.861        -122.198     317.861               8               8
  100          79.586     157.474          79.587     157.474             100             100
  180        -607.195      32.124        -607.194      32.126             180             180
  242          63.732     359.677          63.733     359.678             242             242
   22          81.473       6.980          81.473       6.980              22              22
   70         363.210     412.728         363.211     412.728              70              70
  183         358.001    -411.000         358.000    -411.000             183             183
   81         211.567     -10.181         211.568     -10.181              81              81
  167        -156.427    -141.691        -156.426    -141.689             167             167
  179        -373.022     332.408        -373.020     332.412             179             179
  171        -110.801    -225.878        -110.805    -225.873             171             171
  255         727.044    -716.544         727.038    -716.550             255             255
   92         197.146     373.194         197.151     373.192              92              92
   35        -198.386     -73.219        -198.385     -73.216              35              35
   56          37.000      -0.001          37.000       0.000              56              56
  166        -198.385      73.212        -198.386      73.215             166             166
  178         197.159    -373.189         197.151    -373.192             178             178
   34         727.027     716.559         727.037     716.551              34              34
  238        -110.812     225.867        -110.806     225.874             238             238
   46        -373.015    -332.421        -373.019    -332.413              46              46
  202        -156.425     141.685        -156.426     141.689             202             202
   79         211.573      10.182         211.569      10.181              79              79
   30         357.996     411.000         358.000     411.000              30              30
  240         363.218    -412.728         363.212    -412.728             240             240
    9          81.472      -6.983          81.473      -6.980               9               9
  213          63.737    -359.680          63.733    -359.678             213             213
  196        -607.190     -32.139        -607.195     -32.127             196             196
  120          79.600    -157.476          79.587    -157.474             120             120
  175        -122.180    -317.863        -122.198    -317.861             175             175
   98         -65.706      27.547         -65.732      27.547              98              98
