SINAL     NFT                         FFT                         NFT INVERSA     FFT INVERSA
-----     -----------------------     -----------------------     -----------     -----------
   58        3950.000       0.000        3950.000       0.000              58              58
   99        -695.937     290.207        -695.936     290.208              99              99
    8         184.007    -399.238         184.008    -399.238               8               8
  227        -284.087    -150.154        -284.086    -150.153             227             227
   64         120.920     -84.973         120.920     -84.974              64              64
  193        -385.763     629.624        -385.761     629.625             193             193
   69          37.670    -331.020          37.669    -331.019              69              69
  111          -9.410     -64.793          -9.410     -64.793             111             111
   32         254.998     277.001         255.000     277.000              32              32
   90         -32.651    -313.301         -32.652    -313.301              90              90
   74         313.122     447.981         313.125     447.980              74              74
  127          35.967    -161.490          35.967    -161.488             127             127
  204          77.079     -88.974          77.080     -88.974             204             204
   73         372.166     -47.427         372.168     -47.430              73              73
   23         -70.806     -24.240         -70.801     -24.239              23              23
  228        -536.293     -88.467        -536.290     -88.462             228             228
  250        -856.000      -0.009        -856.000       0.000             250             250
  209        -536.286      88.455        -536.290      88.461             209             209
  234         -70.796      24.237         -70.801      24.239             234             234
  218         372.171      47.434         372.168      47.430             218             218
   86          77.080      88.974          77.080      88.974              86              86
   64          35.968     161.486          35.967     161.489              64              64
  216         313.133    -447.976         313.126    -447.980             216             216
  203         -32.656     313.300         -32.653     313.301             203             203
  160         255.005    -276.997         255.000    -277.000             160             160
  172          -9.412      64.794          -9.410      64.793             172             172
    6          37.662     331.016          37.669     331.019               6               6
  121        -385.748    -629.634        -385.761    -629.626             121             121
   47         120.923      84.980         120.920      84.974              47              47
  163        -284.083     150.149        -284.086     150.153             163             163
   16         184.008     399.238         184.007     399.238              16              16
  105        -695.907    -290.226        -695.936    -290.208             105             105
