SINAL     NFT                         FFT                         NFT INVERSA     FFT INVERSA
-----     -----------------------     -----------------------     -----------     -----------
  194        4811.000       0.000        4811.000       0.000             194             194
  173          30.707    -732.187          30.708    -732.187             173             173
  238          88.666    -205.341          88.667    -205.341             238             238
   38         166.665     -23.534         166.665     -23.534              38              38
  249         680.847     175.473         680.848     175.472             249             249
  106         317.445     169.632         317.448     169.632             106             106
  251         -42.439     292.162         -42.436     292.163             251             251
  226        -387.263     105.794        -387.261     105.797             226             226
  193         184.001    -363.000         184.000    -363.000             193             193
  237        -363.326     248.224        -363.323     248.227             237             237
  191          47.375    -110.306          47.375    -110.305             191             191
   43        -105.039    -194.845        -105.039    -194.843              43              43
  246        -502.849      97.467        -502.849      97.471             246             246
  140        -156.868     256.232        -156.869     256.235             140             140
  176         326.395      64.192         326.394      64.191             176             176
  103          25.669     406.483          25.671     406.486             103             103
  253         777.000       0.003         777.000       0.000             253             253
  159          25.673    -406.490          25.671    -406.486             159             159
  103         326.392     -64.190         326.394     -64.191             103             103
   64        -156.869    -256.239        -156.869    -256.235              64              64
  185        -502.847     -97.479        -502.848     -97.472             185             185
  137        -105.039     194.840        -105.039     194.843             137             137
   37          47.375     110.301          47.375     110.304              37              37
  127        -363.316    -248.235        -363.322    -248.227             127             127
  149         183.998     362.999         184.000     363.000             149             149
  187        -387.254    -105.810        -387.261    -105.798             187             187
  101         -42.420    -292.168         -42.436    -292.164             101             101
   11         317.462    -169.628         317.448    -169.631              11              11
   20         680.859    -175.460         680.849    -175.471              20              20
   51         166.672      23.539         166.666      23.535              51              51
  208          88.676     205.343          88.667     205.341             208             208
  215          30.723     732.181          30.707     732.187             215             215
