SINAL     NFT                         FFT                         NFT INVERSA     FFT INVERSA
-----     -----------------------     -----------------------     -----------     -----------
  125        4732.000       0.000        4732.000       0.000             125             125
  203         129.838       0.342         129.839       0.342             203             203
  148         424.349     -58.856         424.350     -58.856             148             148
  125        -218.604     567.024        -218.602     567.024             125             125
  127         265.881     -89.103         265.882     -89.103             127             127
  152         -67.639      -3.277         -67.637      -3.276             152             152
  165        -274.797     261.892        -274.795     261.894             165             165
  103          73.940    -116.425          73.941    -116.423             103             103
  189        -268.000    -284.002        -268.000    -284.000             189             189
  212         -76.711     -50.401         -76.710     -50.400             212             212
  143        -448.312      31.297        -448.312      31.301             143             143
   38         157.420    -335.587         157.417    -335.586              38              38
  126         130.120    -369.101         130.118    -369.103             126             126
    6          93.270     242.813          93.272     242.812               6               6
  250         266.755    -105.446         266.756    -105.449             250             250
  131        -411.529     714.458        -411.521     714.463             131             131
  165        -284.000      -0.008        -284.000       0.000             165             165
  199        -411.510    -714.469        -411.520    -714.463             199             199
  229         266.758     105.453         266.756     105.450             229             229
  202          93.276    -242.809          93.273    -242.812             202             202
   91         130.113     369.106         130.118     369.103              91              91
  190         157.411     335.587         157.417     335.587             190             190
   32        -448.312     -31.311        -448.312     -31.302              32              32
   94         -76.708      50.397         -76.710      50.400              94              94
  109        -268.001     283.993        -268.000     284.000             109             109
  189          73.943     116.419          73.941     116.424             189             189
   33        -274.785    -261.903        -274.795    -261.894              33              33
  248         -67.628       3.272         -67.637       3.276             248             248
   46         265.889      89.102         265.882      89.103              46              46
  245        -218.579    -567.031        -218.601    -567.025             245             245
  246         424.367      58.866         424.350      58.857             246             246
  171         129.868      -0.341         129.839      -0.342             171             171
