SINAL     NFT                         FFT                         NFT INVERSA     FFT INVERSA
-----     -----------------------     -----------------------     -----------     -----------
   77        4516.000       0.000        4516.000       0.000              77              77
  210         408.454     -92.560         408.455     -92.560             210             210
  249         119.190    -314.805         119.191    -314.805             249             249
  218        -410.060    -216.217        -410.058    -216.216             218             218
  252        -777.438    -121.084        -777.437    -121.082             252             252
  181         -77.948    -516.907         -77.949    -516.907             181             181
  121         -86.353    -270.936         -86.354    -270.936             121             121
  234        -349.307    -433.951        -349.309    -433.951             234             234
   81         339.000      51.003         339.000      51.000              81              81
   62         462.786     -83.546         462.787     -83.549              62              62
   25        -318.466     -75.987        -318.464     -75.985              25              25
  199         -55.971     131.259         -55.969     131.259             199             199
  139        -272.560    -313.083        -272.563    -313.082             139             139
   69         409.047     456.390         409.051     456.386              69              69
  159        -122.377     316.143        -122.373     316.146             159             159
  195           4.993     -77.725           4.994     -77.723             195             195
   28        -598.000      -0.007        -598.000       0.000              28              28
  176           4.995      77.721           4.994      77.723             176             176
   38        -122.366    -316.149        -122.372    -316.146              38              38
  159         409.057    -456.379         409.051    -456.385             159             159
  221        -272.568     313.080        -272.563     313.082             221             221
  137         -55.966    -131.259         -55.969    -131.259             137             137
  143        -318.462      75.982        -318.464      75.985             143             143
   10         462.789      83.557         462.787      83.550              10              10
  126         338.999     -50.992         339.000     -51.000             126             126
  166        -349.318     433.946        -349.310     433.950             166             166
   45         -86.357     270.934         -86.354     270.936              45              45
  242         -77.958     516.902         -77.950     516.906             242             242
  225        -777.434     121.063        -777.437     121.082             225             225
  252        -410.047     216.204        -410.058     216.215             252             252
   30         119.206     314.801         119.191     314.805              30              30
   47         408.484      92.560         408.454      92.560              47              47
