SINAL     NFT                         FFT                         NFT INVERSA     FFT INVERSA
-----     -----------------------     -----------------------     -----------     -----------
  127        3582.000       0.000        3582.000       0.000             127             127
  196         432.505      -3.506         432.506      -3.506             196             196
   40         -94.462    -132.400         -94.461    -132.400              40              40
  137         327.949     282.420         327.950     282.420             137             137
  118        -289.882      18.144        -289.881      18.146             118             118
  160          70.543    -155.140          70.543    -155.140             160             160
  121         800.546     206.101         800.548     206.099             121             121
  165        -101.338     -65.693        -101.336     -65.692             165             165
   46          30.998     173.000          31.000     173.000              46              46
   70          85.875      78.899          85.877      78.899              70              70
  222         344.866    -140.317         344.868    -140.318             222             222
  131        -320.139       0.177        -320.136       0.179             131             131
   87         183.877     150.147         183.881     150.146              87              87
   29        -251.820     405.201        -251.814     405.205              29              29
   61        -394.954    -266.823        -394.954    -266.816              61              61
   19        -539.590    -171.455        -539.591    -171.449              19              19
  164         -88.000      -0.001         -88.000       0.000             164             164
   23        -539.592     171.441        -539.591     171.448              23              23
    4        -394.954     266.807        -394.954     266.816               4               4
  152        -251.803    -405.212        -251.813    -405.205             152             152
  144         183.887    -150.144         183.881    -150.146             144             144
  192        -320.131      -0.185        -320.136      -0.180             192             192
  179         344.871     140.321         344.868     140.318             179             179
   14          85.881     -78.901          85.877     -78.899              14              14
   81          31.007    -173.001          31.000    -173.000              81              81
   13        -101.329      65.689        -101.336      65.692              13              13
  196         800.556    -206.086         800.548    -206.098             196             196
  136          70.540     155.140          70.543     155.140             136             136
  122        -289.874     -18.155        -289.881     -18.146             122             122
  148         327.965    -282.414         327.951    -282.419             148             148
   35         -94.451     132.397         -94.462     132.399              35              35
  250         432.530       3.513         432.505       3.507             250             250
