SINAL     NFT                         FFT                         NFT INVERSA     FFT INVERSA
-----     -----------------------     -----------------------     -----------     -----------
  162        4328.000       0.000        4328.000       0.000             162             162
   36         201.107    -313.346         201.108    -313.346              36              36
  252        -183.017     626.350        -183.016     626.351             252             252
  147        -265.914    -427.197        -265.914    -427.196             147             147
  188        -137.548    -332.649        -137.548    -332.648             188             188
   80        -276.370     -99.101        -276.370     -99.101              80              80
  148         -32.179      22.452         -32.178      22.452             148             148
  137        -133.706    -190.180        -133.707    -190.179             137             137
   54         145.001     -82.999         145.000     -83.000              54              54
  230        -125.288     439.573        -125.286     439.575             230             230
  185         343.426    -242.708         343.423    -242.709             185             185
  197         410.936     151.321         410.938     151.318             197             197
  146         -48.455     263.351         -48.452     263.352             146             146
  208          88.749     480.677          88.753     480.678             208             208
  140           7.767     501.185           7.770     501.189             140             140
  144         292.482    -290.138         292.479    -290.136             144             144
  138         282.000       0.000         282.000       0.000             138             138
  157         292.474     290.134         292.478     290.136             157             157
   15           7.776    -501.195           7.771    -501.189              15              15
    3          88.758    -480.679          88.753    -480.678               3               3
  159         -48.448    -263.353         -48.452    -263.352             159             159
   10         410.941    -151.311         410.938    -151.317              10              10
   56         343.417     242.713         343.423     242.709              56              56
  103        -125.282    -439.578        -125.286    -439.575             103             103
  212         144.998      83.004         145.000      83.000             212             212
  100        -133.711     190.176        -133.707     190.179             100             100
  237         -32.178     -22.454         -32.179     -22.452             237             237
  166        -276.370      99.095        -276.370      99.100             166             166
  166        -137.549     332.644        -137.548     332.648             166             166
  232        -265.913     427.182        -265.914     427.195             232             232
   47        -182.987    -626.360        -183.015    -626.351              47              47
   73         201.131     313.348         201.108     313.346              73              73
