SINAL     NFT                         FFT                         NFT INVERSA     FFT INVERSA
-----     -----------------------     -----------------------     -----------     -----------
  100        4272.000       0.000        4272.000       0.000             100             100
   17        -192.803     197.380        -192.802     197.380              17              17
  244         139.870    -473.387         139.870    -473.387             244             244
  141         -89.627     617.146         -89.625     617.146             141             141
   10          70.414    -195.385          70.414    -195.385              10              10
  178           4.323     -14.265           4.324     -14.265             178             178
  120          27.356     285.751          27.359     285.751             120             120
  240        -446.980    -217.940        -446.979    -217.938             240             240
   47        -480.002     365.998        -480.000     366.000              47              47
  142        -277.629     224.290        -277.629     224.292             142             142
  204          19.378     345.663          19.379     345.665             204             204
   56        -275.553    -136.109        -275.556    -136.105              56              56
   84          67.588     158.615          67.586     158.615              84              84
   16         752.732     233.139         752.732     233.136              16              16
   63         277.390      46.526         277.392      46.527              63              63
  186        -178.465    -246.565        -178.466    -246.561             186             186
  188          92.000       0.000          92.000       0.000             188             188
  134        -178.468     246.557        -178.466     246.561             134             134
  217         277.395     -46.527         277.392     -46.527             217             217
  241         752.734    -233.129         752.733    -233.135             241             241
  243          67.583    -158.616          67.586    -158.615             243             243
  121        -275.561     136.098        -275.556     136.105             121             121
  187          19.382    -345.668          19.379    -345.665             187             187
   27        -277.628    -224.298        -277.629    -224.292              27              27
  125        -479.994    -366.007        -480.000    -366.000             125             125
  145        -446.977     217.930        -446.979     217.938             145             145
   89          27.371    -285.752          27.359    -285.751              89              89
  182           4.330      14.266           4.324      14.265             182             182
   54          70.417     195.383          70.414     195.385              54              54
  109         -89.604    -617.147         -89.624    -617.146             109             109
  207         139.873     473.391         139.870     473.387             207             207
  155        -192.771    -197.386        -192.802    -197.380             155             155
