SINAL     NFT                         FFT                         NFT INVERSA     FFT INVERSA
-----     -----------------------     -----------------------     -----------     -----------
   60        4459.000       0.000        4459.000       0.000              60              60
   56        -244.335     471.799        -244.334     471.799              56              56
  250        -337.583      38.536        -337.582      38.537             250             250
  128          82.579    -199.959          82.580    -199.959             128             128
  129         111.739    -641.873         111.739    -641.874             129             129
   30         -31.656    -418.966         -31.656    -418.968              30              30
   64        -132.717     439.630        -132.714     439.630              64              64
   24          23.086     279.748          23.088     279.747              24              24
  224          27.998     125.001          28.000     125.000             224             224
  175        -175.661     383.713        -175.658     383.714             175             175
  189        -321.114     226.698        -321.113     226.701             189             189
  100         129.361     275.156         129.364     275.156             100             100
   87        -333.743     448.122        -333.739     448.126              87              87
  174         117.253     -91.758         117.252     -91.757             174             174
   55        -588.593     265.601        -588.592     265.608              55              55
  253         547.362     301.848         547.364     301.846             253             253
    4        -287.000      -0.008        -287.000       0.000               4               4
  228         547.366    -301.844         547.364    -301.846             228             228
  103        -588.590    -265.617        -588.592    -265.608             103             103
  149         117.251      91.755         117.252      91.757             149             149
  218        -333.732    -448.134        -333.738    -448.126             218             218
  201         129.368    -275.155         129.364    -275.155             201             201
  100        -321.108    -226.706        -321.112    -226.701             100             100
  181        -175.648    -383.717        -175.657    -383.715             181             181
  185          28.006    -124.998          28.000    -125.000             185             185
  216          23.096    -279.745          23.089    -279.747             216             216
  245        -132.703    -439.625        -132.714    -439.629             245             245
  203         -31.658     418.974         -31.657     418.968             203             203
  150         111.733     641.876         111.738     641.874             150             150
   44          82.581     199.955          82.579     199.959              44              44
   23        -337.570     -38.549        -337.582     -38.537              23              23
  211        -244.295    -471.805        -244.334    -471.800             211             211
