SINAL     NFT                         FFT                         NFT INVERSA     FFT INVERSA
-----     -----------------------     -----------------------     -----------     -----------
   59        3395.000       0.000        3395.000       0.000              59              59
   18           4.710     350.029           4.711     350.029              18              18
  132         162.321    -240.125         162.322    -240.125             132             132
  146         -46.119     138.360         -46.117     138.359             146             146
  117        -343.775     312.750        -343.773     312.751             117             117
   91        -271.246    -113.680        -271.246    -113.679              91              91
  143         101.003     -22.345         101.003     -22.345             143             143
   63         120.356     613.444         120.360     613.444              63              63
    0        -448.000    -115.003        -448.000    -115.000              -0              -0
  183        -230.263     275.669        -230.262     275.670             183             183
    5          45.239     261.557          45.240     261.558               5               5
   42         329.229    -274.007         329.227    -274.009              42              42
   50        -130.230     214.749        -130.227     214.751              50              50
  191        -114.372     -31.275        -114.373     -31.274             191             191
   34         -24.568     451.776         -24.565     451.779              34              34
  136         183.704    -397.049         183.701    -397.048             136             136
   62        -183.000      -0.002        -183.000       0.000              62              62
  141         183.696     397.047         183.700     397.048             141             141
  198         -24.560    -451.782         -24.564    -451.779             198             198
   25        -114.373      31.271        -114.373      31.274              25              25
  138        -130.222    -214.753        -130.227    -214.751             138             138
  197         329.224     274.011         329.227     274.009             197             197
  213          45.241    -261.561          45.240    -261.558             213             213
  112        -230.259    -275.675        -230.262    -275.671             112             112
   50        -447.999     114.991        -448.000     115.000              50              50
    3         120.374    -613.442         120.361    -613.444               3               3
  154         101.003      22.350         101.003      22.346             154             154
  150        -271.247     113.674        -271.247     113.679             150             150
  103        -343.761    -312.758        -343.773    -312.751             103             103
  128         -46.104    -138.358         -46.117    -138.359             128             128
  148         162.329     240.128         162.322     240.125             148             148
  163           4.740    -350.028           4.711    -350.029             163             163
