SINAL     NFT                         FFT                         NFT INVERSA     FFT INVERSA
-----     -----------------------     -----------------------     -----------     -----------
  114        3896.000       0.000        3896.000       0.000             114             114
   12         209.617     396.669         209.618     396.668              12              12
  246         401.588     201.114         401.590     201.114             246             246
  150         -57.655      71.415         -57.653      71.415             150             150
    0         -12.440     134.588         -12.439     134.588               0              -0
  180          19.624    -234.974          19.625    -234.974             180             180
    3        -221.222      69.162        -221.220      69.162               3               3
   39          71.430     807.509          71.435     807.509              39              39
  231        -572.001      79.996        -572.000      80.000             231             231
   37         -25.195    -188.121         -25.196    -188.121              37              37
   47        -513.658     678.905        -513.654     678.909              47              47
   40         -94.902     473.148         -94.901     473.151              40              40
  105         154.438     340.585         154.438     340.588             105             105
  169         578.589    -334.449         578.587    -334.450             169             169
  118        -126.716     -21.143        -126.716     -21.140             118             118
  211         178.483     119.047         178.485     119.048             211             211
    4        -228.000      -0.006        -228.000       0.000               4               4
  159         178.487    -119.049         178.485    -119.048             159             159
  204        -126.714      21.135        -126.716      21.139             204             204
   97         578.582     334.452         578.586     334.450              97              97
   36         154.439    -340.593         154.439    -340.588              36              36
  148         -94.898    -473.157         -94.901    -473.151             148             148
  217        -513.645    -678.916        -513.654    -678.909             217             217
   86         -25.198     188.121         -25.196     188.121              86              86
    2        -571.996     -80.013        -572.000     -80.000               2               2
  174          71.454    -807.508          71.436    -807.509             174             174
  156        -221.214     -69.161        -221.220     -69.162             156             156
  194          19.628     234.975          19.625     234.974             194             194
  139         -12.428    -134.590         -12.438    -134.588             139             139
  112         -57.640     -71.417         -57.653     -71.415             112             112
  212         401.609    -201.106         401.590    -201.113             212             212
  254         209.651    -396.661         209.619    -396.668             254             254
