SINAL     NFT                         FFT                         NFT INVERSA     FFT INVERSA
-----     -----------------------     -----------------------     -----------     -----------
   46        8573.000       0.000        8573.000       0.000              46              46
  122        -156.131     -34.906        -156.129     -34.906             122             122
   43         -94.496     -66.743         -94.495     -66.742              43              43
  132        -232.819      23.069        -232.817      23.070             132             132
  128        -163.524    -678.170        -163.525    -678.170             128             128
  180         287.064     445.170         287.067     445.169             180             180
  245          41.347     110.354          41.350     110.353             245             245
  189        -788.757     579.490        -788.753     579.492             189             189
   37        -317.142     516.090        -317.139     516.092              37              37
  131         -40.210     261.584         -40.208     261.585             131             131
   67         332.991     455.939         332.996     455.940              67              67
  214        -960.346     186.423        -960.345     186.433             214             214
  122         632.837    -478.276         632.833    -478.278             122             122
   94          70.493    -288.990          70.494    -288.989              94              94
  200        -349.857    -494.276        -349.860    -494.273             200             200
  129         254.925      79.303         254.928      79.299             129             129
  178        -680.002     162.993        -680.000     163.000             178             178
   63         249.198     151.293         249.198     151.292              63              63
   74         -27.444    -517.797         -27.450    -517.796              74              74
  140         412.797     319.234         412.802     319.228             140             140
  116          83.975      35.141          83.979      35.140             116             116
  232         261.017     153.787         261.023     153.784             232             232
  139        -265.049     740.413        -265.033     740.423             139             139
  237        -452.444    -471.849        -452.447    -471.834             237             237
   28        -428.854    -477.919        -428.861    -477.908              28              28
  181        -125.682    -651.304        -125.693    -651.302             181             181
  221        -491.449    -261.015        -491.456    -261.012             221             221
   74         120.503     322.318         120.502     322.314              74              74
   65         758.716    -232.738         758.714    -232.751              65              65
   36        -297.044    -179.822        -297.042    -179.819              36              36
  147         117.940     197.890         117.947     197.887             147             147
  112        -410.581    -237.198        -410.582    -237.191             112             112
  159        -313.000      -0.003        -313.000       0.000             159             159
  191        -410.583     237.183        -410.582     237.191             191             191
  244         117.956    -197.882         117.947    -197.886             244             244
   32        -297.040     179.815        -297.042     179.819              32              32
  115         758.710     232.768         758.713     232.752             115             115
  234         120.502    -322.309         120.503    -322.314             234             234
  221        -491.468     261.006        -491.457     261.011             221             221
  153        -125.711     651.300        -125.694     651.302             153             153
  109        -428.874     477.890        -428.862     477.908             109             109
   33        -452.454     471.806        -452.448     471.833              33              33
  111        -265.000    -740.441        -265.031    -740.423             111             111
  232         261.038    -153.777         261.024    -153.784             232             232
  127          83.986     -35.139          83.979     -35.141             127             127
   55         412.814    -319.212         412.802    -319.227              55              55
  105         -27.467     517.795         -27.451     517.796             105             105
   50         249.199    -151.290         249.198    -151.292              50              50
  119        -679.993    -163.022        -680.000    -163.000             119             119
  180         254.936     -79.286         254.928     -79.299             180             180
  190        -349.871     494.263        -349.861     494.273             190             190
  235          70.494     288.985          70.493     288.989             235             235
  157         632.813     478.285         632.832     478.278             157             157
   74        -960.337    -186.487        -960.345    -186.435              74              74
  216         333.023    -455.940         332.997    -455.939             216             216
  185         -40.197    -261.595         -40.208    -261.585             185             185
    0        -317.117    -516.108        -317.138    -516.092               0              -0
  182        -788.713    -579.517        -788.752    -579.493             182             182
    4          41.383    -110.343          41.350    -110.353               4               4
   66         287.105    -445.142         287.068    -445.168              66              66
  219        -163.530     678.173        -163.525     678.169             219             219
  152        -232.781     -23.081        -232.817     -23.070             152             152
  178         -94.441      66.739         -94.495      66.742             178             178
  123        -156.017      34.899        -156.129      34.906             123             123
