SINAL     NFT                         FFT                         NFT INVERSA     FFT INVERSA
-----     -----------------------     -----------------------     -----------     -----------
  168        8177.000       0.000        8177.000       0.000             168             168
  165         464.897     -83.843         464.898     -83.843             165             165
   10         833.711     376.622         833.714     376.621              10              10
  175         -96.226     -96.303         -96.224     -96.302             175             175
  229        -576.629     -53.866        -576.627     -53.865             229             229
  224         655.141     760.228         655.145     760.227             224             224
    0        -406.429    -384.878        -406.428    -384.875               0              -0
  174         627.109     259.232         627.113     259.230             174             174
   94        -908.605     -30.657        -908.602     -30.652              94              94
  122        -508.405     145.470        -508.404     145.473             122             122
  210        -484.192     451.230        -484.191     451.236             210             210
  204         470.563    -622.507         470.557    -622.508             204             204
   64        -150.898     422.971        -150.897     422.973              64              64
  214         806.135    -101.969         806.133    -101.973             214             214
   37         215.776      36.495         215.776      36.494              37              37
   49         907.111      38.997         907.112      38.990              49              49
    8         378.997     -53.998         379.000     -54.000               8               8
  114         525.856     -72.915         525.858     -72.920             114             114
  124         428.767     361.458         428.775     361.455             124             124
   37        1058.712      20.596        1058.721      20.587              37              37
  193        -281.280    -127.920        -281.270    -127.915             193             193
   78        -370.433     184.851        -370.422     184.858              78              78
   35        -410.647      71.915        -410.640      71.923              35              35
  149        -586.840      96.861        -586.839      96.872             149             149
  217         126.607    -178.651         126.602    -178.651             217             217
  253         586.614     581.418         586.626     581.411             253             253
  160         251.220    -159.635         251.227    -159.633             160             160
  180        -477.299     -21.332        -477.293     -21.323             180             180
  102         336.776     559.250         336.794     559.249             102             102
   92        -498.017     321.233        -498.000     321.252              92              92
  247        -452.233    -349.884        -452.232    -349.865             247             247
   15        -908.979    -453.081        -908.984    -453.061              15              15
    2        -539.000      -0.011        -539.000       0.000               2               2
    2        -908.990     453.036        -908.984     453.059               2               2
  191        -452.230     349.843        -452.232     349.864             191             191
  231        -497.979    -321.278        -497.999    -321.254             231             231
  227         336.817    -559.246         336.794    -559.248             227             227
  192        -477.283      21.309        -477.292      21.322             192             192
  150         251.236     159.632         251.226     159.634             150             150
   65         586.646    -581.401         586.627    -581.411              65              65
   58         126.594     178.653         126.602     178.652              58              58
  105        -586.834     -96.894        -586.838     -96.873             105             105
   14        -410.628     -71.940        -410.640     -71.923              14              14
  122        -370.400    -184.872        -370.422    -184.859             122             122
   63        -281.246     127.903        -281.270     127.915              63              63
   51        1058.744     -20.563        1058.722     -20.585              51              51
  172         428.796    -361.446         428.775    -361.454             172             172
   72         525.865      72.935         525.858      72.921              72              72
  165         379.008      54.007         379.000      54.000             165             165
   40         907.117     -38.966         907.113     -38.989              40              40
  109         215.776     -36.492         215.776     -36.494             109             109
  102         806.124     101.993         806.132     101.974             102             102
  119        -150.890    -422.980        -150.897    -422.973             119             119
  145         470.527     622.518         470.556     622.509             145             145
  252        -484.184    -451.266        -484.190    -451.236             252             252
   81        -508.396    -145.495        -508.404    -145.474              81              81
  142        -908.580      30.613        -908.602      30.651             142             142
  156         627.148    -259.210         627.114    -259.229             156             156
    5        -406.420     384.850        -406.428     384.875               5               5
  245         655.197    -760.208         655.146    -760.225             245             245
  248        -576.602      53.845        -576.627      53.864             248             248
  253         -96.172      96.294         -96.224      96.302             253             253
    4         833.795    -376.588         833.714    -376.620               4               4
  251         464.998      83.865         464.898      83.844             251             251
