SINAL     NFT                         FFT                         NFT INVERSA     FFT INVERSA
-----     -----------------------     -----------------------     -----------     -----------
  121        8069.000       0.000        8069.000       0.000             121             121
   26        -191.674    -182.141        -191.673    -182.141              26              26
  174          31.665     585.844          31.667     585.844             174             174
   57        -114.383     597.364        -114.380     597.364              57              57
   93        -334.528     254.606        -334.526     254.608              93              93
  200         -49.776    -271.620         -49.776    -271.618             200             200
   85        -211.625    -574.682        -211.626    -574.681              85              85
   14         -12.491     -64.550         -12.491     -64.551              14              14
   73         496.723     157.380         496.726     157.377              73              73
  137        -291.988     763.854        -291.981     763.856             137             137
  168        -263.497     -67.672        -263.495     -67.669             168             168
   40        -666.912     102.400        -666.911     102.405              40              40
   90        -222.625     266.589        -222.626     266.593              90              90
  239         879.659    -183.192         879.658    -183.196             239             239
   76        -250.158     -66.608        -250.157     -66.603              76              76
  225          37.430    -375.104          37.428    -375.103             225             225
  234         -41.002       9.998         -41.000      10.000             234             234
   43          54.907    -625.449          54.904    -625.450              43              43
   45       -1307.763     362.643       -1307.761     362.656              45              45
  244         291.695    -423.021         291.683    -423.026             244             244
   88         572.314     690.921         572.321     690.912              88              88
  234         119.939     253.335         119.945     253.337             234             234
    2        -360.908    -181.672        -360.909    -181.666               2               2
  136        -596.608     441.031        -596.608     441.039             136             136
  225         949.266     753.386         949.274     753.377             225             225
  132        -235.815      -3.290        -235.813      -3.277             132             132
  184        -324.008    -295.250        -324.017    -295.237             184             184
  219         389.288    -173.560         389.281    -173.561             219             219
   55         -51.160    -345.078         -51.170    -345.073              55              55
   79          81.788    -284.221          81.774    -284.222              79              79
  143         694.303     112.556         694.298     112.547             143             143
  176         560.977    -749.267         560.962    -749.278             176             176
  105         409.000       0.017         409.000       0.000             105             105
   62         560.943     749.292         560.960     749.279              62              62
  233         694.294    -112.534         694.298    -112.545             233             233
  199          81.758     284.223          81.774     284.222             199             199
    7         -51.183     345.067         -51.170     345.073               7               7
   63         389.269     173.564         389.280     173.562              63              63
  213        -324.032     295.218        -324.018     295.236             213             213
   81        -235.811       3.254        -235.813       3.276              81              81
  201         949.288    -753.362         949.274    -753.377             201             201
  126        -596.607    -441.055        -596.607    -441.040             126             126
  121        -360.912     181.655        -360.910     181.666             121             121
   35         119.957    -253.340         119.945    -253.336              35              35
  109         572.338    -690.891         572.322    -690.912             109             109
  197         291.654     423.040         291.682     423.027             197             197
    4       -1307.754    -362.693       -1307.760    -362.658               4               4
   88          54.895     625.454          54.903     625.450              88              88
  241         -40.994     -10.005         -41.000     -10.000             241             241
   49          37.419     375.099          37.427     375.103              49              49
   77        -250.149      66.586        -250.156      66.603              77              77
   74         879.652     183.214         879.657     183.197              74              74
   28        -222.629    -266.612        -222.626    -266.593              28              28
   79        -666.906    -102.435        -666.911    -102.407              79              79
  210        -263.486      67.648        -263.495      67.669             210             210
  254        -291.935    -763.871        -291.980    -763.856             254             254
  211         496.745    -157.351         496.726    -157.377             211             211
  139         -12.488      64.558         -12.491      64.551             139             139
  217        -211.637     574.671        -211.627     574.681             217             217
   11         -49.771     271.600         -49.777     271.618              11              11
  218        -334.492    -254.640        -334.526    -254.608             218             218
  105        -114.319    -597.377        -114.379    -597.365             105             105
  188          31.743    -585.835          31.668    -585.844             188             188
   67        -191.575     182.143        -191.673     182.141              67              67
