SINAL     NFT                         FFT                         NFT INVERSA     FFT INVERSA
-----     -----------------------     -----------------------     -----------     -----------
  159        7740.000       0.000        7740.000       0.000             159             159
   46         335.691     212.576         335.693     212.577              46              46
  239         102.198    -680.809         102.198    -680.809             239             239
  158         292.661    -347.488         292.662    -347.488             158             158
  214         690.271    -333.500         690.273    -333.502             214             214
  224         588.555    -165.499         588.559    -165.501             224             224
  227        -755.750     269.071        -755.745     269.074             227             227
  113        -772.531    -355.206        -772.531    -355.203             113             113
   40        -714.302    -145.015        -714.303    -145.012              40              40
    0         -64.015     569.458         -64.013     569.458               0               0
   17         295.194     -63.300         295.193     -63.301              17              17
  215         555.552     474.583         555.556     474.581             215             215
  218         363.661    -402.751         363.661    -402.752             218             218
   99        -248.657     -20.686        -248.655     -20.684              99              99
  120         142.095    -520.158         142.092    -520.162             120             120
  103        -157.574     438.469        -157.569     438.466             103             103
  205         437.987    1008.004         438.000    1008.000             205             205
   39          74.241     216.176          74.249     216.179              39              39
   79       -1008.879      28.318       -1008.877      28.334              79              79
  201         393.765    -400.355         393.760    -400.360             201             201
   54        -555.985     962.918        -555.974     962.927              54              54
   88         389.528    -504.533         389.519    -504.535              88              88
   85         100.880     431.105         100.886     431.103              85              85
   44         -47.653     373.995         -47.650     373.999              44              44
  146         858.299      62.997         858.303      62.988             146             146
   11        -627.318      73.616        -627.314      73.629              11              11
    9          12.233     309.369          12.234     309.371               9               9
  249         505.521     317.002         505.526     316.997             249             249
  190         294.021     784.175         294.040     784.177             190             190
   66        -451.470      14.164        -451.468      14.184              66              66
   57         304.018      61.577         304.019      61.580              57              57
   94         -30.337     486.304         -30.326     486.316              94              94
  113        -168.000      -0.020        -168.000       0.000             113             113
   41         -30.312    -486.329         -30.325    -486.317              41              41
  253         304.020     -61.582         304.019     -61.580             253             253
   72        -451.465     -14.208        -451.468     -14.185              72              72
    9         294.065    -784.181         294.040    -784.178               9               9
  224         505.533    -316.988         505.527    -316.996             224             224
  185          12.237    -309.374          12.235    -309.371             185             185
   49        -627.306     -73.648        -627.313     -73.630              49              49
  224         858.309     -62.972         858.303     -62.988             224             224
  202         -47.643    -374.007         -47.649    -373.999             202             202
    9         100.898    -431.100         100.886    -431.103               9               9
  187         389.498     504.540         389.518     504.536             187             187
   46        -555.949    -962.947        -555.973    -962.928              46              46
  129         393.745     400.373         393.759     400.361             129             129
   34       -1008.874     -28.374       -1008.877     -28.335              34              34
  252          74.272    -216.190          74.250    -216.180             252             252
  168         438.038   -1007.988         438.000   -1008.000             168             168
  114        -157.551    -438.457        -157.568    -438.466             114             114
  197         142.081     520.174         142.091     520.162             197             197
  223        -248.645      20.674        -248.655      20.683             223             223
  202         363.661     402.757         363.661     402.753             202             202
   26         555.577    -474.569         555.557    -474.580              26              26
   11         295.185      63.309         295.193      63.302              11              11
   92         -64.001    -569.458         -64.012    -569.458              92              92
   37        -714.308     144.995        -714.303     145.012              37              37
   20        -772.526     355.172        -772.531     355.202              20              20
   86        -755.693    -269.103        -755.744    -269.075              86              86
  228         588.599     165.530         588.559     165.502             228             228
   87         690.292     333.530         690.273     333.503              87              87
  144         292.679     347.497         292.661     347.489             144             144
   66         102.221     680.797         102.198     680.809              66              66
  201         335.802    -212.583         335.693    -212.576             201             201
