SINAL     NFT                         FFT                         NFT INVERSA     FFT INVERSA
-----     -----------------------     -----------------------     -----------     -----------
   87        7889.000       0.000        7889.000       0.000              87              87
   82        -225.301     365.026        -225.299     365.026              82              82
  115        -485.621     409.478        -485.619     409.478             115             115
  125        -680.854     688.761        -680.852     688.762             125             125
   36        -406.485      79.794        -406.485      79.796              36              36
   92         292.696     -96.576         292.696     -96.575              92              92
   18          82.956    -542.335          82.956    -542.334              18              18
   81         -79.192    -131.796         -79.191    -131.795              81              81
   38        -320.258    -359.991        -320.258    -359.989              38              38
  140          86.127     133.212          86.129     133.213             140             140
  182        -329.492    -405.882        -329.492    -405.879             182             182
   70        -893.071      33.164        -893.072      33.171              70              70
  255         358.605    -681.142         358.597    -681.144             255             255
   77         181.663       7.867         181.662       7.866              77              77
  183         220.316    -619.111         220.310    -619.114             183             183
  220          94.905     156.987          94.906     156.984             220             220
   90         153.999      45.003         154.000      45.000              90              90
  145         332.452      86.270         332.455      86.266             145             145
    6        -569.803       5.719        -569.803       5.725               6               6
  117         423.096    -147.673         423.092    -147.681             117             117
  227         323.969     831.106         323.983     831.102             227             227
    3        -475.502     -47.633        -475.502     -47.621               3               3
  244         -19.674    -309.147         -19.682    -309.143             244             244
   42         522.924    -420.329         522.917    -420.337              42              42
  137         -89.737    -373.983         -89.741    -373.988             137             137
   77          44.749    1074.043          44.763    1074.040              77              77
  151         738.137     397.019         738.145     397.015             151             151
  139         271.901    -338.609         271.902    -338.607             139             139
  217        -260.092    -467.961        -260.095    -467.957             217             217
   29         244.481     530.483         244.495     530.480              29              29
   84        -508.811    -323.081        -508.813    -323.068              84              84
   49        -541.103     164.181        -541.105     164.192              49              49
  112         703.000       0.012         703.000       0.000             112             112
  200        -541.105    -164.206        -541.104    -164.193             200             200
  174        -508.814     323.053        -508.813     323.068             174             174
  149         244.514    -530.474         244.496    -530.479             149             149
   36        -260.100     467.952        -260.095     467.957              36              36
  192         271.903     338.604         271.901     338.607             192             192
  230         738.156    -397.007         738.145    -397.014             230             230
   75          44.787   -1074.034          44.765   -1074.039              75              75
   76         -89.750     373.997         -89.742     373.989              76              76
  157         522.905     420.352         522.917     420.338             157             157
  145         -19.698     309.137         -19.683     309.143             145             145
   76        -475.501      47.596        -475.502      47.621              76              76
  235         324.013    -831.095         323.983    -831.102             235             235
   73         423.083     147.699         423.092     147.681              73              73
   41        -569.803      -5.742        -569.804      -5.726              41              41
   69         332.464     -86.254         332.455     -86.265              69              69
  218         154.002     -44.992         154.000     -45.000             218             218
   47          94.912    -156.972          94.906    -156.984              47              47
  187         220.289     619.127         220.309     619.115             187             187
  190         181.659      -7.858         181.662      -7.865             190             190
   51         358.561     681.154         358.597     681.145              51              51
  175        -893.079     -33.209        -893.072     -33.173             175             175
  232        -329.498     405.861        -329.493     405.879             232             232
  188          86.141    -133.215          86.129    -133.213             188             188
  252        -320.264     359.973        -320.259     359.988             252             252
  128         -79.182     131.785         -79.190     131.794             128             128
   72          82.948     542.325          82.955     542.334              72              72
  214         292.698      96.565         292.696      96.575             214             214
  158        -406.475     -79.835        -406.485     -79.797             158             158
  157        -680.798    -688.804        -680.850    -688.764             157             157
    7        -485.549    -409.499        -485.619    -409.479               7               7
   15        -225.175    -365.029        -225.298    -365.026              15              15
