SINAL     NFT                         FFT                         NFT INVERSA     FFT INVERSA
-----     -----------------------     -----------------------     -----------     -----------
   29        7660.000       0.000        7660.000       0.000              29              29
   57        -693.118     164.284        -693.117     164.284              57              57
  130         111.729     231.712         111.730     231.712             130             130
   29        -377.143     678.715        -377.140     678.716              29              29
  199         133.617    -568.491         133.617    -568.490             199             199
   13         -21.477    -313.262         -21.476    -313.262              13              13
  233        -472.059     712.001        -472.054     712.002             233             233
   13        -505.465     283.182        -505.463     283.185              13              13
  136         -84.478      68.612         -84.477      68.614             136             136
    9        -515.545     186.498        -515.541     186.503               9               9
   92       -1266.239     -47.905       -1266.241     -47.894              92              92
   91          -8.289    -436.097          -8.296    -436.093              91              91
  129         367.954   -1355.488         367.941   -1355.492             129             129
   18         765.670     344.102         765.674     344.093              18              18
   47        -234.467    -365.236        -234.467    -365.236              47              47
  199        -326.022     448.338        -326.017     448.339             199             199
  231        -262.999     140.995        -263.000     141.000             231             231
  125         672.167    -653.138         672.160    -653.145             125             125
  216        -251.588      88.386        -251.585      88.386             216             216
  101         184.252      15.481         184.253      15.477             101             101
  169        -205.362     308.445        -205.357     308.447             169             169
   37         -14.215      62.862         -14.214      62.865              37              37
   85         119.148    -193.902         119.146    -193.902              85              85
  184        -208.612    -385.755        -208.616    -385.753             184             184
  163          -9.528     232.616          -9.523     232.614             163             163
   26        -221.330      11.391        -221.329      11.395              26              26
   39        -227.215    -418.272        -227.223    -418.271              39              39
  144        -303.828     344.731        -303.825     344.731             144             144
  145        -644.192     143.440        -644.200     143.449             145             145
  221         920.455     288.332         920.453     288.312             221             221
  113        -363.318     821.061        -363.308     821.069             113             113
  175         748.491     534.445         748.494     534.442             175             175
   23         582.000      -0.002         582.000       0.000              23              23
  243         748.499    -534.436         748.495    -534.440             243             243
  205        -363.294    -821.080        -363.306    -821.069             205             205
  222         920.451    -288.286         920.453    -288.311             222             222
    0        -644.209    -143.461        -644.200    -143.449              -0              -0
  182        -303.819    -344.732        -303.825    -344.731             182             182
  236        -227.234     418.270        -227.223     418.271             236             236
  136        -221.328     -11.401        -221.329     -11.395             136             136
  191          -9.516    -232.610          -9.523    -232.614             191             191
   72        -208.625     385.751        -208.617     385.753              72              72
  228         119.143     193.902         119.146     193.903             228             228
   65         -14.213     -62.870         -14.214     -62.865              65              65
   91        -205.346    -308.452        -205.357    -308.447              91              91
   19         184.256     -15.467         184.253     -15.477              19              19
    9        -251.578     -88.387        -251.585     -88.387               9               9
   67         672.138     653.166         672.159     653.146              67              67
  144        -263.003    -141.015        -263.000    -141.000             144             144
  225        -326.002    -448.346        -326.017    -448.340             225             225
  168        -234.469     365.234        -234.468     365.236             168             168
   58         765.689    -344.055         765.674    -344.092              58              58
    7         367.881    1355.509         367.939    1355.493               7               7
  254          -8.333     436.076          -8.297     436.093             254             254
  243       -1266.251      47.831       -1266.241      47.892             243             243
  171        -515.523    -186.534        -515.542    -186.504             171             171
   24         -84.465     -68.627         -84.477     -68.614              24              24
   26        -505.442    -283.214        -505.463    -283.185              26              26
   59        -472.006    -712.016        -472.053    -712.002              59              59
  170         -21.463     313.271         -21.476     313.262             170             170
  248         133.616     568.485         133.616     568.490             248             248
  172        -377.084    -678.742        -377.139    -678.717             172             172
   89         111.783    -231.703         111.731    -231.711              89              89
   15        -693.013    -164.306        -693.116    -164.285              15              15
