SINAL     NFT                         FFT                         NFT INVERSA     FFT INVERSA
-----     -----------------------     -----------------------     -----------     -----------
   81        7723.000       0.000        7723.000       0.000              81              81
  161        -108.680     277.706        -108.678     277.707             161             161
  127         364.523    -347.469         364.525    -347.469             127             127
   97        -256.487       0.102        -256.485       0.103              97              97
  213         -69.160    -546.628         -69.160    -546.628             213             213
  181         412.947    -628.551         412.948    -628.552             181             181
  201        -170.372      51.237        -170.369      51.236             201             201
   69        -661.670     374.547        -661.667     374.549              69              69
  153         103.526     329.332         103.528     329.332             153             153
   62          13.063     365.036          13.067     365.038              62              62
   92        -414.326    -501.709        -414.329    -501.705              92              92
   12         655.155     -93.143         655.156     -93.149              12              12
  124        -108.943     720.962        -108.935     720.964             124             124
  140         247.261     242.656         247.267     242.658             140             140
   96        -727.451     175.645        -727.446     175.656              96              96
  222           2.735    -428.249           2.733    -428.244             222             222
  160        -804.000     -13.013        -804.000     -13.000             160             160
   42         386.693    -819.415         386.684    -819.415              42              42
   30        -549.445    -795.941        -549.453    -795.936              30              30
  182         -33.022     207.135         -33.021     207.133             182             182
    2        -233.097     -18.796        -233.100     -18.791               2               2
   85         334.977    -742.350         334.965    -742.354              85              85
  132          85.168    -132.653          85.168    -132.658             132             132
   87        -291.876     -64.000        -291.878     -63.998              87              87
  151         376.465     393.336         376.471     393.332             151             151
   13        -488.433    -566.357        -488.442    -566.348              13              13
  239         206.415    -228.098         206.408    -228.104             239             239
   68         327.797      77.577         327.801      77.569              68              68
   64        -504.797    -474.385        -504.805    -474.382              64              64
  124          65.692     805.498          65.702     805.493             124             124
  221         285.501     -31.446         285.498     -31.449             221             221
  145         209.844     364.265         209.850     364.264             145             145
   30         149.000      -0.003         149.000       0.000              30              30
   92         209.858    -364.261         209.851    -364.263              92              92
  243         285.494      31.454         285.498      31.450             243             243
  243          65.715    -805.487          65.703    -805.493             243             243
   17        -504.817     474.378        -504.806     474.382              17              17
  188         327.805     -77.557         327.800     -77.568             188             188
   57         206.397     228.115         206.408     228.105              57              57
  170        -488.457     566.333        -488.443     566.347             170             170
  251         376.482    -393.324         376.472    -393.332             251             251
  149        -291.881      63.996        -291.878      63.998             149             149
  183          85.166     132.667          85.167     132.658             183             183
  119         334.940     742.364         334.964     742.355             119             119
   34        -233.106      18.778        -233.100      18.791              34              34
   23         -33.019    -207.130         -33.021    -207.134              23              23
   85        -549.476     795.924        -549.454     795.936              85              85
  194         386.657     819.416         386.683     819.415             194             194
   66        -804.001      12.960        -804.000      13.000              66              66
  116           2.724     428.229           2.732     428.244             116             116
  121        -727.429    -175.699        -727.446    -175.657             121             121
   68         247.291    -242.664         247.268    -242.658              68              68
  201        -108.897    -720.970        -108.934    -720.964             201             201
  254         655.157      93.177         655.155      93.149             254             254
  156        -414.345     501.682        -414.329     501.704             156             156
   97          13.090    -365.050          13.067    -365.038              97              97
   11         103.545    -329.331         103.529    -329.332              11              11
  139        -661.641    -374.569        -661.667    -374.550             139             139
  166        -170.340     -51.230        -170.369     -51.237             166             166
   75         412.946     628.575         412.947     628.553              75              75
    8         -69.161     546.616         -69.161     546.628               8               8
  131        -256.448      -0.125        -256.485      -0.103             131             131
  221         364.563     347.470         364.525     347.469             221             221
   39        -108.568    -277.725        -108.678    -277.707              39              39
