SINAL     NFT                         FFT                         NFT INVERSA     FFT INVERSA
-----     -----------------------     -----------------------     -----------     -----------
  180        7457.000       0.000        7457.000       0.000             180             180
  125         142.170    -485.307         142.172    -485.307             125             125
  114         362.951     336.717         362.952     336.717             114             114
   29          45.226     157.398          45.228     157.398              29              29
  252         246.715      56.529         246.717      56.529             252             252
  242         -60.968    -604.460         -60.967    -604.459             242             242
   32         286.485     164.577         286.488     164.576              32              32
   79        -650.849    -110.087        -650.847    -110.085              79              79
   87         274.701      81.162         274.702      81.160              87              87
   60        -434.667     231.228        -434.665     231.231              60              60
  173          28.015     522.716          28.017     522.718             173             173
   13         465.789    -440.414         465.786    -440.415              13              13
  165        -191.060     402.431        -191.057     402.433             165             165
  143         700.035      86.576         700.034      86.573             143             143
  200        1077.830     345.010        1077.836     345.004             200             200
   25        -151.039    -235.401        -151.035    -235.396              25              25
  223         519.991     393.001         520.000     393.000             223             223
   36         -72.055    -896.267         -72.057    -896.263              36              36
  227        -388.591     414.484        -388.583     414.489             227             227
  119         174.004    -255.511         174.005    -255.510             119             119
  221         -28.725      23.865         -28.719      23.868             221             221
    2       -1054.561    -312.012       -1054.563    -311.996               2               2
   13         123.519    -503.392         123.509    -503.396              13              13
  247        -192.069     465.445        -192.063     465.445             247             247
  184          75.288     647.159          75.298     647.160             184             184
  125        -330.806     534.624        -330.799     534.639             125             125
    9         -20.750    -389.215         -20.760    -389.206               9               9
  185        -296.420     -95.010        -296.429     -94.999             185             185
   65        1041.069    -354.022        1041.059    -354.036              65              65
  108         296.359    -385.030         296.358    -385.037             108             108
  171        -725.466     318.524        -725.462     318.535             171             171
  246         555.838     682.948         555.845     682.944             246             246
  234         427.000      -0.004         427.000       0.000             234             234
   29         555.853    -682.938         555.846    -682.943              29              29
   19        -725.456    -318.549        -725.461    -318.536              19              19
  230         296.356     385.046         296.357     385.038             230             230
   16        1041.045     354.056        1041.058     354.037              16              16
   51        -296.443      94.985        -296.430      94.999              51              51
   54         -20.775     389.192         -20.760     389.206              54              54
  103        -330.787    -534.662        -330.798    -534.639             103             103
  112          75.314    -647.162          75.298    -647.160             112             112
  228        -192.051    -465.443        -192.062    -465.444             228             228
  117         123.491     503.405         123.509     503.396             117             117
   22       -1054.569     311.960       -1054.564     311.994              22              22
  115         -28.704     -23.875         -28.719     -23.868             115             115
   61         174.005     255.508         174.004     255.511              61              61
   48        -388.561    -414.503        -388.582    -414.490              48              48
   83         -72.067     896.253         -72.059     896.263              83              83
   98         520.026    -392.998         520.000    -393.000              98              98
   19        -151.027     235.381        -151.036     235.396              19              19
  202        1077.862    -344.980        1077.837    -345.002             202             202
   64         700.032     -86.557         700.035     -86.572              64              64
   21        -191.046    -402.443        -191.057    -402.434              21              21
  216         465.771     440.424         465.785     440.416             216             216
   55          28.031    -522.728          28.018    -522.718              55              55
  206        -434.651    -231.247        -434.664    -231.231             206             206
   85         274.712     -81.149         274.702     -81.160              85              85
   65        -650.837     110.058        -650.847     110.084              65              65
  136         286.517    -164.564         286.488    -164.576             136             136
  151         -60.968     604.452         -60.968     604.459             151             151
  173         246.747     -56.534         246.717     -56.529             173             173
   51          45.270    -157.407          45.228    -157.399              51              51
  141         363.016    -336.702         362.953    -336.716             141             141
  152         142.246     485.310         142.171     485.307             152             152
