SINAL     NFT                         FFT                         NFT INVERSA     FFT INVERSA
-----     -----------------------     -----------------------     -----------     -----------
  189        7882.000       0.000        7882.000       0.000             189             189
  227         648.752    -140.805         648.754    -140.805             227             227
  238         333.709     593.125         333.711     593.125             238             238
    7         319.163    -500.611         319.164    -500.611               7               7
  155        -315.965    -296.175        -315.964    -296.174             155             155
  236         659.299    -281.518         659.300    -281.520             236             236
  215         457.759     -30.630         457.762     -30.631             215             215
   76        -633.051    -214.037        -633.050    -214.035              76              76
  121         -24.370     405.379         -24.368     405.380             121             121
   28         254.177     -26.354         254.177     -26.353              28              28
   15         415.936     -28.757         415.937     -28.758              15              15
  223         654.723     167.545         654.726     167.544             223             223
  197         517.508    -611.699         517.507    -611.700             197             197
   19         446.057    -180.346         446.061    -180.348              19              19
  160         -12.961    -458.589         -12.958    -458.589             160             160
   99        -404.527      69.218        -404.523      69.222              99              99
  127         285.999    -137.998         286.000    -138.000             127             127
   17         434.648    -347.152         434.650    -347.158              17              17
   64          68.430     136.975          68.441     136.972              64              64
  109        -725.091     -30.524        -725.084     -30.516             109             109
   85        -625.962     170.180        -625.958     170.185              85              85
  209        -391.271     932.933        -391.259     932.941             209             209
  140        -340.686    -247.651        -340.692    -247.640             140             140
  212         150.195     131.729         150.194     131.730             212             212
  232         128.370    -170.621         128.368    -170.620             232             232
  111          35.773    -424.833          35.767    -424.837             111             111
   63           9.655     754.185           9.669     754.182              63              63
  162        -163.077     460.899        -163.070     460.906             162             162
  135         456.414      13.717         456.415      13.713             135             135
  151          84.530     390.827          84.542     390.827             151             151
  121        -219.893     920.369        -219.871     920.381             121             121
   68        -314.360     334.483        -314.351     334.505              68              68
  123        -166.000      -0.022        -166.000       0.000             123             123
  104        -314.342    -334.531        -314.351    -334.506             104             104
   76        -219.844    -920.397        -219.869    -920.382              76              76
   23          84.559    -390.828          84.543    -390.827              23              23
   84         456.416     -13.707         456.415     -13.712              84              84
   35        -163.060    -460.917        -163.069    -460.907              35              35
  100           9.690    -754.179           9.670    -754.183             100             100
  206          35.758     424.842          35.767     424.837             206             206
   63         128.363     170.618         128.367     170.620              63              63
  115         150.194    -131.732         150.194    -131.730             115             115
  174        -340.703     247.620        -340.692     247.640             174             174
    5        -391.233    -932.958        -391.258    -932.942               5               5
  134        -625.947    -170.198        -625.958    -170.186             134             134
   78        -725.067      30.497        -725.083      30.515              78              78
  104          68.469    -136.966          68.441    -136.972             104             104
    6         434.656     347.174         434.650     347.159               6               6
   96         286.003     138.006         286.000     138.000              96              96
  168        -404.509     -69.235        -404.522     -69.223             168             168
  115         -12.951     458.588         -12.959     458.589             115             115
  182         446.077     180.359         446.061     180.349             182             182
  122         517.503     611.707         517.507     611.701             122             122
  255         654.742    -167.536         654.726    -167.543             255             255
  138         415.940      28.763         415.937      28.759             138             138
   98         254.178      26.351         254.177      26.354              98              98
  111         -24.349    -405.386         -24.367    -405.380             111             111
  202        -633.037     214.010        -633.050     214.034             202             202
    4         457.793      30.645         457.762      30.631               4               4
  246         659.308     281.541         659.300     281.521             246             246
   98        -315.950     296.152        -315.964     296.174              98              98
  126         319.188     500.602         319.164     500.611             126             126
   59         333.794    -593.129         333.712    -593.125              59              59
  221         648.851     140.824         648.753     140.806             221             221
