SINAL     NFT                         FFT                         NFT INVERSA     FFT INVERSA
-----     -----------------------     -----------------------     -----------     -----------
    8        7343.000       0.000        7343.000       0.000               8               8
  189        -477.869     388.861        -477.868     388.861             189             189
   10        -169.041     242.092        -169.039     242.092              10              10
   33        -219.653      47.758        -219.652      47.759              33              33
   96         201.682     303.183         201.684     303.182              96              96
    4          83.578     671.628          83.582     671.628               4               4
   57        -424.375    -212.084        -424.374    -212.082              57              57
  127          27.928     700.817          27.931     700.818             127             127
  141         702.281     111.392         702.283     111.391             141             141
  200        -114.046    -548.390        -114.046    -548.388             200             200
   86         215.655      50.023         215.659      50.023              86              86
    5        -912.888    -606.449        -912.891    -606.444               5               5
   69         319.158      62.546         319.158      62.541              69              69
   93         434.501     698.441         434.510     698.438              93              93
  136         -70.238     376.055         -70.230     376.059             136             136
  209        -672.455      -8.619        -672.453      -8.608             209             209
  160         -23.994    -535.003         -24.000    -535.000             160             160
   27         352.597     -40.773         352.600     -40.775              27              27
  134        -176.684    -167.887        -176.680    -167.884             134             134
   90        -598.008     226.643        -598.002     226.654              90              90
   75        -286.022    -429.831        -286.028    -429.824              75              75
   31          39.727     -41.386          39.729     -41.382              31              31
  116        -606.013    -982.621        -606.024    -982.610             116             116
   84        -557.067    -588.112        -557.078    -588.107              84              84
  243         307.729    -610.597         307.717    -610.609             243             243
  161        -142.055     314.908        -142.048     314.905             161             161
  187        -378.575     -91.234        -378.577     -91.229             187             187
  112        -209.430    -189.807        -209.435    -189.806             112             112
   49        -114.810     -33.182        -114.814     -33.182              49              49
   34           4.892    -252.734           4.885    -252.737              34              34
  180         201.272    -284.357         201.267    -284.367             180             180
   58        -495.764     200.277        -495.763     200.281              58              58
  224         685.000       0.018         685.000       0.000             224             224
  191        -495.761    -200.285        -495.762    -200.281             191             191
   91         201.261     284.379         201.267     284.367              91              91
   64           4.875     252.741           4.884     252.737              64              64
  195        -114.818      33.183        -114.814      33.182             195             195
  148        -209.443     189.805        -209.436     189.806             148             148
  192        -378.579      91.222        -378.577      91.229             192             192
   80        -142.037    -314.899        -142.048    -314.905              80              80
   93         307.698     610.628         307.717     610.609              93              93
   22        -557.101     588.097        -557.079     588.107              22              22
   85        -606.048     982.588        -606.026     982.609              85              85
  162          39.732      41.374          39.729      41.382             162             162
  116        -286.039     429.806        -286.028     429.823             116             116
  221        -597.988    -226.679        -598.001    -226.654             221             221
  116        -176.671     167.876        -176.681     167.884             116             116
   21         352.607      40.784         352.600      40.776              21              21
  248         -24.017     534.991         -24.000     535.000             248             248
  250        -672.445       8.570        -672.453       8.607             250             250
  111         -70.199    -376.074         -70.229    -376.060             111             111
   68         434.544    -698.422         434.511    -698.436              68              68
   26         319.157     -62.519         319.158     -62.541              26              26
  227        -912.905     606.413        -912.891     606.443             227             227
  152         215.679     -50.019         215.658     -50.022             152             152
   13        -114.049     548.374        -114.047     548.388              13              13
  133         702.298    -111.385         702.283    -111.391             133             133
   84          27.958    -700.824          27.932    -700.818              84              84
  125        -424.372     212.061        -424.375     212.081             125             125
  183          83.627    -671.630          83.582    -671.628             183             183
  119         201.712    -303.168         201.684    -303.182             119             119
   50        -219.628     -47.763        -219.652     -47.758              50              50
  241        -168.989    -242.095        -169.039    -242.092             241             241
   88        -477.757    -388.870        -477.867    -388.861              88              88
