SINAL     NFT                         FFT                         NFT INVERSA     FFT INVERSA
-----     -----------------------     -----------------------     -----------     -----------
   85        8515.000       0.000        8515.000       0.000              85              85
  176        -679.109     673.112        -679.107     673.112             176             176
   17        -585.246     374.351        -585.244     374.352              17              17
  156        -168.004     293.133        -168.003     293.134             156             156
   13         219.474     247.724         219.476     247.724              13              13
   10         441.019     -76.184         441.020     -76.184              10              10
   56         542.963     212.224         542.967     212.223              56              56
  143        -640.034    -265.178        -640.032    -265.175             143             143
   69        -389.910     570.876        -389.907     570.879              69              69
   15         354.117     -23.960         354.117     -23.958              15              15
  129        -261.189    -918.526        -261.194    -918.522             129             129
   29         410.614    -553.715         410.612    -553.719              29              29
  249          59.650      79.467          59.654      79.465             249             249
  125        -360.076     183.107        -360.073     183.111             125             125
  242         -99.728    -288.098         -99.730    -288.095             242             242
  160        -503.522    -401.336        -503.527    -401.333             160             160
  145         597.000     330.007         597.000     330.000             145             145
    7         526.796    -215.987         526.794    -215.993               7               7
   79         178.474      93.488         178.477      93.485              79              79
  124         352.808     139.498         352.810     139.495             124             124
  217         941.393    -157.039         941.397    -157.052             217             217
  121        -113.476     809.255        -113.456     809.259             121             121
  158        -248.886    -336.017        -248.884    -336.007             158             158
  242        -227.322    -313.256        -227.322    -313.252             242             242
  106         -90.102     240.877         -90.094     240.879             106             106
   39        -536.651     -30.395        -536.650     -30.383              39              39
   27         397.667    -231.479         397.665    -231.482              27              27
  240          55.688    -315.876          55.689    -315.877             240             240
   79         -24.535      23.207         -24.527      23.207              79              79
  251        -488.696    -560.591        -488.698    -560.585             251             251
  117        -924.061     305.701        -924.055     305.712             117             117
  164         183.813     703.108         183.826     703.108             164             164
  172        -917.000      -0.029        -917.000       0.000             172             172
  134         183.844    -703.106         183.828    -703.107             134             134
   65        -924.047    -305.726        -924.054    -305.713              65              65
  185        -488.701     560.577        -488.699     560.584             185             185
  145         -24.515     -23.209         -24.526     -23.208             145             145
  122          55.690     315.878          55.689     315.877             122             122
   73         397.660     231.488         397.665     231.483              73              73
  214        -536.650      30.363        -536.650      30.382             214             214
  137         -90.080    -240.883         -90.093    -240.879             137             137
  202        -227.322     313.245        -227.322     313.252             202             202
  243        -248.881     335.990        -248.885     336.007             243             243
  131        -113.413    -809.267        -113.455    -809.259             131             131
   72         941.406     157.081         941.397     157.052              72              72
  229         352.817    -139.485         352.811    -139.494             229             229
   36         178.484     -93.477         178.477     -93.485              36              36
  218         526.790     216.009         526.794     215.994             218             218
  237         597.001    -329.979         597.000    -330.000             237             237
  115        -503.549     401.321        -503.528     401.332             115             115
   86         -99.738     288.087         -99.731     288.095              86              86
  199        -360.060    -183.126        -360.073    -183.111             199             199
  236          59.669     -79.457          59.654     -79.465             236             236
  245         410.596     553.738         410.611     553.720             245             245
  185        -261.222     918.500        -261.195     918.521             185             185
   87         354.120      23.947         354.117      23.958              87              87
   28        -389.883    -570.904        -389.906    -570.879              28              28
  212        -640.020     265.144        -640.033     265.174             212             212
   72         543.001    -212.212         542.967    -212.222              72              72
  107         441.030      76.192         441.019      76.185             107             107
  208         219.495    -247.727         219.476    -247.724             208             208
  190        -167.975    -293.148        -168.003    -293.134             190             190
   16        -585.188    -374.380        -585.244    -374.353              16              16
  124        -678.967    -673.131        -679.106    -673.113             124             124
