SINAL     NFT                         FFT                         NFT INVERSA     FFT INVERSA
-----     -----------------------     -----------------------     -----------     -----------
   58        8218.000       0.000        8218.000       0.000              58              58
   34          18.476    -263.234          18.478    -263.234              34              34
  175        -193.220      94.959        -193.218      94.959             175             175
  213          32.045     -83.725          32.046     -83.724             213             213
  254         139.763    -377.821         139.764    -377.820             254             254
   91        -352.817    -219.983        -352.815    -219.982              91              91
  186        -696.755    -177.680        -696.753    -177.678             186             186
  133        -504.494    -257.620        -504.494    -257.619             133             133
  123        -123.889     141.521        -123.887     141.521             123             123
   67        -940.602     -38.419        -940.602     -38.413              67              67
   99          -1.394    -199.176          -1.397    -199.176              99              99
   68         400.595    -355.204         400.594    -355.208              68              68
  126        -824.346    -110.244        -824.347    -110.241             126             126
  232         341.528      29.975         341.526      29.969             232             232
   59         391.245     772.764         391.254     772.759              59              59
  194        -374.857     290.655        -374.852     290.659             194             194
  101        -314.007     723.993        -314.000     724.000             101             101
  156        -219.992    -444.491        -219.999    -444.484             156             156
  197         188.521      24.930         188.519      24.928             197             197
  248         -68.699     358.135         -68.696     358.138             248             248
   72          84.612     -64.854          84.610     -64.850              72              72
  126          15.075    -668.074          15.064    -668.073             126             126
   33         757.543    -323.022         757.540    -323.036              33              33
  226         -35.310     111.741         -35.303     111.735             226             226
  207        -186.135    1275.515        -186.113    1275.521             207             207
   40         -51.340    -509.561         -51.345    -509.554              40              40
  224        -504.689     182.847        -504.686     182.858             224             224
   16        -277.541    -230.887        -277.549    -230.878              16              16
  135         -96.009    -584.429         -96.026    -584.431             135             135
  130         227.139     686.263         227.143     686.256             130             130
  103         938.741     135.539         938.743     135.525             103             103
  194          94.798     179.379          94.807     179.382             194             194
  164        -234.000      -0.011        -234.000       0.000             164             164
   22          94.816    -179.384          94.807    -179.381              22              22
  152         938.744    -135.508         938.743    -135.524             152             152
  163         227.149    -686.247         227.144    -686.255             163             163
  114         -96.050     584.433         -96.027     584.431             114             114
   83        -277.562     230.866        -277.550     230.878              83              83
   41        -504.682    -182.875        -504.686    -182.859              41              41
  238         -51.355     509.542         -51.346     509.554             238             238
  150        -186.075   -1275.530        -186.112   -1275.521             150             150
  140         -35.291    -111.724         -35.303    -111.734             140             140
   50         757.532     323.065         757.539     323.037              50              50
   21          15.039     668.070          15.063     668.073              21              21
  117          84.604      64.841          84.610      64.851             117             117
  110         -68.688    -358.147         -68.696    -358.139             110             110
  215         188.515     -24.923         188.519     -24.928             215             215
  218        -220.019     444.467        -219.999     444.484             218             218
   11        -313.979    -724.021        -314.000    -724.000              11              11
  156        -374.835    -290.674        -374.852    -290.659             156             156
  211         391.285    -772.740         391.254    -772.759             211             211
   83         341.519     -29.943         341.526     -29.968              83              83
   27        -824.352     110.223        -824.347     110.240              27              27
  244         400.585     355.227         400.593     355.209             244             244
   53          -1.414     199.175          -1.398     199.176              53              53
  235        -940.604      38.377        -940.603      38.412             235             235
   28        -123.873    -141.523        -123.887    -141.521              28              28
   21        -504.496     257.604        -504.495     257.618              21              21
  252        -696.740     177.651        -696.754     177.677             252             252
  164        -352.790     219.967        -352.815     219.981             164             164
  152         139.785     377.820         139.764     377.821             152             152
   99          32.079      83.715          32.046      83.724              99              99
  103        -193.159     -94.973        -193.218     -94.960             103             103
   61          18.578     263.227          18.478     263.234              61              61
