SINAL     NFT                         FFT                         NFT INVERSA     FFT INVERSA
-----     -----------------------     -----------------------     -----------     -----------
   96        8618.000       0.000        8618.000       0.000              96              96
  217         361.566    -971.249         361.568    -971.249             217             217
  221         285.322     159.909         285.324     159.908             221             221
  188        1111.056     147.820        1111.058     147.819             188             188
  188         320.935    -581.976         320.937    -581.977             188             188
  215        -501.412    -106.311        -501.409    -106.309             215             215
  252        -781.148    -946.292        -781.150    -946.290             252             252
  212         278.921     520.906         278.924     520.903             212             212
   11        -372.966     634.695        -372.961     634.698              11              11
   94         278.529    -297.958         278.529    -297.957              94              94
   82        -494.304    -176.955        -494.304    -176.951              82              82
   37         515.503     160.565         515.505     160.563              37              37
   44         561.315    -860.972         561.313    -860.977              44              44
  220          16.363     587.005          16.374     587.003             220             220
   79        -308.586      59.664        -308.581      59.668              79              79
  212           2.910     -89.697           2.914     -89.697             212             212
  218        -424.008     203.995        -424.000     204.000             218             218
  254        -638.331     130.291        -638.326     130.299             254             254
  230        -986.666     616.509        -986.661     616.525             230             230
   72         473.764    -627.979         473.754    -627.980              72              72
  133        -226.310     161.816        -226.308     161.821             133             133
  241         149.309    -270.676         149.306    -270.674             241             241
  193         -45.846    -655.783         -45.852    -655.783             193             193
  234        -361.151      53.786        -361.149      53.787             234             234
  234          56.950     578.698          56.960     578.698             234             234
   63        -602.878     224.266        -602.874     224.283              63              63
   42        -150.458    -670.418        -150.471    -670.411              42              42
  213        -363.036     -93.929        -363.042     -93.923             213             213
  188         212.073    -411.173         212.058    -411.178             188             188
   68         682.089      88.933         682.090      88.917              68              68
  120         369.687     103.484         369.696     103.477             120             120
   28        -347.231      48.834        -347.222      48.842              28              28
   30        -618.000      -0.014        -618.000       0.000              30              30
   85        -347.213     -48.850        -347.222     -48.842              85              85
  217         369.707    -103.468         369.696    -103.476             217             217
  219         682.090     -88.898         682.090     -88.917             219             219
   45         212.039     411.185         212.058     411.178              45              45
  214        -363.052      93.913        -363.043      93.922             214             214
  175        -150.493     670.401        -150.473     670.411             175             175
   56        -602.867    -224.310        -602.873    -224.284              56              56
   53          56.979    -578.697          56.961    -578.698              53              53
    1        -361.144     -53.789        -361.148     -53.787               1               1
   94         -45.865     655.783         -45.853     655.783              94              94
   98         149.300     270.670         149.306     270.675              98              98
  222        -226.301    -161.832        -226.307    -161.821             222             222
  173         473.729     627.983         473.753     627.980             173             173
   54        -986.649    -616.567        -986.661    -616.526              54              54
  185        -638.312    -130.321        -638.325    -130.300             185             185
  172        -423.977    -204.014        -424.000    -204.000             172             172
   29           2.927      89.696           2.914      89.697              29              29
    1        -308.561     -59.682        -308.580     -59.668               1               1
   50          16.417    -586.996          16.375    -587.004              50              50
   14         561.300     860.999         561.312     860.977              14              14
  194         515.513    -160.552         515.505    -160.562             194             194
   28        -494.304     176.931        -494.305     176.951              28              28
  248         278.531     297.956         278.529     297.958             248             248
    1        -372.924    -634.719        -372.960    -634.698               1               1
   70         278.957    -520.878         278.925    -520.903              70              70
  205        -781.166     946.268        -781.151     946.289             205             205
  190        -501.367     106.284        -501.408     106.308             190             190
  139         320.971     581.979         320.936     581.976             139             139
   69        1111.112    -147.788        1111.058    -147.817              69              69
  219         285.383    -159.897         285.324    -159.908             219             219
  169         361.637     971.251         361.566     971.249             169             169
