SINAL     NFT                         FFT                         NFT INVERSA     FFT INVERSA
-----     -----------------------     -----------------------     -----------     -----------
   87        7839.000       0.000        7839.000       0.000              87              87
  166         124.098      35.337         124.100      35.337             166             166
  155         581.691      -1.091         581.693      -1.091             155             155
  202        -123.985   -1345.106        -123.985   -1345.105             202             202
  144          92.383    -117.687          92.385    -117.689             144             144
  120         -94.046     303.755         -94.044     303.755             120             120
   99         162.095     -51.459         162.096     -51.460              99              99
  254         683.849     461.912         683.853     461.910             254             254
  154         187.904    -108.355         187.907    -108.355             154             154
  211        -139.363    -154.290        -139.361    -154.289             211             211
  230         445.662    -429.193         445.663    -429.198             230             230
   25        -421.360     361.882        -421.353     361.882              25              25
   11        -317.716     606.377        -317.708     606.379              11              11
   80        -648.917     747.465        -648.910     747.474              80              80
   76         475.931    -526.366         475.928    -526.367              76              76
  131        -886.062     -89.041        -886.061     -89.033             131             131
    5         150.999     136.001         151.000     136.000               5               5
   11        -361.767     160.794        -361.766     160.800              11              11
  110         208.421    -117.594         208.417    -117.594             110             110
  162         424.303    -139.919         424.302    -139.923             162             162
   85         183.117     135.129         183.121     135.128              85              85
   71         236.328    -174.375         236.330    -174.377              71              71
   92         178.112    -346.575         178.114    -346.581              92              92
   85        -616.113     815.145        -616.097     815.153              85              85
  254        -111.909      37.641        -111.907      37.645             254             254
   96         -56.608     588.699         -56.597     588.704              96              96
  151        -150.210      78.697        -150.206      78.706             151             151
  217          45.186     -98.304          45.188     -98.299             217             217
  248        -229.794    -412.945        -229.799    -412.941             248             248
   74         246.583     484.420         246.598     484.416              74              74
   84        -245.717     111.221        -245.705     111.230              84              84
   80        -860.212     265.210        -860.201     265.233              80              80
  240        -597.000      -0.021        -597.000       0.000             240             240
  239        -860.189    -265.259        -860.200    -265.234             239             239
   27        -245.691    -111.241        -245.705    -111.231              27              27
  129         246.616    -484.410         246.598    -484.416             129             129
  104        -229.805     412.935        -229.799     412.941             104             104
  126          45.189      98.292          45.188      98.299             126             126
  127        -150.201     -78.720        -150.206     -78.706             127             127
    2         -56.577    -588.710         -56.595    -588.704               2               2
   82        -111.903     -37.651        -111.907     -37.645              82              82
  101        -616.065    -815.166        -616.095    -815.153             101             101
   28         178.119     346.593         178.114     346.581              28              28
   94         236.334     174.382         236.330     174.378              94              94
  181         183.132    -135.124         183.122    -135.127             181             181
  104         424.300     139.935         424.302     139.924             104             104
  225         208.409     117.595         208.417     117.594             225             225
  186        -361.762    -160.816        -361.766    -160.800             186             186
  115         151.003    -135.997         151.000    -136.000             115             115
   80        -886.057      89.003        -886.061      89.031              80              80
   92         475.919     526.370         475.928     526.367              92              92
  201        -648.881    -747.510        -648.909    -747.475             201             201
  151        -317.672    -606.388        -317.707    -606.380             151             151
  184        -421.316    -361.885        -421.352    -361.882             184             184
   30         445.670     429.222         445.663     429.198              30              30
  150        -139.347     154.282        -139.360     154.290             150             150
   25         187.928     108.356         187.907     108.355              25              25
  182         683.888    -461.885         683.854    -461.908             182             182
  111         162.104      51.470         162.096      51.460             111             111
   18         -94.013    -303.751         -94.043    -303.755              18              18
    0          92.407     117.710          92.385     117.689               0              -0
  196        -123.998    1345.098        -123.987    1345.105             196             196
   98         581.748       1.094         581.693       1.091              98              98
  241         124.200     -35.345         124.100     -35.336             241             241
