SINAL     NFT                         FFT                         NFT INVERSA     FFT INVERSA
-----     -----------------------     -----------------------     -----------     -----------
  100        7616.000       0.000        7616.000       0.000             100             100
  182         503.733     264.961         503.735     264.961             182             182
  149        -114.598    -483.824        -114.597    -483.824             149             149
   29         221.308     758.152         221.310     758.152              29              29
   65        1069.561    -132.524        1069.563    -132.526              65              65
  249        -726.305     467.155        -726.300     467.157             249             249
  191         -22.365     -87.556         -22.363     -87.556             191             191
   30        -355.876     464.197        -355.873     464.199              30              30
   92        -196.949    -584.864        -196.951    -584.862              92              92
  109         391.905     699.557         391.909     699.555             109             109
  103         349.581     406.009         349.587     406.010             103             103
   23        -188.407      -3.952        -188.404      -3.947              23              23
  233         -73.266    -507.771         -73.269    -507.768             233             233
   93         554.514    -310.228         554.513    -310.231              93              93
  156         438.957     581.969         438.968     581.969             156             156
  172       -1007.824    -956.925       -1007.828    -956.912             172             172
   69          44.006    -601.999          44.000    -602.000              69              69
  182          10.150    -671.750          10.145    -671.753             182             182
  180        -201.497    -435.463        -201.500    -435.468             180             180
  187         109.076     580.734         109.085     580.726             187             187
  197          11.036     541.678          11.046     541.675             197             197
   14        -289.032     854.124        -289.019     854.129              14              14
   77         118.199     368.017         118.208     368.022              77              77
  112        -510.423     -95.291        -510.421     -95.277             112             112
    4        -525.042    -342.873        -525.049    -342.862               4               4
    2        -165.194     449.956        -165.191     449.962               2               2
   58         318.152    -275.123         318.146    -275.122              58              58
  116         137.302    -265.992         137.301    -265.992             116             116
    1        -331.342     -59.091        -331.341     -59.084               1               1
    2        -266.553    -140.542        -266.556    -140.537               2               2
   48        -230.447      85.155        -230.449      85.160              48              48
  102         221.594      92.293         221.593      92.291             102             102
  185         196.000       0.001         196.000       0.000             185             185
  198         221.591     -92.288         221.593     -92.290             198             198
  131        -230.452     -85.165        -230.449     -85.160             131             131
  250        -266.561     140.530        -266.556     140.536             250             250
  191        -331.339      59.074        -331.341      59.083             191             191
   67         137.299     265.992         137.301     265.992              67              67
   25         318.136     275.122         318.146     275.123              25              25
   28        -165.186    -449.971        -165.191    -449.962              28              28
  176        -525.060     342.845        -525.049     342.862             176             176
  129        -510.416      95.251        -510.421      95.276             129             129
   52         118.225    -368.032         118.209    -368.022              52              52
  154        -288.988    -854.141        -289.017    -854.129             154             154
  222          11.070    -541.668          11.047    -541.675             222             222
  208         109.107    -580.706         109.085    -580.725             208             208
   70        -201.508     435.481        -201.500     435.468              70              70
   35          10.130     671.762          10.144     671.754              35              35
  134          43.982     602.002          44.000     602.000             134             134
  251       -1007.845     956.863       -1007.829     956.910             251             251
  223         439.011    -581.967         438.969    -581.968             223             223
   76         554.511     310.248         554.513     310.232              76              76
    9         -73.282     507.753         -73.269     507.768               9               9
   45        -188.391       3.920        -188.404       3.946              45              45
  188         349.615    -406.013         349.587    -406.009             188             188
   13         391.939    -699.540         391.910    -699.554              13              13
   47        -196.969     584.852        -196.952     584.862              47              47
  247        -355.841    -464.222        -355.872    -464.200             247             247
  130         -22.347      87.549         -22.363      87.556             130             130
   48        -726.245    -467.189        -726.300    -467.158              48              48
  250        1069.598     132.564        1069.563     132.527             250             250
  178         221.369    -758.139         221.311    -758.151             178             178
  150        -114.564     483.825        -114.597     483.824             150             150
  179         503.848    -264.942         503.735    -264.960             179             179
