SINAL     NFT                         FFT                         NFT INVERSA     FFT INVERSA
-----     -----------------------     -----------------------     -----------     -----------
   12        7323.000       0.000        7323.000       0.000              12              12
   86         203.607    -189.273         203.609    -189.273              86              86
  152        -631.444    -526.713        -631.442    -526.713             152             152
   66        -413.709     117.709        -413.708     117.709              66              66
  156        -229.139     117.159        -229.138     117.160             156             156
  157        -114.911     -35.247        -114.909     -35.246             157             157
  106        -235.255    -262.190        -235.255    -262.189             106             106
  175        -536.634    -545.545        -536.635    -545.543             175             175
  137         -58.421    -210.945         -58.423    -210.947             137             137
  116         407.516     798.280         407.521     798.278             116             116
   87        -209.438    -350.662        -209.439    -350.659              87              87
  151          68.556     119.538          68.558     119.539             151             151
  255        -326.024    -781.262        -326.030    -781.260             255             255
  207         374.890     -46.056         374.890     -46.062             207             207
  206        -294.469     208.932        -294.467     208.932             206             206
   26         283.651     527.105         283.656     527.103              26              26
  196         279.996      55.000         280.000      55.000             196             196
  143        -505.395    -592.376        -505.398    -592.372             143             143
   14        -248.923     230.975        -248.921     230.976              14              14
   81         227.050     -61.084         227.050     -61.087              81              81
  219         -98.020    -114.167         -98.018    -114.168             219             219
   87        -228.726     121.576        -228.722     121.576              87              87
  146        -441.559     460.888        -441.552     460.894             146             146
   11        -237.624     241.743        -237.622     241.749              11              11
  169        -113.568    -474.949        -113.577    -474.947             169             169
   43        -120.739      16.891        -120.741      16.887              43              43
   16          26.546     896.540          26.558     896.540              16              16
  156         166.521    -362.615         166.514    -362.614             156             156
   95         133.181     304.255         133.186     304.253              95              95
  173         535.377     162.404         535.386     162.396             173             173
    1        -861.490      98.489        -861.483      98.507               1               1
  107          34.544     439.323          34.551     439.327             107             107
    3        -227.000      -0.014        -227.000       0.000               3               3
  153          34.560    -439.332          34.552    -439.327             153             153
  173        -861.476     -98.529        -861.483     -98.508             173             173
  160         535.398    -162.386         535.386    -162.395             160             160
   54         133.194    -304.249         133.186    -304.252              54              54
   23         166.503     362.614         166.513     362.614              23              23
   80          26.577    -896.541          26.560    -896.540              80              80
  192        -120.744     -16.882        -120.741     -16.888             192             192
  140        -113.593     474.943        -113.577     474.947             140             140
  168        -237.618    -241.762        -237.621    -241.750             168             168
   87        -441.538    -460.904        -441.552    -460.894              87              87
  139        -228.713    -121.576        -228.722    -121.576             139             139
  119         -98.015     114.170         -98.019     114.168             119             119
   38         227.051      61.095         227.050      61.087              38              38
  165        -248.914    -230.978        -248.921    -230.976             165             165
   60        -505.407     592.356        -505.399     592.370              60              60
  181         280.013     -55.000         280.000     -55.000             181             181
  179         283.675    -527.094         283.657    -527.103             179             179
  141        -294.456    -208.932        -294.466    -208.932             141             141
  145         374.891      46.088         374.890      46.063             145             145
   11        -326.056     781.251        -326.031     781.260              11              11
   32          68.567    -119.541          68.558    -119.539              32              32
  156        -209.444     350.645        -209.439     350.660             156             156
  181         407.554    -798.262         407.522    -798.277             181             181
   76         -58.435     210.959         -58.423     210.947              76              76
  173        -536.653     545.525        -536.636     545.542             173             173
   81        -235.252     262.173        -235.255     262.189              81              81
  171        -114.897      35.234        -114.910      35.246             171             171
   91        -229.116    -117.173        -229.138    -117.160              91              91
   82        -413.676    -117.722        -413.708    -117.710              82              82
   23        -631.408     526.686        -631.443     526.712              23              23
   94         203.706     189.270         203.609     189.273              94              94
