SINAL     NFT                         FFT                         NFT INVERSA     FFT INVERSA
-----     -----------------------     -----------------------     -----------     -----------
  223        7693.000       0.000        7693.000       0.000             223             223
   34         226.828     295.410         226.830     295.410              34              34
   64         -13.532     123.600         -13.531     123.600              64              64
  220         217.227    -642.507         217.228    -642.506             220             220
  198        -318.784    -450.465        -318.782    -450.464             198             198
  180        -470.115    -281.553        -470.115    -281.551             180             180
  210         351.013    -187.844         351.014    -187.846             210             210
  166        -206.204     122.041        -206.202     122.041             166             166
   27        -840.574     527.732        -840.571     527.737              27              27
   55         347.850      27.878         347.850      27.877              55              55
  231        -254.993    -121.447        -254.994    -121.445             231             231
   28          89.215     562.168          89.218     562.169              28              28
   73        -138.816      10.967        -138.818      10.972              73              73
   64         796.288    -197.079         796.285    -197.082              64              64
  105         319.116    -479.000         319.113    -479.003             105             105
  148         457.051      93.380         457.054      93.374             148             148
   64        -173.011     865.998        -173.000     866.000              64              64
   15         -18.047     693.483         -18.039     693.489              15              15
   57         -81.171     -24.024         -81.173     -24.015              57              57
  133         -21.487      65.223         -21.491      65.231             133             133
  194        1233.519    -383.313        1233.513    -383.322             194             194
  133        -259.523    -248.336        -259.524    -248.328             133             133
  189         607.111    -518.887         607.104    -518.894             189             189
  212         252.489     -27.483         252.492     -27.487             212             212
   36        -249.433     255.731        -249.430     255.737              36              36
   68         516.142     -17.047         516.139     -17.050              68              68
  151         622.167    -428.079         622.161    -428.089             151             151
   43         926.347     359.852         926.362     359.837              43              43
  119        -475.926     283.229        -475.912     283.242             119             119
  248           1.537     -65.480           1.539     -65.475             248             248
   97        -109.698     183.789        -109.693     183.794              97              97
   86         280.360     602.630         280.375     602.633              86              86
   27        -647.000      -0.028        -647.000       0.000              27              27
  162         280.392    -602.637         280.376    -602.633             162             162
   51        -109.687    -183.800        -109.693    -183.794              51              51
  226           1.540      65.470           1.538      65.475             226             226
   86        -475.894    -283.259        -475.912    -283.242              86              86
    5         926.383    -359.813         926.362    -359.835               5               5
  137         622.151     428.103         622.160     428.089             137             137
  113         516.133      17.056         516.139      17.050             113             113
   61        -249.424    -255.747        -249.429    -255.737              61              61
  113         252.497      27.495         252.492      27.487             113             113
  141         607.089     518.907         607.103     518.894             141             141
  134        -259.527     248.311        -259.525     248.327             134             134
  177        1233.501     383.343        1233.513     383.323             177             177
  247         -21.501     -65.249         -21.491     -65.231             247             247
   26         -81.178      23.993         -81.173      24.015              26              26
  241         -18.018    -693.507         -18.038    -693.490             241             241
    6        -172.967    -866.006        -173.000    -866.000               6               6
   84         457.064     -93.350         457.054     -93.373              84              84
  119         319.100     479.013         319.112     479.003             119             119
  201         796.272     197.098         796.284     197.083             201             201
  218        -138.828     -10.991        -138.819     -10.972             218             218
   52          89.232    -562.173          89.218    -562.168              52              52
  157        -254.999     121.433        -254.994     121.444             157             157
  254         347.846     -27.874         347.849     -27.877             254             254
  121        -840.550    -527.771        -840.570    -527.737             121             121
   52        -206.179    -122.043        -206.202    -122.041              52              52
   42         351.019     187.864         351.013     187.845              42              42
  240        -470.112     281.534        -470.115     281.550             240             240
   45        -318.769     450.446        -318.783     450.463              45              45
  140         217.242     642.496         217.227     642.506             140             140
   71         -13.472    -123.625         -13.530    -123.601              71              71
   73         226.945    -295.414         226.831    -295.410              73              73
