SINAL     NFT                         FFT                         NFT INVERSA     FFT INVERSA
-----     -----------------------     -----------------------     -----------     -----------
   45        8895.000       0.000        8895.000       0.000              45              45
  194        -610.912    -324.283        -610.910    -324.283             194             194
   34         604.699    -475.683         604.700    -475.684              34              34
   16       -1123.453     532.432       -1123.450     532.434              16              16
  255          70.323     -76.684          70.324     -76.683             255             255
  229        -673.152     -35.498        -673.150     -35.495             229             229
  130        -714.610    -350.073        -714.611    -350.070             130             130
  226        -142.060     -67.844        -142.060     -67.843             226             226
   42         -70.720    -337.420         -70.722    -337.420              42              42
  223        -130.228     289.212        -130.228     289.212             223             223
   69         822.027     352.321         822.029     352.317              69              69
  170          34.715     387.975          34.720     387.977             170             170
  199         276.968     -73.629         276.970     -73.628             199             199
  208        -104.645     155.737        -104.641     155.741             208             208
  127        -463.831     172.204        -463.829     172.213             127             127
   95         202.238    -615.083         202.233    -615.079              95              95
  171         170.004    -495.002         170.000    -495.000             171             171
  223         -97.983   -1165.507         -97.993   -1165.506             223             223
  107         178.148     135.817         178.151     135.813             107             107
  176         -72.202    -404.791         -72.204    -404.789             176             176
   60        -256.497    -451.628        -256.502    -451.625              60              60
  166         121.446    -477.092         121.441    -477.095             166             166
   23        -121.297    -733.623        -121.305    -733.628              23              23
   39           5.608     347.990           5.616     347.984              39              39
  139        -663.274    -283.427        -663.278    -283.420             139             139
  120        -132.112    -469.322        -132.123    -469.329             120             120
  139         360.051     796.676         360.063     796.661             139             139
  199           2.020    1043.971           2.040    1043.975             199             199
  182        -182.786    -374.690        -182.792    -374.680             182             182
   45          99.197    -105.406          99.195    -105.406              45              45
  196         230.798     -63.407         230.802     -63.410             196             196
  228        -482.475    -636.827        -482.482    -636.821             228             228
  239        -287.000       0.003        -287.000       0.000             239             239
  230        -482.492     636.813        -482.483     636.820             230             230
  244         230.805      63.413         230.801      63.410             244             244
  239          99.193     105.408          99.195     105.407             239             239
  203        -182.800     374.667        -182.792     374.680             203             203
  119           2.069   -1043.980           2.041   -1043.975             119             119
  209         360.082    -796.638         360.064    -796.660             209             209
  246        -132.142     469.341        -132.124     469.329             246             246
   86        -663.284     283.408        -663.278     283.420              86              86
   23           5.632    -347.973           5.617    -347.984              23              23
  161        -121.321     733.636        -121.306     733.627             161             161
   30         121.430     477.102         121.440     477.095              30              30
  231        -256.512     451.618        -256.502     451.625             231             231
   33         -72.209     404.785         -72.205     404.790              33              33
  125         178.160    -135.803         178.151    -135.813             125             125
  146         -98.025    1165.505         -97.996    1165.506             146             146
    1         169.989     494.993         170.000     495.000               1               1
  233         202.211     615.067         202.231     615.079             233             233
   67        -463.821    -172.248        -463.829    -172.214              67              67
   61        -104.624    -155.757        -104.641    -155.742              61              61
  143         276.977      73.625         276.970      73.628             143             143
   91          34.743    -387.987          34.720    -387.977              91              91
  100         822.042    -352.290         822.029    -352.316             100             100
   26        -130.226    -289.211        -130.227    -289.212              26              26
  212         -70.738     337.421         -70.722     337.420             212             212
  240        -142.068      67.836        -142.061      67.843             240             240
  226        -714.620     350.038        -714.611     350.069             226             226
  138        -673.130      35.459        -673.150      35.494             138             138
   29          70.345      76.675          70.324      76.683              29              29
  166       -1123.385    -532.480       -1123.449    -532.436             166             166
  110         604.744     475.711         604.699     475.685             110             110
   13        -610.811     324.246        -610.910     324.282              13              13
