SINAL     NFT                         FFT                         NFT INVERSA     FFT INVERSA
-----     -----------------------     -----------------------     -----------     -----------
   64        8220.000       0.000        8220.000       0.000              64              64
  255        1052.980    -613.131        1052.981    -613.131             255             255
  255        -298.920     197.076        -298.917     197.076             255             255
   44         111.241     319.933         111.243     319.933              44              44
  106         298.309     305.159         298.312     305.160             106             106
  224         144.162     -93.848         144.165     -93.846             224             224
  198        -256.006    -890.206        -256.006    -890.205             198             198
   43          32.506     380.335          32.509     380.335              43              43
   56         -17.783    -261.065         -17.783    -261.065              56              56
  235         876.608      63.631         876.611      63.626             235             235
  145        -731.205     293.271        -731.200     293.277             145             145
   60         525.837    -115.581         525.839    -115.583              60              60
  184         -87.996     139.833         -87.990     139.836             184             184
  250        -153.907     114.700        -153.902     114.705             250             250
  188          78.941    -329.875          78.944    -329.871             188             188
  199        -366.108    -640.928        -366.109    -640.923             199             199
  229          86.998    -504.999          87.000    -505.000             229             229
  164       -1596.550    -616.860       -1596.552    -616.846             164             164
  183        -234.240     122.363        -234.240     122.362             183             183
   34        -721.474     -36.451        -721.476     -36.445              34              34
  134         -56.396     482.216         -56.392     482.217             134             134
   68        -233.045    -259.937        -233.050    -259.931              68              68
  175         -99.436    -438.536         -99.443    -438.535             175             175
  102        -109.810     -56.353        -109.812     -56.353             102             102
  209        -200.209    -289.064        -200.217    -289.065             209             209
  150         320.736     258.066         320.738     258.057             150             150
   12          60.217     278.450          60.224     278.448              12              12
   86        -211.910     -57.757        -211.910     -57.755              86              86
  225         270.056     675.546         270.070     675.541             225             225
  110        -205.584     286.113        -205.575     286.124             110             110
    8        -487.351    -442.239        -487.360    -442.225               8               8
   33        -185.694     -30.457        -185.700     -30.454              33              33
  109         666.000       0.014         666.000       0.000             109             109
    8        -185.708      30.450        -185.701      30.454               8               8
   78        -487.370     442.209        -487.360     442.225              78              78
  216        -205.563    -286.137        -205.574    -286.124             216             216
  232         270.088    -675.535         270.070    -675.541             232             232
   20        -211.911      57.753        -211.910      57.755              20              20
    3          60.233    -278.445          60.224    -278.448               3               3
   32         320.742    -258.041         320.738    -258.056              32              32
    0        -200.229     289.066        -200.217     289.065              -0              -0
  148        -109.816      56.355        -109.813      56.353             148             148
   93         -99.459     438.534         -99.444     438.536              93              93
  184        -233.060     259.918        -233.050     259.931             184             184
  143         -56.384    -482.220         -56.392    -482.218             143             143
   25        -721.481      36.429        -721.476      36.444              25              25
  128        -234.238    -122.360        -234.240    -122.362             128             128
  117       -1596.560     616.805       -1596.553     616.844             117             117
  190          87.007     505.003          87.000     505.000             190             190
   56        -366.112     640.903        -366.109     640.922              56              56
  151          78.951     329.859          78.943     329.871             151             151
   69        -153.882    -114.723        -153.901    -114.705              69              69
  125         -87.964    -139.846         -87.990    -139.836             125             125
   70         525.848     115.594         525.839     115.583              70              70
  172        -731.169    -293.308        -731.200    -293.277             172             172
   79         876.636     -63.593         876.612     -63.624              79              79
  221         -17.782     261.061         -17.783     261.065             221             221
  184          32.539    -380.331          32.510    -380.335             184             184
  165        -256.017     890.192        -256.007     890.204             165             165
  190         144.193      93.833         144.165      93.847             190             190
   38         298.356    -305.161         298.312    -305.159              38              38
  174         111.293    -319.932         111.244    -319.932             174             174
  224        -298.841    -197.083        -298.917    -197.077             224             224
  148        1053.072     613.171        1052.981     613.133             148             148
