SINAL     NFT                         FFT                         NFT INVERSA     FFT INVERSA
-----     -----------------------     -----------------------     -----------     -----------
  155        7194.000       0.000        7194.000       0.000             155             155
  180          75.246    -365.596          75.247    -365.596             180             180
  132         601.289     333.973         601.290     333.972             132             132
  200         581.153     864.464         581.156     864.463             200             200
  139         575.330     -66.656         575.333     -66.656             139             139
   52        -111.442    -470.370        -111.440    -470.368              52              52
    1        -483.564      59.256        -483.561      59.257               1               1
  192        -110.244     478.338        -110.241     478.341             192             192
   53        -154.984    -644.115        -154.986    -644.111              53              53
   95         367.230    -571.020         367.229    -571.021              95              95
   34          94.478    -192.257          94.480    -192.258              34              34
   19        -513.019     -66.988        -513.017     -66.984              19              19
   13        -383.085    -510.304        -383.089    -510.301              13              13
   89        -187.135     119.503        -187.137     119.503              89              89
  204         862.605     -21.465         862.604     -21.473             204             204
  185         155.890    -115.110         155.892    -115.113             185             185
  118           8.992     627.000           9.000     627.000             118             118
  205         353.621     210.014         353.624     210.014             205             205
  236         153.525      45.672         153.526      45.674             236             236
  132         796.256    -204.380         796.258    -204.387             132             132
  144         -97.875     213.474         -97.865     213.478             144             144
    9        -224.393     -70.260        -224.390     -70.254               9               9
  124        -168.977      45.285        -168.974      45.291             124             124
  146         -60.727    -589.687         -60.734    -589.686             146             146
   80         100.980     243.892         100.986     243.889              80              80
   74        -529.085     218.539        -529.083     218.549              74              74
   80         921.336     151.066         921.340     151.053              80              80
  219        -634.978     182.621        -634.972     182.635             219             219
  144         725.618      41.132         725.622      41.123             144             144
   43        -218.874     183.082        -218.862     183.091              43              43
  133        -156.712    -120.643        -156.706    -120.635             133             133
   44        -843.538      64.628        -843.532      64.648              44              44
  224        -264.000      -0.011        -264.000       0.000             224             224
   10        -843.527     -64.672        -843.532     -64.649              10              10
  244        -156.699     120.626        -156.706     120.635             244             244
  107        -218.846    -183.102        -218.861    -183.091             107             107
   62         725.627     -41.111         725.622     -41.123              62              62
  246        -634.962    -182.656        -634.971    -182.636             246             246
   44         921.347    -151.033         921.340    -151.052              44              44
  116        -529.079    -218.564        -529.082    -218.549             116             116
   86         100.998    -243.883         100.986    -243.889              86              86
   78         -60.747     589.683         -60.734     589.686              78              78
  135        -168.968     -45.304        -168.974     -45.292             135             135
   99        -224.382      70.241        -224.389      70.254              99              99
  168         -97.842    -213.485         -97.865    -213.478             168             168
   84         796.263     204.406         796.258     204.388              84              84
   29         153.531     -45.678         153.526     -45.674              29              29
   30         353.634    -210.011         353.625    -210.013              30              30
   33           9.023    -626.999           9.000    -627.000              33              33
   10         155.896     115.124         155.892     115.114              10              10
  162         862.600      21.503         862.604      21.474             162             162
  178        -187.143    -119.505        -187.137    -119.503             178             178
   19        -383.108     510.290        -383.090     510.301              19              19
   31        -513.008      66.963        -513.018      66.983              31              31
   68          94.491     192.261          94.479     192.257              68              68
   99         367.217     571.030         367.228     571.022              99              99
  106        -155.003     644.086        -154.987     644.111             106             106
  149        -110.210    -478.364        -110.240    -478.341             149             149
   63        -483.535     -59.281        -483.561     -59.259              63              63
  251        -111.419     470.352        -111.440     470.368             251             251
  193         575.371      66.654         575.333      66.656             193             193
  196         581.228    -864.453         581.158    -864.462             196             196
   39         601.346    -333.942         601.291    -333.972              39              39
  161          75.319     365.599          75.247     365.596             161             161
