SINAL     NFT                         FFT                         NFT INVERSA     FFT INVERSA
-----     -----------------------     -----------------------     -----------     -----------
  215        7704.000       0.000        7704.000       0.000             215             215
   63        -144.919     397.002        -144.917     397.002              63              63
   45         590.618    -226.621         590.620    -226.622              45              45
   98         -47.813     572.497         -47.810     572.496              98              98
  156        -189.737     714.728        -189.734     714.730             156             156
  159         300.250    -137.368         300.251    -137.367             159             159
   25         -10.743    -202.602         -10.742    -202.601              25              25
   66        -475.190     -30.761        -475.190     -30.758              66              66
   19         413.687    -214.929         413.686    -214.931              19              19
  244          68.204    -263.029          68.204    -263.030             244             244
   66         -33.178     -74.761         -33.179     -74.763              66              66
  126         894.252     808.424         894.257     808.417             126             126
  138         585.387     445.045         585.394     445.041             138             138
  159        -213.398     882.159        -213.390     882.163             159             159
   81         879.515      93.708         879.518      93.705              81              81
  135         -19.963     604.462         -19.953     604.467             135             135
  166         253.996       3.996         254.000       4.000             166             166
  123          88.197    -486.516          88.197    -486.513             123             123
   52        -701.964     112.277        -701.962     112.287              52              52
    6         728.978      99.391         728.979      99.385               6               6
   46         -74.707     220.648         -74.701     220.651              46              46
   39         341.751     340.237         341.758     340.237              39              39
   51         -36.359     247.271         -36.350     247.279              51              51
  222        -672.214    -508.107        -672.221    -508.091             222             222
  194         436.320    -248.925         436.314    -248.931             194             194
    7         212.140     200.351         212.146     200.347               7               7
   49         173.580     647.822         173.594     647.823              49              49
  219        -344.230     346.337        -344.224     346.352             219             219
  148         443.042     -53.661         443.040     -53.659             148             148
  111         396.820     119.527         396.829     119.529             111             111
  109        -301.507     -23.674        -301.500     -23.658             109             109
  107        -472.908    -647.916        -472.919    -647.901             107             107
  175         -80.000      -0.001         -80.000       0.000             175             175
  155        -472.931     647.884        -472.920     647.900             155             155
  205        -301.491      23.638        -301.500      23.657             205             205
   75         396.840    -119.531         396.829    -119.529              75              75
   59         443.039      53.658         443.040      53.659              59              59
  231        -344.214    -346.374        -344.223    -346.353             231             231
  141         173.617    -647.824         173.595    -647.823             141             141
   78         212.154    -200.340         212.146    -200.346              78              78
  219         436.303     248.941         436.314     248.931             219             219
  208        -672.235     508.061        -672.222     508.090             208             208
  205         -36.332    -247.296         -36.350    -247.279             205             205
  101         341.776    -340.237         341.760    -340.237             101             101
  112         -74.687    -220.660         -74.700    -220.652             112             112
   30         728.982     -99.368         728.979     -99.384              30              30
  237        -701.956    -112.312        -701.961    -112.288             237             237
   22          88.196     486.505          88.196     486.513              22              22
  154         254.011      -4.013         254.000      -4.000             154             154
   34         -19.918    -604.484         -19.952    -604.468              34              34
   28         879.529     -93.689         879.518     -93.704              28              28
  200        -213.352    -882.181        -213.388    -882.164             200             200
   73         585.423    -445.022         585.394    -445.040              73              73
   80         894.285    -808.378         894.258    -808.415              80              80
  167         -33.187      74.775         -33.179      74.763             167             167
   11          68.198     263.037          68.203     263.030              11              11
   87         413.679     214.943         413.686     214.931              87              87
  216        -475.186      30.735        -475.190      30.758             216             216
  231         -10.730     202.592         -10.742     202.601             231             231
  235         300.263     137.361         300.251     137.368             235             235
   72        -189.684    -714.750        -189.733    -714.730              72              72
   85         -47.747    -572.493         -47.809    -572.496              85              85
   87         590.659     226.650         590.620     226.622              87              87
  247        -144.806    -397.006        -144.917    -397.002             247             247
