SINAL     NFT                         FFT                         NFT INVERSA     FFT INVERSA
-----     -----------------------     -----------------------     -----------     -----------
   45        6727.000       0.000        6727.000       0.000              45              45
  248         490.761    -570.092         490.762    -570.092             248             248
  224          -2.140     -98.075          -2.138     -98.075             224             224
  229         156.045     304.630         156.047     304.631             229             229
  200         158.504    -555.557         158.504    -555.555             200             200
   22         259.646    -427.126         259.647    -427.126              22              22
   38        -340.567    -653.736        -340.567    -653.734              38              38
  161         424.465    -131.032         424.466    -131.033             161             161
   26          36.035    -966.991          36.033    -966.991              26              26
  152        -533.212    -605.859        -533.213    -605.858             152             152
  218           3.097     -50.035           3.098     -50.036             218             218
    7         235.094    -766.786         235.092    -766.790               7               7
   88        -676.035     420.941        -676.029     420.942              88              88
  146        -246.721     460.179        -246.717     460.181             146             146
  233          -0.458     -33.673          -0.457     -33.671             233             233
   11         122.426    -388.751         122.425    -388.752              11              11
  126        -763.998    -227.007        -764.000    -227.000             126             126
  211          32.917    -319.398          32.910    -319.403             211             211
  208         710.326     714.236         710.334     714.226             208             208
  225         342.640      30.437         342.645      30.435             225             225
   40         271.644     213.493         271.654     213.494              40              40
   17        -555.766    -859.985        -555.771    -859.976              17              17
   82        -105.803    -233.707        -105.803    -233.710              82              82
   38        -462.953     134.332        -462.949     134.336              38              38
  202         -70.031    -244.988         -70.033    -244.990             202             202
  145        -475.961     153.635        -475.958     153.638             145             145
  147         -42.971     425.235         -42.968     425.234             147             147
   33         584.180     206.850         584.186     206.842              33              33
   65        -130.135    -119.006        -130.129    -119.004              65              65
   63        -221.575     386.796        -221.561     386.800              63              63
   52        -509.503      -7.546        -509.499      -7.536              52              52
  110        -312.025     684.487        -312.010     684.497             110             110
   55        -603.000      -0.024        -603.000       0.000              55              55
   20        -311.992    -684.509        -312.009    -684.498              20              20
   84        -509.494       7.524        -509.499       7.535              84              84
  255        -221.544    -386.805        -221.561    -386.800             255             255
   43        -130.123     119.002        -130.129     119.004              43              43
  123         584.194    -206.828         584.186    -206.840             123             123
  161         -42.962    -425.232         -42.967    -425.234             161             161
   69        -475.955    -153.642        -475.958    -153.638              69              69
   19         -70.037     244.994         -70.033     244.991              19              19
  123        -462.941    -134.343        -462.949    -134.336             123             123
   77        -105.803     233.715        -105.803     233.710              77              77
  108        -555.783     859.957        -555.772     859.975             108             108
   14         271.676    -213.495         271.654    -213.494              14              14
   55         342.656     -30.430         342.645     -30.435              55              55
  119         710.355    -714.200         710.335    -714.225             119             119
  141          32.889     319.414          32.910     319.403             141             141
   10        -764.006     226.980        -764.000     227.000              10              10
   71         122.420     388.754         122.424     388.752              71              71
  111          -0.457      33.664          -0.457      33.672             111             111
   50        -246.700    -460.190        -246.716    -460.181              50              50
   89        -676.002    -420.950        -676.029    -420.943              89              89
  193         235.081     766.811         235.091     766.790             193             193
   89           3.103      50.043           3.098      50.036              89              89
   35        -533.220     605.849        -533.214     605.857              35              35
   83          36.022     966.987          36.033     966.990              83              83
  236         424.477     131.040         424.466     131.033             236             236
   68        -340.573     653.714        -340.568     653.734              68              68
  148         259.657     427.122         259.647     427.126             148             148
   44         158.508     555.539         158.504     555.556              44              44
  121         156.091    -304.645         156.048    -304.631             121             121
    2          -2.092      98.065          -2.138      98.075               2               2
   99         490.829     570.093         490.762     570.092              99              99
