SINAL     NFT                         FFT                         NFT INVERSA     FFT INVERSA
-----     -----------------------     -----------------------     -----------     -----------
   65        8357.000       0.000        8357.000       0.000              65              65
   37        -709.219     -41.246        -709.218     -41.246              37              37
  131          64.398    -176.969          64.399    -176.969             131             131
  219          44.711    -125.149          44.712    -125.149             219             219
   67        -338.455     253.302        -338.453     253.303              67              67
  191         319.897    -117.188         319.898    -117.188             191             191
   92        -342.838    -345.028        -342.837    -345.027              92              92
   82         262.479      43.547         262.482      43.545              82              82
   74        -534.885     199.984        -534.881     199.986              74              74
  169        -651.205      87.074        -651.204      87.078             169             169
  115          25.714      39.067          25.715      39.067             115             115
  163        -361.222    -477.351        -361.225    -477.349             163             163
   87         -22.750      89.015         -22.750      89.013              87              87
  168         344.055    1064.275         344.064    1064.274             168             168
  178        -155.297    -450.895        -155.298    -450.891             178             178
  167         -27.185    -183.606         -27.185    -183.607             167             167
   46        -376.005     396.997        -376.000     397.000              46              46
    8        -145.298     326.586        -145.295     326.589               8               8
  246          96.400    -109.043          96.400    -109.044             246             246
  105        -141.049     828.424        -141.037     828.428             105             105
  190        -923.690      90.783        -923.691      90.801             190             190
   23         -56.390    -103.542         -56.398    -103.536              23              23
   74         209.930    -275.291         209.920    -275.290              74              74
  182         370.184    -349.780         370.176    -349.783             182             182
  149         -61.116      55.983         -61.119      55.986             149             149
  238         728.641    -463.743         728.631    -463.753             238             238
  152         678.026    -256.742         678.026    -256.756             152             152
  222          39.527     271.461          39.538     271.457             222             222
   99          36.878     687.088          36.893     687.092              99              99
  239         473.576    -545.855         473.574    -545.858             239             239
   87        -792.324    -192.511        -792.322    -192.496              87              87
  164         212.488    -137.176         212.487    -137.181             164             164
   21        -733.000      -0.013        -733.000       0.000              21              21
  219         212.486     137.188         212.487     137.182             219             219
  128        -792.321     192.478        -792.322     192.495             128             128
   89         473.570     545.861         473.573     545.858              89              89
  154          36.914    -687.098          36.894    -687.092             154             154
  220          39.552    -271.451          39.538    -271.457             220             220
  172         678.025     256.779         678.026     256.758             172             172
  229         728.613     463.770         728.630     463.754             229             229
  134         -61.125     -55.991         -61.119     -55.986             134             134
   32         370.161     349.790         370.175     349.784              32              32
  136         209.901     275.287         209.920     275.290             136             136
  221         -56.416     103.521         -56.399     103.535             221             221
  200        -923.693     -90.843        -923.691     -90.802             200             200
   59        -141.006    -828.438        -141.035    -828.428              59              59
  133          96.397     109.047          96.399     109.045             133             133
  247        -145.287    -326.597        -145.295    -326.589             247             247
   67        -375.985    -397.008        -376.000    -397.000              67              67
  124         -27.186     183.610         -27.185     183.607             124             124
   96        -155.307     450.875        -155.299     450.890              96              96
    2         344.104   -1064.266         344.066   -1064.273               2               2
  147         -22.751     -89.000         -22.750     -89.012             147             147
  171        -361.242     477.340        -361.226     477.349             171             171
  185          25.717     -39.071          25.714     -39.067             185             185
   40        -651.197     -87.104        -651.204     -87.079              40              40
  154        -534.854    -200.004        -534.881    -199.986             154             154
   81         262.502     -43.529         262.482     -43.545              81              81
    7        -342.832     345.016        -342.838     345.027               7               7
  253         319.913     117.195         319.898     117.189             253             253
   64        -338.421    -253.318        -338.453    -253.303              64              64
   95          44.741     125.153          44.712     125.149              95              95
  162          64.435     176.969          64.399     176.969             162             162
   86        -709.115      41.211        -709.218      41.244              86              86
