SINAL     NFT                         FFT                         NFT INVERSA     FFT INVERSA
-----     -----------------------     -----------------------     -----------     -----------
   16        7194.000       0.000        7194.000       0.000              16              16
  212         255.244    -290.965         255.246    -290.965             212             212
   43        -199.872      92.982        -199.870      92.982              43              43
  252        -448.697    -746.838        -448.697    -746.838             252             252
    7        -406.129     415.067        -406.127     415.067               7               7
   50         280.044     706.273         280.046     706.273              50              50
   68         572.699    -870.772         572.697    -870.772              68              68
  166         772.340    -325.463         772.341    -325.466             166             166
  192         -59.723      64.185         -59.720      64.184             192             192
  136         582.384     220.713         582.389     220.709             136             136
  201        -286.955     207.879        -286.948     207.881             201             201
  222        -843.038     -36.814        -843.037     -36.808             222             222
  225         197.403    -323.972         197.402    -323.974             225             225
   60        -364.722       1.423        -364.719       1.424              60              60
  202        -413.371     381.584        -413.367     381.587             202             202
   60        -224.258    -117.809        -224.259    -117.807              60              60
   39         -86.003     274.000         -86.000     274.000              39              39
    3         -16.533     529.133         -16.528     529.136               3               3
   83         474.600    -175.456         474.600    -175.457              83              83
   14        -308.433    -223.781        -308.433    -223.776              14              14
   98           5.714     -33.975           5.715     -33.974              98              98
  164        -304.357       3.755        -304.357       3.761             164             164
  244         543.883    -170.100         543.882    -170.106             244             244
   78        -147.565    -332.920        -147.567    -332.918              78              78
  137         839.712      12.199         839.720      12.184             137             137
  106        -663.898     214.005        -663.884     214.016             106             106
  193        -303.820      77.969        -303.813      77.979             193             193
  200         -92.016    -673.353         -92.020    -673.350             200             200
   48        -409.001     125.060        -408.990     125.067              48              48
  209        -725.325    -615.007        -725.329    -614.993             209             209
    4        -891.170    -529.332        -891.181    -529.324               4               4
   64        -151.202     554.327        -151.193     554.324              64              64
  166        -526.000      -0.011        -526.000       0.000             166             166
   48        -151.182    -554.320        -151.192    -554.324              48              48
   61        -891.193     529.313        -891.181     529.323              61              61
  173        -725.337     614.977        -725.331     614.993             173             173
   98        -408.976    -125.077        -408.990    -125.067              98              98
  130         -92.028     673.345         -92.021     673.350             130             130
   84        -303.803     -77.994        -303.813     -77.979              84              84
   35        -663.861    -214.035        -663.883    -214.018              35              35
   11         839.734     -12.159         839.720     -12.184              11              11
   30        -147.570     332.915        -147.567     332.918              30              30
    1         543.881     170.117         543.883     170.106               1               1
  237        -304.357      -3.773        -304.357      -3.761             237             237
   90           5.718      33.972           5.715      33.974              90              90
  203        -308.431     223.763        -308.433     223.776             203             203
   41         474.601     175.461         474.600     175.458              41              41
  129         -16.513    -529.143         -16.527    -529.136             129             129
  206         -85.992    -274.001         -86.000    -274.000             206             206
  124        -224.263     117.800        -224.259     117.807             124             124
  144        -413.349    -381.600        -413.366    -381.588             144             144
   49        -364.706      -1.429        -364.719      -1.424              49              49
   33         197.399     323.982         197.402     323.974              33              33
  133        -843.025      36.773        -843.036      36.807             133             133
  128        -286.911    -207.894        -286.948    -207.881             128             128
  171         582.421    -220.684         582.390    -220.708             171             171
  240         -59.696     -64.177         -59.720     -64.184             240             240
   65         772.349     325.504         772.341     325.468              65              65
  116         572.670     870.783         572.696     870.773             116             116
   32         280.073    -706.276         280.046    -706.273              32              32
   18        -406.103    -415.072        -406.127    -415.068              18              18
  120        -448.697     746.824        -448.698     746.837             120             120
   97        -199.812     -92.996        -199.870     -92.982              97              97
  185         255.333     290.970         255.245     290.965             185             185
