SINAL     NFT                         FFT                         NFT INVERSA     FFT INVERSA
-----     -----------------------     -----------------------     -----------     -----------
  221        8799.000       0.000        8799.000       0.000             221             221
  142        -451.226      75.054        -451.224      75.054             142             142
   58         -46.415    -205.076         -46.413    -205.076              58              58
   35        -322.551      81.300        -322.550      81.301              35              35
  222         124.974    -177.716         124.974    -177.716             222             222
   79         249.683    -134.277         249.684    -134.278              79              79
  105         226.613     111.267         226.616     111.266             105             105
  236        -350.563     522.962        -350.560     522.964             236             236
  135        -309.192      48.593        -309.192      48.597             135             135
  148         406.390     495.618         406.392     495.619             148             148
   39         654.323    -888.555         654.319    -888.556              39              39
   13         325.207    -281.491         325.208    -281.494              13              13
  252         -99.828     249.671         -99.824     249.673             252             252
  183        -607.704     200.575        -607.704     200.582             183             183
  230         419.195     -15.598         419.192     -15.597             230             230
  135         541.709    -778.376         541.700    -778.379             135             135
  113         929.996     281.009         930.000     281.000             113             113
   39         506.201    -255.697         506.202    -255.701              39              39
  147         648.710    -176.296         648.713    -176.303             147             147
  244         319.794     203.559         319.804     203.555             244             244
   11        -339.330     552.340        -339.318     552.349              11              11
  245         545.817    -389.049         545.818    -389.050             245             245
   79        -493.897    -327.120        -493.894    -327.111              79              79
  140        -226.438    -163.740        -226.437    -163.737             140             140
   89        -290.816     368.591        -290.808     368.596              89              89
  101        -348.091      96.225        -348.089      96.234             101             101
  157        -807.444     123.370        -807.450     123.387             157             157
  190         993.798      88.480         993.792      88.468             190             190
  239         618.164    -107.032         618.167    -107.039             239             239
   17        -495.624      17.682        -495.621      17.692              17              17
   98         390.909     556.896         390.919     556.894              98              98
  205        -110.413     -62.534        -110.413     -62.522             205             205
  160         141.000      -0.005         141.000       0.000             160             160
  156        -110.413      62.510        -110.413      62.522             156             156
  240         390.931    -556.892         390.919    -556.894             240             240
  126        -495.617     -17.706        -495.621     -17.693             126             126
  236         618.171     107.049         618.167     107.040             236             236
   89         993.783     -88.449         993.792     -88.466              89              89
  107        -807.458    -123.413        -807.449    -123.388             107             107
  116        -348.086     -96.248        -348.089     -96.235             116             116
  238        -290.794    -368.605        -290.807    -368.597             238             238
  146        -226.435     163.733        -226.437     163.737             146             146
  129        -493.890     327.094        -493.895     327.111             129             129
  235         545.819     389.053         545.817     389.051             235             235
   73        -339.290    -552.369        -339.317    -552.349              73              73
  104         319.829    -203.545         319.804    -203.554             104             104
  114         648.721     176.323         648.713     176.304             114             114
  186         506.203     255.711         506.201     255.701             186             186
  144         930.012    -280.973         930.000    -281.000             144             144
    6         541.668     778.392         541.699     778.380               6               6
  175         419.179      15.594         419.192      15.597             175             175
  156        -607.701    -200.614        -607.704    -200.584             156             156
  252         -99.803    -249.679         -99.823    -249.673             252             252
  254         325.211     281.505         325.207     281.494             254             254
   40         654.292     888.562         654.317     888.557              40              40
   86         406.403    -495.627         406.392    -495.619              86              86
  100        -309.193     -48.622        -309.192     -48.596             100             100
  197        -350.527    -522.986        -350.559    -522.965             197             197
   20         226.638    -111.258         226.616    -111.266              20              20
   83         249.694     134.284         249.684     134.278              83              83
  215         124.982     177.712         124.974     177.716             215             215
  118        -322.519     -81.323        -322.550     -81.301             118             118
   32         -46.372     205.063         -46.413     205.075              32              32
  119        -451.108     -75.085        -451.225     -75.055             119             119
