SINAL     NFT                         FFT                         NFT INVERSA     FFT INVERSA
-----     -----------------------     -----------------------     -----------     -----------
  168        8261.000       0.000        8261.000       0.000             168             168
  159        -659.932    -377.386        -659.930    -377.386             159             159
  102        -371.704     484.403        -371.703     484.404             102             102
   11         120.971     522.943         120.973     522.944              11              11
   33         374.153    -276.074         374.153    -276.074              33              33
  187          30.640     -93.099          30.641     -93.098             187             187
   46         358.090     -44.718         358.092     -44.720              46              46
   44          87.245     717.995          87.250     717.996              44              44
  217        -123.466     -61.795        -123.465     -61.792             217             217
   48         183.185     517.487         183.188     517.489              48              48
   25         160.648    -365.729         160.647    -365.726              25              25
   52         -27.092    -274.246         -27.092    -274.244              52              52
  252          -7.668    -177.427          -7.667    -177.425             252             252
   67        -387.567      31.206        -387.566      31.212              67              67
  182         184.944    -344.718         184.941    -344.715             182             182
  203        -147.703    -888.881        -147.712    -888.878             203             203
  192         952.998     186.009         953.000     186.000             192             192
   70         410.474    -493.760         410.475    -493.761              70              70
  253        -354.803    -757.337        -354.805    -757.334             253             253
  226        -839.714      42.752        -839.713      42.760             226             226
  204        -118.854    -622.373        -118.867    -622.375             204             204
  125         208.459     804.519         208.465     804.514             125             125
  142         537.076    -390.529         537.070    -390.536             142             142
  188          77.785     295.591          77.789     295.588             188             188
  190         685.459     302.219         685.465     302.208             190             190
    2          95.777     489.015          95.790     489.018               2               2
  221          82.305     -85.701          82.308     -85.697             221             221
  209          75.586     247.406          75.595     247.412             209             209
  123        -155.611    -657.031        -155.619    -657.024             123             123
   62         -23.917     139.538         -23.911     139.538              62              62
  138        -492.546    -104.391        -492.549    -104.381             138             138
   36         -52.245     481.944         -52.243     481.948              36              36
  221         765.000       0.008         765.000       0.000             221             221
  241         -52.239    -481.952         -52.242    -481.948             241             241
   48        -492.552     104.370        -492.549     104.381              48              48
  255         -23.904    -139.538         -23.911    -139.538             255             255
  173        -155.630     657.016        -155.619     657.024             173             173
   95          75.607    -247.419          75.595    -247.412              95              95
   44          82.311      85.691          82.308      85.697              44              44
  134          95.810    -489.022          95.791    -489.018             134             134
  144         685.476    -302.191         685.465    -302.208             144             144
   70          77.797    -295.581          77.789    -295.588              70              70
  187         537.057     390.551         537.069     390.537             187             187
  141         208.479    -804.503         208.466    -804.513             141             141
  138        -118.895     622.381        -118.867     622.375             138             138
  113        -839.711     -42.780        -839.713     -42.761             113             113
   88        -354.812     757.326        -354.806     757.334              88              88
   74         410.477     493.766         410.474     493.762              74              74
  184         953.007    -185.973         953.000    -186.000             184             184
   86        -147.747     888.869        -147.714     888.878              86              86
   45         184.927     344.705         184.940     344.716              45              45
  132        -387.563     -31.239        -387.566     -31.213             132             132
  211          -7.665     177.414          -7.667     177.425             211             211
  188         -27.091     274.229         -27.092     274.243             188             188
   64         160.644     365.710         160.647     365.726              64              64
  146         183.215    -517.502         183.189    -517.489             146             146
  191        -123.457      61.772        -123.465      61.792             191             191
   29          87.293    -718.001          87.251    -717.995              29              29
  100         358.104      44.733         358.091      44.720             100             100
   58          30.653      93.094          30.641      93.099              58              58
   92         374.160     276.073         374.153     276.074              92              92
  239         121.011    -522.953         120.974    -522.943             239             239
   95        -371.646    -484.416        -371.702    -484.404              95              95
   58        -659.840     377.360        -659.931     377.385              58              58
