SINAL     NFT                         FFT                         NFT INVERSA     FFT INVERSA
-----     -----------------------     -----------------------     -----------     -----------
  223        9009.000       0.000        9009.000       0.000             223             223
  209         283.838     357.747         283.840     357.747             209             209
   26         466.695    -137.830         466.697    -137.830              26              26
  240         799.837     825.380         799.840     825.379             240             240
  142         583.199      -1.895         583.202      -1.896             142             142
   83        -720.359     327.265        -720.355     327.268              83              83
  155        -582.902    -363.512        -582.902    -363.508             155             155
  137          32.336      76.562          32.336      76.562             137             137
  233         801.048     350.785         801.051     350.782             233             233
   83         485.029     284.947         485.034     284.947              83              83
    0         -39.815    -232.496         -39.812    -232.493               0               0
   11         -34.873    -171.043         -34.870    -171.042              11              11
  107        -435.021     371.456        -435.016     371.460             107             107
   86         -44.694     -41.991         -44.693     -41.989              86              86
  206        -311.387     877.448        -311.380     877.455             206             206
  173         340.237    -496.620         340.232    -496.617             173             173
  202         -59.000      45.996         -59.000      46.000             202             202
   71         729.858     233.459         729.861     233.457              71              71
  242         365.479    -362.500         365.480    -362.498             242             242
  148        -550.870    -324.185        -550.872    -324.176             148             148
   69         298.158      52.826         298.156      52.826              69              69
  142         829.362    -560.426         829.357    -560.434             142             142
  245         149.901     378.878         149.912     378.880             245             245
   80         149.440    -362.295         149.440    -362.291              80              80
   26          -5.052    -195.224          -5.051    -195.219              26              26
  155         267.364    -885.328         267.355    -885.332             155             155
  156         110.735      40.113         110.743      40.108             156             156
   35         -98.299      79.744         -98.290      79.746              35              35
   30        -270.347      -8.537        -270.342      -8.531              30              30
  122         115.752    -123.295         115.756    -123.298             122             122
   74        -950.751     470.439        -950.739     470.459              74              74
  254        -215.967      76.792        -215.971      76.802             254             254
   75         285.000      -0.000         285.000       0.000              75              75
  101        -215.974     -76.814        -215.970     -76.803             101             101
  238        -950.724    -470.483        -950.738    -470.460             238             238
  217         115.762     123.302         115.756     123.298             217             217
  184        -270.336       8.522        -270.342       8.530             184             184
  138         -98.278     -79.748         -98.290     -79.745             138             138
   99         110.754     -40.100         110.743     -40.108              99              99
  162         267.339     885.338         267.353     885.332             162             162
  221          -5.049     195.209          -5.051     195.218             221             221
   99         149.439     362.284         149.440     362.291              99              99
  173         149.934    -378.882         149.913    -378.879             173             173
   72         829.346     560.452         829.356     560.435              72              72
  186         298.152     -52.827         298.156     -52.826             186             186
  123        -550.878     324.150        -550.873     324.174             123             123
  245         365.482     362.493         365.480     362.498             245             245
  133         729.870    -233.450         729.861    -233.456             133             133
  195         -59.001     -46.011         -59.000     -46.000             195             195
  231         340.214     496.609         340.231     496.618             231             231
   25        -311.352    -877.481        -311.379    -877.456              25              25
    8         -44.690      41.981         -44.693      41.989               8               8
  118        -434.993    -371.481        -435.016    -371.461             118             118
   15         -34.858     171.036         -34.870     171.041              15              15
   89         -39.798     232.478         -39.812     232.493              89              89
  145         485.067    -284.945         485.034    -284.947             145             145
  171         801.072    -350.759         801.051    -350.781             171             171
  245          32.339     -76.564          32.336     -76.563             245             245
  180        -582.903     363.475        -582.903     363.508             180             180
  201        -720.300    -327.310        -720.354    -327.269             201             201
  112         583.256       1.905         583.203       1.896             112             112
  255         799.920    -825.352         799.842    -825.378             255             255
  200         466.746     137.851         466.697     137.831             200             200
  188         283.967    -357.735         283.840    -357.746             188             188
