SINAL     NFT                         FFT                         NFT INVERSA     FFT INVERSA
-----     -----------------------     -----------------------     -----------     -----------
  241        8341.000       0.000        8341.000       0.000             241             241
  244         817.602     843.693         817.604     843.693             244             244
  109         361.612    -865.211         361.613    -865.210             109             109
  164        -234.034     -90.330        -234.032     -90.329             164             164
  133        -622.605    -475.752        -622.605    -475.749             133             133
  189         513.267    -594.524         513.266    -594.526             189             189
  178         142.615     395.352         142.617     395.352             178             178
  224         473.553     364.334         473.556     364.333             224             224
  253         -59.044     188.025         -59.042     188.027             253             253
  131         768.828    -174.155         768.830    -174.158             131             131
   79         118.131     818.858         118.141     818.861              79              79
  160        -203.760    -596.603        -203.759    -596.597             160             160
  115        -475.741    -104.158        -475.739    -104.152             115             115
   40         -69.231     141.222         -69.228     141.226              40              40
  195        -165.808    -116.321        -165.807    -116.314             195             195
   81        -635.762    -870.833        -635.771    -870.824              81              81
   61         337.003      52.000         337.000      52.000              61              61
   17         464.183    -462.055         464.178    -462.055              17              17
  152         228.749    -342.194         228.747    -342.193             152             152
  126         213.516    -545.927         213.513    -545.927             126             126
   29        -727.598    -334.363        -727.602    -334.353              29              29
   32         493.926       4.383         493.924       4.379              32              32
    4         -92.283    -315.379         -92.288    -315.375               4               4
   85         388.531     -86.069         388.529     -86.070              85              85
  161         -10.945    -699.977         -10.958    -699.973             161             161
   30         605.281    -820.662         605.266    -820.675              30              30
   43         348.064     -53.339         348.064     -53.351              43              43
  118         454.791     227.593         454.797     227.583             118             118
  165         561.944    -205.938         561.948    -205.949             165             165
   12        -198.845     360.529        -198.831     360.533              12              12
  193        -253.083    -277.562        -253.085    -277.557             193             193
  150         -11.845     352.245         -11.838     352.245             150             150
    1          21.000      -0.004          21.000       0.000               1               1
   46         -11.831    -352.246         -11.838    -352.246              46              46
   59        -253.089     277.551        -253.086     277.557              59              59
  134        -198.813    -360.537        -198.830    -360.533             134             134
  236         561.952     205.966         561.947     205.951             236             236
  237         454.806    -227.568         454.798    -227.582             237             237
  102         348.064      53.370         348.064      53.352             102             102
  233         605.241     820.695         605.265     820.675             233             233
  112         -10.980     699.966         -10.959     699.973             112             112
  182         388.523      86.073         388.528      86.071             182             182
  138         -92.300     315.366         -92.289     315.375             138             138
  228         493.918      -4.369         493.923      -4.378             228             228
  222        -727.614     334.330        -727.603     334.352             222             222
   78         213.505     545.928         213.512     545.927              78              78
   53         228.741     342.190         228.746     342.193              53              53
   28         464.163     462.057         464.177     462.055              28              28
   95         336.992     -51.999         337.000     -52.000              95              95
  206        -635.805     870.789        -635.772     870.822             206             206
  154        -165.805     116.285        -165.808     116.313             154             154
  124         -69.218    -141.246         -69.228    -141.227             124             124
  238        -475.732     104.123        -475.740     104.151             238             238
  158        -203.759     596.565        -203.760     596.596             158             158
  210         118.196    -818.877         118.142    -818.861             210             210
  143         768.840     174.175         768.830     174.158             143             143
  188         -59.022    -188.045         -59.042    -188.027             188             188
  253         473.586    -364.325         473.557    -364.333             253             253
    5         142.648    -395.343         142.618    -395.351               5               5
   98         513.254     594.548         513.265     594.526              98              98
    9        -622.603     475.711        -622.606     475.749               9               9
  199        -233.986      90.305        -234.032      90.328             199             199
  248         361.649     865.197         361.612     865.211             248             248
   10         817.751    -843.686         817.605    -843.692              10              10
