SINAL     NFT                         FFT                         NFT INVERSA     FFT INVERSA
-----     -----------------------     -----------------------     -----------     -----------
   72        8057.000       0.000        8057.000       0.000              72              72
  251        -574.564     158.481        -574.562     158.481             251             251
  144         -65.842     707.894         -65.840     707.895             144             144
   22          83.103     -66.154          83.105     -66.153              22              22
   34         -95.406     275.491         -95.405     275.493              34              34
   65         400.323    -589.994         400.322    -589.994              65              65
   90        -208.757    -205.931        -208.756    -205.930              90              90
  215         206.615    -241.194         206.614    -241.195             215             215
   44         609.274     527.062         609.278     527.060              44              44
   73         105.668     149.803         105.670     149.805              73              73
    1         747.866    -465.940         747.865    -465.941               1               1
   35         550.733   -1117.622         550.731   -1117.626              35              35
   89        -187.761     472.890        -187.751     472.890              89              89
  246        -360.131    -113.630        -360.128    -113.627             246             246
  187        -375.980     186.052        -375.976     186.057             187             187
   92        -123.291    -482.174        -123.293    -482.171              92              92
  104         -98.001    -201.001         -98.000    -201.000             104             104
  103        -645.171    -270.027        -645.172    -270.020             103             103
  169          91.100       8.315          91.099       8.315             169             169
   87         193.430    -618.761         193.424    -618.764              87              87
  176         528.594      84.443         528.600      84.432             176             176
   89        -320.034     334.967        -320.022     334.971              89              89
  136        -872.967    -485.101        -872.973    -485.089             136             136
   68         237.551    -233.029         237.546    -233.037              68              68
  205          16.716     221.065          16.722     221.059             205             205
  253        -131.435     513.674        -131.424     513.674             253             253
  169         -18.330     200.364         -18.322     200.365             169             169
  166        -388.846     551.098        -388.833     551.108             166             166
  162        -409.447     135.020        -409.445     135.034             162             162
  125         309.246    -219.218         309.244    -219.217             125             125
  185        -601.093    -404.420        -601.097    -404.407             185             185
  235        -327.215    -196.091        -327.220    -196.086             235             235
  121          -1.000       0.003          -1.000       0.000             121             121
   73        -327.226     196.081        -327.220     196.086              73              73
    1        -601.102     404.390        -601.097     404.406               1               1
  155         309.242     219.216         309.244     219.217             155             155
  139        -409.443    -135.054        -409.445    -135.035             139             139
   92        -388.814    -551.122        -388.832    -551.109              92              92
  114         -18.311    -200.366         -18.322    -200.365             114             114
  183        -131.406    -513.674        -131.423    -513.674             183             183
  166          16.733    -221.050          16.722    -221.060             166             166
  116         237.538     233.052         237.546     233.038             116             116
  218        -872.984     485.064        -872.973     485.088             218             218
    0        -319.996    -334.981        -320.022    -334.972              -0               0
  106         528.614     -84.408         528.600     -84.432             106             106
  149         193.406     618.774         193.423     618.765             149             149
   92          91.096      -8.313          91.099      -8.314              92              92
  210        -645.178     270.001        -645.173     270.019             210             210
  252         -97.996     200.996         -98.000     201.000             252             252
    6        -123.301     482.161        -123.294     482.171               6               6
   42        -375.958    -186.076        -375.975    -186.057              42              42
  173        -360.113     113.611        -360.128     113.626             173             173
   95        -187.707    -472.889        -187.750    -472.890              95              95
  178         550.718    1117.649         550.730    1117.627             178             178
  242         747.861     465.950         747.864     465.943             242             242
   45         105.686    -149.820         105.670    -149.805              45              45
  175         609.306    -527.041         609.278    -527.059             175             175
  155         206.607     241.205         206.614     241.195             155             155
  211        -208.753     205.919        -208.756     205.930             211             211
   82         400.314     589.996         400.321     589.995              82              82
   25         -95.378    -275.514         -95.404    -275.492              25              25
  141          83.128      66.141          83.104      66.153             141             141
   62         -65.771    -707.906         -65.839    -707.895              62              62
  146        -574.454    -158.500        -574.562    -158.482             146             146
