SINAL     NFT                         FFT                         NFT INVERSA     FFT INVERSA
-----     -----------------------     -----------------------     -----------     -----------
  254        7769.000       0.000        7769.000       0.000             254             254
   36         -80.191    -435.858         -80.190    -435.858              36              36
   30         -63.951    -580.439         -63.950    -580.440              30              30
  151         224.838     594.951         224.840     594.951             151             151
  100          94.099    -208.589          94.100    -208.589             100             100
   76          99.563     336.454          99.565     336.453              76              76
  137        -430.730     599.113        -430.727     599.115             137             137
  243         829.906     288.507         829.908     288.505             243             243
   87         -79.322     204.306         -79.319     204.309              87              87
  200        -450.829      37.179        -450.828      37.183             200             200
   60         611.495     260.756         611.497     260.755              60              60
  186         114.832     -84.119         114.834     -84.118             186             186
  209          51.622     400.677          51.627     400.679             209             209
   45         -52.847      -4.891         -52.845      -4.887              45              45
   35        -606.965    -206.504        -606.967    -206.497              35              35
  250         -50.145     223.561         -50.148     223.562             250             250
   85         726.999     386.004         727.000     386.000              85              85
  226         346.282    -226.003         346.279    -226.004             226             226
  146         980.082     476.280         980.091     476.272             146             146
  255        -339.890      16.531        -339.886      16.539             255             255
  148          35.425     885.465          35.436     885.473             148             148
  145         294.731    -308.328         294.728    -308.320             145             145
   13           4.386     101.355           4.390     101.366              13              13
   36          15.620   -1168.540          15.605   -1168.533              36              36
  102        -254.682      16.303        -254.681      16.309             102             102
  211        -462.200       0.379        -462.206       0.393             211             211
  108         170.444    -621.691         170.424    -621.688             108             108
   16         922.001    -208.422         921.992    -208.434              16              16
  202         258.845    -455.792         258.836    -455.795             202             202
   74         403.545     140.922         403.545     140.917              74              74
    1         527.252    -471.082         527.243    -471.087               1               1
  200         488.820    -842.578         488.808    -842.592             200             200
  110        -171.000       0.008        -171.000       0.000             110             110
   31         488.792     842.608         488.806     842.593              31              31
   96         527.231     471.093         527.242     471.087              96              96
  210         403.546    -140.911         403.545    -140.917             210             210
  107         258.824     455.799         258.836     455.795             107             107
  233         921.980     208.453         921.991     208.436             233             233
  197         170.393     621.684         170.423     621.688             197             197
  194        -462.215      -0.416        -462.206      -0.393             194             194
  178        -254.680     -16.319        -254.681     -16.309             178             178
    1          15.576    1168.520          15.603    1168.533               1               1
  124           4.397    -101.388           4.390    -101.366             124             124
  131         294.722     308.305         294.728     308.320             131             131
   47          35.463    -885.490          35.437    -885.473              47              47
  160        -339.874     -16.559        -339.886     -16.540             160             160
  125         980.115    -476.250         980.092    -476.271             125             125
  133         346.271     226.005         346.279     226.004             133             133
  130         727.004    -385.989         727.000    -386.000             130             130
   16         -50.155    -223.569         -50.147    -223.563              16              16
  133        -606.975     206.469        -606.967     206.496             133             133
   22         -52.837       4.870         -52.845       4.887              22              22
  161          51.650    -400.688          51.628    -400.679             161             161
  146         114.842      84.113         114.834      84.118             146             146
   58         611.508    -260.744         611.497    -260.754              58              58
    8        -450.824     -37.211        -450.828     -37.184               8               8
  102         -79.293    -204.324         -79.319    -204.309             102             102
  167         829.927    -288.486         829.909    -288.504             167             167
   24        -430.697    -599.137        -430.726    -599.116              24              24
   48          99.599    -336.444          99.566    -336.453              48              48
  241          94.116     208.592          94.100     208.589             241             241
   25         224.893    -594.937         224.841    -594.951              25              25
  249         -63.929     580.444         -63.952     580.439             249             249
   95         -80.108     435.843         -80.191     435.857              95              95
