SINAL     NFT                         FFT                         NFT INVERSA     FFT INVERSA
-----     -----------------------     -----------------------     -----------     -----------
  196        8409.000       0.000        8409.000       0.000             196             196
  103         -97.941       4.438         -97.940       4.438             103             103
   19         349.256    -261.157         349.258    -261.158              19              19
  227         179.390    -410.960         179.392    -410.960             227             227
  102         -23.694     515.622         -23.690     515.621             102             102
  243        -259.254     242.218        -259.252     242.220             243             243
   27        -218.228    -230.360        -218.229    -230.358              27              27
  157         729.936    -707.988         729.934    -707.991             157             157
  142         690.727      67.298         690.730      67.292             142             142
  167        -143.936     588.657        -143.930     588.656             167             167
  130         301.437     522.681         301.443     522.679             130             130
  235        -240.221     822.012        -240.214     822.015             235             235
  126         371.491     198.274         371.494     198.274             126             126
   58        -161.764     237.381        -161.760     237.384              58              58
  139         205.547     681.850         205.554     681.852             139             139
   40        -134.440     -68.052        -134.439     -68.046              40              40
   84         299.001    -135.999         299.000    -136.000              84              84
  175         497.848     494.865         497.855     494.863             175             175
   80         361.523    -209.949         361.526    -209.949              80              80
  139         -98.575     592.226         -98.562     592.232             139             139
  115        -332.332    -376.451        -332.333    -376.441             115             115
   42        -245.203     413.441        -245.197     413.448              42              42
  252        -258.047    -118.986        -258.051    -118.977             252             252
   47         707.241     500.262         707.247     500.260              47              47
   97         187.279    -884.711         187.270    -884.708              97              97
  142        -271.069     402.194        -271.061     402.202             142             142
  169         401.003    -229.225         401.000    -229.224             169             169
  249         486.867    -204.570         486.870    -204.572             249             249
  121        -327.478      -7.107        -327.471      -7.094             121             121
   87          84.575    -814.162          84.565    -814.160              87              87
  220          73.494    -206.168          73.499    -206.172             220             220
   61        -953.516     -25.903        -953.511     -25.886              61              61
  191        -187.000      -0.003        -187.000       0.000             191             191
  239        -953.506      25.866        -953.511      25.885             239             239
   32          73.505     206.175          73.499     206.172              32              32
   37          84.551     814.157          84.564     814.160              37              37
  226        -327.462       7.076        -327.471       7.094             226             226
   60         486.875     204.577         486.870     204.573              60              60
  195         400.995     229.223         401.000     229.224             195             195
  113        -271.048    -402.215        -271.060    -402.203             113             113
  227         187.255     884.702         187.270     884.708             227             227
   69         707.260    -500.257         707.249    -500.259              69              69
   93        -258.060     118.958        -258.051     118.976              93              93
   98        -245.183    -413.465        -245.196    -413.449              98              98
  128        -332.336     376.420        -332.333     376.441             128             128
  232         -98.530    -592.247         -98.561    -592.232             232             232
  138         361.534     209.951         361.526     209.950             138             138
  212         497.877    -494.857         497.856    -494.862             212             212
  151         298.996     136.002         299.000     136.000             151             151
  219        -134.438      68.024        -134.439      68.045             219             219
   95         205.583    -681.859         205.555    -681.852              95              95
   11        -161.743    -237.397        -161.759    -237.384              11              11
    5         371.510    -198.273         371.495    -198.274               5               5
   92        -240.174    -822.031        -240.212    -822.015              92              92
   59         301.475    -522.665         301.443    -522.678              59              59
  103        -143.890    -588.650        -143.929    -588.656             103             103
  234         690.751     -67.249         690.730     -67.292             234             234
  228         729.910     708.025         729.933     707.993             228             228
   97        -218.236     230.339        -218.229     230.357              97              97
  100        -259.224    -242.240        -259.252    -242.220             100             100
   60         -23.640    -515.618         -23.690    -515.621              60              60
   61         179.414     410.974         179.390     410.961              61              61
  161         349.298     261.166         349.257     261.158             161             161
  252         -97.834      -4.450         -97.940      -4.438             252             252
