SINAL     NFT                         FFT                         NFT INVERSA     FFT INVERSA
-----     -----------------------     -----------------------     -----------     -----------
  254        8884.000       0.000        8884.000       0.000             254             254
  122          70.540     -60.782          70.542     -60.782             122             122
  112         212.742    -339.951         212.743    -339.950             112             112
  159         239.175    -352.572         239.177    -352.572             159             159
  248        -109.330    -283.731        -109.328    -283.731             248             248
  164         374.682    -191.502         374.683    -191.503             164             164
   44        -155.856     828.808        -155.851     828.809              44              44
  231         127.121    -357.036         127.122    -357.035             231             231
  133         -39.107     -12.722         -39.106     -12.721             133             133
  248          92.665    -560.250          92.663    -560.250             248             248
  142         300.815    -336.609         300.814    -336.613             142             142
  117         101.943     633.375         101.948     633.373             117             117
   17         505.403    -258.416         505.402    -258.421              17              17
  216        -254.171    1067.532        -254.162    1067.534             216             216
  100         618.143     378.375         618.145     378.374             100             100
   66         851.892    -220.141         851.893    -220.146              66              66
   90         239.991     326.000         240.000     326.000              90              90
  243          70.523     425.561          70.533     425.564             243             243
  103        -285.955     125.921        -285.952     125.930             103             103
  176         657.766    -264.690         657.765    -264.692             176             176
   63         313.497      10.328         313.503      10.328              63              63
  130         -41.433    -414.547         -41.431    -414.545             130             130
  211        -576.052     486.768        -576.043     486.778             211             211
  180         175.773     -53.438         175.774     -53.436             180             180
   49        -256.901     267.271        -256.895     267.279              49              49
   58          11.987     149.687          11.990     149.692              58              58
  133        -346.992     318.571        -346.989     318.584             133             133
  195         514.479      62.106         514.480      62.106             195             195
  237        -525.583     312.996        -525.577     313.018             237             237
  163          15.223    -526.108          15.207    -526.095             163             163
   53         521.150    -854.006         521.131    -854.010              53              53
  236         591.826    -629.965         591.819    -629.980             236             236
   29        -660.000      -0.006        -660.000       0.000              29              29
  165         591.809     629.997         591.818     629.981             165             165
  139         521.106     854.015         521.129     854.010             139             139
   22          15.187     526.078          15.206     526.094              22              22
   74        -525.570    -313.048        -525.577    -313.019              74              74
  184         514.482     -62.106         514.480     -62.106             184             184
  254        -346.983    -318.604        -346.988    -318.585             254             254
  207          11.995    -149.701          11.990    -149.693             207             207
  176        -256.884    -267.293        -256.894    -267.279             176             176
  140         175.775      53.433         175.774      53.436             140             140
   69        -576.023    -486.798        -576.042    -486.779              69              69
  194         -41.428     414.540         -41.432     414.545             194             194
  101         313.518     -10.329         313.504     -10.328             101             101
  169         657.762     264.699         657.765     264.693             169             169
    4        -285.943    -125.956        -285.951    -125.931               4               4
  192          70.560    -425.575          70.533    -425.565             192             192
  157         240.027    -325.999         240.000    -326.000             157             157
  107         851.896     220.163         851.893     220.146             107             107
  113         618.155    -378.371         618.146    -378.373             113             113
  221        -254.124   -1067.544        -254.161   -1067.535             221             221
  237         505.400     258.442         505.402     258.421             237             237
   68         101.975    -633.366         101.949    -633.373              68              68
  145         300.807     336.633         300.814     336.613             145             145
   31          92.647     560.249          92.662     560.250              31              31
  126         -39.097      12.709         -39.106      12.721             126             126
   22         127.120     357.024         127.121     357.035              22              22
  227        -155.800    -828.823        -155.850    -828.809             227             227
  107         374.698     191.523         374.683     191.503             107             107
  185        -109.313     283.724        -109.329     283.730             185             185
   24         239.202     352.574         239.176     352.573              24              24
   87         212.785     339.943         212.743     339.951              87              87
  215          70.653      60.766          70.542      60.781             215             215
