SINAL     NFT                         FFT                         NFT INVERSA     FFT INVERSA
-----     -----------------------     -----------------------     -----------     -----------
  161        7554.000       0.000        7554.000       0.000             161             161
   29        -226.027     -41.426        -226.025     -41.426              29              29
   21         198.950    -468.067         198.951    -468.067              21              21
   87        -622.621    -409.817        -622.620    -409.816              87              87
  254        -251.142     328.838        -251.140     328.838             254             254
  161         248.431     533.868         248.433     533.868             161             161
   76         562.415    -238.187         562.417    -238.188              76              76
   51       -1202.755      31.789       -1202.752      31.793              51              51
  255        -379.439     482.528        -379.437     482.530             255             255
  124         194.692    -400.435         194.689    -400.435             124             124
  143         190.446     626.515         190.450     626.514             143             143
  119        -259.877    -280.746        -259.878    -280.744             119             119
  183           5.881     423.905           5.884     423.904             183             183
  239        -278.167     916.220        -278.162     916.226             239             239
  237         366.996      32.674         366.992      32.677             237             237
   49         850.130    -158.802         850.129    -158.804              49              49
   10         149.002    -317.003         149.000    -317.000              10              10
   15         218.164    -258.625         218.162    -258.624              15              15
   58         396.221    -195.101         396.220    -195.103              58              58
   15         197.188    -839.698         197.180    -839.702              15              15
   41         613.112     619.135         613.125     619.125              41              41
  119        -649.078     -40.438        -649.074     -40.428             119             119
  157          71.856     549.353          71.863     549.356             157             157
  228        -268.314    -141.408        -268.317    -141.397             228             228
   95         125.444    -277.471         125.437    -277.469              95              95
  216         231.784     -64.396         231.781     -64.396             216             216
   57         108.619    -661.506         108.607    -661.509              57              57
   20         487.338     238.313         487.343     238.301              20              20
   94         112.119     456.060         112.131     456.058              94              94
  170        -207.870      91.989        -207.866      91.996             170             170
   98        -215.505     413.982        -215.502     413.991              98              98
  255         678.979     217.156         678.981     217.152             255             255
  199        -144.000      -0.013        -144.000       0.000             199             199
  119         678.984    -217.145         678.981    -217.151             119             119
   86        -215.497    -414.001        -215.501    -413.991              86              86
  197        -207.863     -92.004        -207.867     -91.996             197             197
   24         112.147    -456.057         112.131    -456.059              24              24
  162         487.350    -238.282         487.344    -238.299             162             162
  249         108.588     661.513         108.606     661.509             249             249
   24         231.777      64.397         231.781      64.397              24              24
   31         125.425     277.466         125.437     277.470              31              31
  136        -268.323     141.378        -268.318     141.397             136             136
  143          71.879    -549.361          71.864    -549.356             143             143
  214        -649.067      40.407        -649.074      40.427             214             214
  120         613.155    -619.102         613.126    -619.124             120             120
  124         197.159     839.712         197.179     839.703             124             124
    7         396.217     195.107         396.220     195.103               7               7
  130         218.155     258.623         218.161     258.624             130             130
  140         148.995     316.992         149.000     317.000             140             140
   66         850.122     158.814         850.128     158.805              66              66
  146         366.980     -32.687         366.992     -32.677             146             146
  181        -278.141    -916.249        -278.161    -916.226             181             181
  186           5.895    -423.902           5.884    -423.904             186             186
   48        -259.888     280.731        -259.879     280.744              48              48
  153         190.475    -626.510         190.452    -626.514             153             153
   25         194.668     400.439         194.688     400.436              25              25
    9        -379.427    -482.550        -379.437    -482.531               9               9
  211       -1202.734     -31.838       -1202.752     -31.795             211             211
   45         562.434     238.203         562.417     238.189              45              45
  103         248.463    -533.864         248.434    -533.868             103             103
  125        -251.116    -328.839        -251.140    -328.838             125             125
  144        -622.604     409.799        -622.621     409.816             144             144
  102         198.985     468.069         198.951     468.067             102             102
   68        -225.929      41.404        -226.025      41.425              68              68
