SINAL     NFT                         FFT                         NFT INVERSA     FFT INVERSA
-----     -----------------------     -----------------------     -----------     -----------
    0        8587.000       0.000        8587.000       0.000               0               0
  196        -580.971    -185.046        -580.970    -185.046             196             196
  227         874.599     456.879         874.601     456.879             227             227
  227        -190.633    -581.612        -190.631    -581.611             227             227
  132         429.378    -179.142         429.380    -179.143             132             132
  121        -425.899     163.828        -425.896     163.829             121             121
   37        -352.167    -206.962        -352.166    -206.960              37              37
  191        -248.932    -811.902        -248.933    -811.901             191             191
  226          28.975      42.810          28.976      42.810             226             226
   51         138.972    -600.440         138.971    -600.441              51              51
   57         252.469     231.510         252.474     231.508              57              57
   34        -550.183    -659.784        -550.182    -659.780              34              34
  102        -475.824    -737.080        -475.827    -737.081             102             102
  230        -817.435     549.457        -817.431     549.460             230             230
  107        -239.211     350.790        -239.211     350.791             107             107
   12         419.728     246.920         419.730     246.919              12              12
   14        -519.987   -1139.004        -520.000   -1139.000              14              14
  217         975.768     326.118         975.771     326.102             217             217
  115         205.715     321.564         205.724     321.558             115             115
  134        -320.115     410.333        -320.106     410.336             134             134
  106         194.740    -205.591         194.742    -205.593             106             106
  111        -502.797    -198.674        -502.794    -198.674             111             111
  215        -348.701    1234.286        -348.682    1234.289             215             215
  248         -77.158       8.089         -77.155       8.094             248             248
   11        -622.985     416.797        -622.976     416.809              11              11
  221         -46.560     391.165         -46.553     391.174             221             221
  238        -492.311    -649.976        -492.322    -649.962             238             238
    4         129.672    -336.249         129.666    -336.251               4               4
  218        -136.294    -215.655        -136.295    -215.655             218             218
  242        -430.432     186.953        -430.428     186.959             242             242
  255         107.577      85.864         107.580      85.862             255             255
  219        -385.061     -90.450        -385.058     -90.443             219             219
  182        -575.000      -0.011        -575.000       0.000             182             182
  226        -385.056      90.433        -385.058      90.442             226             226
  190         107.584     -85.861         107.580     -85.862             190             190
   59        -430.423    -186.967        -430.428    -186.960              59              59
   92        -136.296     215.656        -136.295     215.655              92              92
  227         129.658     336.255         129.666     336.252             227             227
  250        -492.338     649.940        -492.322     649.961             250             250
   63         -46.542    -391.188         -46.553    -391.174              63              63
   23        -622.962    -416.831        -622.976    -416.810              23              23
   51         -77.149      -8.103         -77.155      -8.094              51              51
   98        -348.643   -1234.296        -348.680   -1234.289              98              98
  126        -502.788     198.672        -502.794     198.673             126             126
   26         194.747     205.600         194.742     205.594              26              26
  205        -320.082    -410.345        -320.104    -410.336             205             205
  138         205.750    -321.544         205.725    -321.558             138             138
   41         975.781    -326.054         975.771    -326.100              41              41
  167        -520.040    1138.989        -520.000    1139.000             167             167
  254         419.737    -246.912         419.731    -246.918             254             254
  175        -239.209    -350.797        -239.211    -350.791             175             175
   17        -817.411    -549.470        -817.430    -549.460              17              17
  109        -475.841     737.082        -475.828     737.080             109             109
  135        -550.185     659.760        -550.184     659.780             135             135
   10         252.504    -231.498         252.475    -231.508              10              10
  121         138.961     600.449         138.969     600.442             121             121
  100          28.987     -42.807          28.976     -42.809             100             100
  248        -248.953     811.889        -248.935     811.900             248             248
  125        -352.154     206.933        -352.166     206.960             125             125
   63        -425.856    -163.853        -425.896    -163.830              63              63
  235         429.410     179.158         429.380     179.143             235             235
  125        -190.611     581.590        -190.632     581.611             125             125
   26         874.670    -456.855         874.602    -456.877              26              26
  162        -580.875     185.016        -580.970     185.044             162             162
