SINAL     NFT                         FFT                         NFT INVERSA     FFT INVERSA
-----     -----------------------     -----------------------     -----------     -----------
  182        7608.000       0.000        7608.000       0.000             182             182
   47        -466.319    -532.955        -466.318    -532.955              47              47
  108         -22.623     396.164         -22.621     396.164             108             108
  159         140.769    -161.897         140.770    -161.897             159             159
   67         321.574     -24.981         321.575     -24.981              67              67
  112        -281.112      21.460        -281.111      21.462             112             112
  192         229.202    -608.329         229.201    -608.330             192             192
   68         305.162     -75.696         305.163     -75.698              68              68
    5         -34.415     -53.990         -34.414     -53.991               5               5
   29         846.386      30.473         846.388      30.467              29              29
  253        -135.745     610.184        -135.739     610.183             253             253
  149        -259.635    1081.793        -259.628    1081.797             149             149
   55         910.818     158.386         910.821     158.384              55              55
  126         -40.281    -326.187         -40.278    -326.183             126             126
   10          38.632    -226.957          38.635    -226.958              10              10
  246        -807.217     474.086        -807.210     474.093             246             246
  182         -80.003     299.997         -80.000     300.000             182             182
  161        -388.637      69.960        -388.637      69.966             161             161
   59        -416.812     653.550        -416.809     653.559              59              59
   51         411.071    -264.377         411.063    -264.376              51              51
  232         695.103    -364.140         695.097    -364.147             232             232
  231         500.993     471.353         501.002     471.349             231             231
  130         131.694      32.585         131.699      32.587             130             130
  197         -97.379      95.595         -97.374      95.599             197             197
  160         -31.600     812.001         -31.586     812.009             160             160
   40        -212.357     -65.899        -212.359     -65.882              40              40
  131         326.033   -1076.466         326.016   -1076.464             131             131
  199         -71.342      -4.974         -71.341      -4.972             199             199
  215        -251.480    -523.516        -251.493    -523.513             215             215
  100         558.334     674.189         558.344     674.180             100             100
   92           1.621    -133.863           1.619    -133.857              92              92
  141         421.521      61.859         421.525      61.855             141             141
  147        -444.000      -0.015        -444.000       0.000             147             147
  201         421.529     -61.851         421.525     -61.855             201             201
   44           1.617     133.851           1.619     133.857              44              44
  215         558.358    -674.168         558.345    -674.179             215             215
   58        -251.509     523.508        -251.493     523.512              58              58
  237         -71.339       4.969         -71.341       4.972             237             237
   27         325.987    1076.463         326.014    1076.465              27              27
   63        -212.362      65.853        -212.359      65.881              63              63
   10         -31.562    -812.023         -31.586    -812.009              10              10
   25         -97.366     -95.607         -97.374     -95.600              25              25
  212         131.709     -32.592         131.699     -32.587             212             212
   66         501.022    -471.338         501.003    -471.348              66              66
  151         695.083     364.164         695.097     364.147             151             151
  223         411.041     264.373         411.062     264.376             223             223
   56        -416.800    -653.584        -416.808    -653.560              56              56
   77        -388.636     -69.985        -388.637     -69.967              77              77
  128         -79.991    -300.010         -80.000    -300.000             128             128
  116        -807.186    -474.121        -807.209    -474.095             116             116
  129          38.646     226.960          38.635     226.958             129             129
  105         -40.270     326.170         -40.279     326.183             105             105
   92         910.835    -158.374         910.821    -158.384              92              92
    4        -259.587   -1081.815        -259.626   -1081.797               4               4
   46        -135.699    -610.179        -135.738    -610.183              46              46
  253         846.401     -30.424         846.388     -30.465             253             253
   45         -34.411      53.997         -34.414      53.991              45              45
  178         305.169      75.717         305.162      75.699             178             178
  196         229.183     608.337         229.200     608.330             196             196
    4        -281.095     -21.482        -281.111     -21.462               4               4
   22         321.596      24.988         321.575      24.981              22              22
   33         140.786     161.894         140.770     161.897              33              33
  146         -22.568    -396.167         -22.621    -396.164             146             146
  170        -466.245     532.932        -466.319     532.954             170             170
