SINAL     NFT                         FFT                         NFT INVERSA     FFT INVERSA
-----     -----------------------     -----------------------     -----------     -----------
   15       15886.000       0.000       15886.000       0.000              15              15
  117        -658.652     333.443        -658.648     333.443             117             117
    7         736.192    1129.740         736.196    1129.739               7               7
   13       -1661.905     -79.692       -1661.901     -79.689              13              13
  103         -46.536    -499.256         -46.535    -499.256             103             103
  224        -154.567    -375.182        -154.565    -375.182             224             224
  107        -941.845    -295.432        -941.845    -295.430             107             107
  115         263.986     198.439         263.988     198.436             115             115
  138         710.776     506.721         710.782     506.716             138             138
  242        -518.093     689.191        -518.084     689.195             242             242
    6        -990.213    -578.545        -990.214    -578.539               6               6
   29          10.230    -181.577          10.230    -181.581              29              29
   84          75.392     746.877          75.400     746.875              84              84
  244        -399.668      59.409        -399.664      59.412             244             244
  125        -767.527     498.990        -767.522     498.997             125             125
  153        -632.899     -88.923        -632.904     -88.918             153             153
  165         427.983     788.376         427.987     788.372             165             165
   76          93.491      62.412          93.488      62.414              76              76
   79        1383.766     646.460        1383.774     646.448              79              79
    7         744.335    -416.716         744.342    -416.720               7               7
  175       -1408.820      91.091       -1408.812      91.111             175             175
   66         -93.146    -142.150         -93.150    -142.146              66              66
  150        -167.225    -191.384        -167.231    -191.381             150             150
  121         937.114    -191.763         937.113    -191.777             121             121
   78        -414.881     378.389        -414.871     378.395              78              78
   16        -149.097    -356.095        -149.106    -356.095              16              16
    6         909.958     579.383         909.967     579.364               6               6
  141         844.888    1172.851         844.918    1172.843             141             141
  160        -851.069     -54.766        -851.064     -54.739             160             160
  197         678.865     114.479         678.868     114.476             197             197
  111         420.943     172.628         420.956     172.633             111             111
  175        -207.675    -768.285        -207.679    -768.271             175             175
   59        -184.003    -124.012        -184.000    -124.000              59              59
  119         477.801    -863.617         477.792    -863.619             119             119
  189        -128.101   -1255.581        -128.112   -1255.585             189             189
  162        -979.025      28.564        -979.016      28.573             162             162
   87         -56.249       4.839         -56.247       4.833              87              87
   41        -633.685     289.820        -633.677     289.833              41              41
   21        -148.179    -538.345        -148.196    -538.346              21              21
  225         154.070     372.341         154.077     372.329             225             225
   27         332.962     273.457         332.974     273.449              27              27
   28        -266.862    -580.204        -266.871    -580.205              28              28
  255          16.768    1333.854          16.807    1333.855             255             255
  112         257.817    -971.680         257.801    -971.684             112             112
   16        -650.749     649.292        -650.723     649.305              16              16
  125         -70.144     194.778         -70.137     194.786             125             125
    9         179.917     -30.824         179.925     -30.823               9               9
  181        -761.749    -450.782        -761.755    -450.760             181             181
  201        -643.986     320.354        -643.987     320.371             201             201
   88        1020.754    -165.815        1020.749    -165.846              88              88
  188        -459.312     -66.107        -459.303     -66.098             188             188
  121        -122.089     851.725        -122.057     851.736             121             121
  155        -298.602    -760.415        -298.625    -760.396             155             155
   83          35.981     -91.447          35.982     -91.455              83              83
  243        -338.550     242.704        -338.536     242.712             243             243
  233        -509.104      -0.038        -509.108      -0.024             233             233
   99         -96.902     741.759         -96.886     741.769              99              99
  249         356.266    -433.664         356.242    -433.666             249             249
  118         932.824    -145.080         932.829    -145.114             118             118
    4         362.852     153.252         362.892     153.241               4               4
  191        -859.411    -337.182        -859.395    -337.149             191             191
  230        -691.147     396.908        -691.119     396.936             230             230
  180        -655.490    -246.329        -655.496    -246.297             180             180
  250        -225.033    -207.461        -225.035    -207.454             250             250
   93       -1014.000      -0.037       -1014.000       0.000              93              93
  113        -225.038     207.446        -225.036     207.454             113             113
  157        -655.503     246.261        -655.496     246.296             157             157
  180        -691.088    -396.968        -691.118    -396.937             180             180
  154        -859.377     337.111        -859.396     337.149             154             154
  179         362.938    -153.227         362.892    -153.240             179             179
  150         932.834     145.158         932.828     145.116             150             150
  182         356.211     433.668         356.241     433.667             182             182
  207         -96.865    -741.783         -96.885    -741.770             207             207
  150        -509.112       0.003        -509.108       0.023             150             150
   38        -338.517    -242.723        -338.536    -242.712              38              38
  223          35.983      91.468          35.982      91.456             223             223
   19        -298.660     760.369        -298.626     760.396              19              19
   48        -122.006    -851.752        -122.055    -851.735              48              48
  148        -459.287      66.083        -459.302      66.097             148             148
  221        1020.739     165.898        1020.748     165.849             221             221
  136        -643.988    -320.402        -643.987    -320.372             136             136
   81        -761.767     450.720        -761.756     450.759              81              81
   86         179.940      30.820         179.925      30.823              86              86
   36         -70.125    -194.800         -70.137    -194.786              36              36
  164        -650.672    -649.331        -650.722    -649.306             164             164
   74         257.766     971.691         257.799     971.684              74              74
   13          16.890   -1333.856          16.809   -1333.854              13              13
    8        -266.891     580.205        -266.873     580.204               8               8
   68         333.002    -273.431         332.975    -273.449              68              68
  132         154.095    -372.302         154.078    -372.329             132             132
   13        -148.238     538.349        -148.197     538.346              13              13
    3        -633.656    -289.866        -633.676    -289.834               3               3
  107         -56.239      -4.816         -56.247      -4.832             107             107
  193        -978.993     -28.600        -979.016     -28.575             193             193
  254        -128.145    1255.596        -128.114    1255.585             254             254
  200         477.764     863.628         477.790     863.620             200             200
   50        -183.992     123.965        -184.000     124.000              50              50
  155        -207.695     768.225        -207.680     768.270             155             155
  125         421.001    -172.648         420.957    -172.633             125             125
  205         678.879    -114.461         678.868    -114.475             205             205
   78        -851.045      54.643        -851.064      54.739              78              78
   20         845.036   -1172.808         844.921   -1172.841              20              20
  132         909.999    -579.283         909.967    -579.362             132             132
   29        -149.147     356.094        -149.107     356.094              29              29
  170        -414.828    -378.420        -414.871    -378.395             170             170
  171         937.105     191.852         937.112     191.780             171             171
  253        -167.263     191.366        -167.231     191.381             253             253
  190         -93.173     142.128         -93.151     142.146             190             190
  219       -1408.770     -91.222       -1408.811     -91.112             219             219
  146         744.378     416.748         744.340     416.722             146             146
  155        1383.824    -646.374        1383.774    -646.446             155             155
  100          93.466     -62.422          93.487     -62.414             100             100
  227         428.012    -788.343         427.987    -788.371             227             227
  242        -632.942      88.875        -632.905      88.917             242             242
  136        -767.479    -499.055        -767.521    -498.998             136             136
  136        -399.631     -59.440        -399.664     -59.413             136             136
   60          75.482    -746.851          75.401    -746.874              60              60
  150          10.219     181.612          10.229     181.580             150             150
  145        -990.235     578.453        -990.216     578.537             145             145
  128        -517.959    -689.250        -518.083    -689.196             128             128
   26         710.878    -506.639         710.783    -506.715              26              26
  158         264.017    -198.378         263.987    -198.436             158             158
  132        -941.830     295.386        -941.845     295.428             132             132
  134        -154.519     375.182        -154.566     375.182             134             134
   95         -46.505     499.240         -46.535     499.257              95              95
  130       -1661.759      79.515       -1661.901      79.686             130             130
   79         736.519   -1129.683         736.198   -1129.738              79              79
  146        -658.209    -333.458        -658.648    -333.445             146             146
