SINAL     NFT                         FFT                         NFT INVERSA     FFT INVERSA
-----     -----------------------     -----------------------     -----------     -----------
   86       15517.000       0.000       15517.000       0.000              86              86
   36         -34.873    -791.133         -34.870    -791.133              36              36
   80        -898.850     285.076        -898.846     285.076              80              80
   10         -27.002     202.178         -26.999     202.177              10              10
   44          24.535    1095.525          24.540    1095.526              44              44
   41        -141.178    -928.470        -141.177    -928.470              41              41
   54        -399.230     538.815        -399.225     538.814              54              54
  144        -169.378     453.242        -169.373     453.241             144             144
  202        -713.503    1504.911        -713.493    1504.915             202             202
  176        -933.641     659.961        -933.637     659.969             176             176
  241        -218.684    -310.838        -218.687    -310.834             241             241
   33         270.968     121.862         270.969     121.861              33              33
  112         385.548     326.762         385.552     326.760             112             112
  116        -813.121     598.899        -813.116     598.907             116             116
   43         170.299     383.946         170.298     383.950              43              43
  194        1326.646      76.554        1326.646      76.548             194             194
  126         799.495    -318.612         799.500    -318.616             126             126
  171        -581.066    -267.809        -581.063    -267.800             171             171
   20         250.043     -86.013         250.045     -86.013              20              20
  149         -41.544    -779.786         -41.550    -779.785             149             149
   96         459.841     215.635         459.849     215.627              96              96
   47        -581.120    -369.987        -581.118    -369.982              47              47
   64        -582.285     690.669        -582.275     690.676              64              64
  239         287.161    -114.112         287.159    -114.112             239             239
  120        -456.316    -300.585        -456.320    -300.579             120             120
  154         111.952     779.653         111.962     779.655             154             154
  247        -192.225   -1089.859        -192.246   -1089.853             247             247
  246         721.000    -366.147         720.991    -366.170             246             246
  149         732.149    1228.752         732.175    1228.735             149             149
  129         336.701     121.548         336.715     121.546             129             129
   41        -289.037      55.112        -289.024      55.119              41              41
  235        -729.873     404.615        -729.863     404.630             235             235
  165         -43.002     341.992         -43.000     342.000             165             165
  121        1080.828    -102.398        1080.832    -102.413             121             121
  246        -535.855    -199.903        -535.848    -199.887             246             246
  209         -91.018    -243.872         -91.018    -243.871             209             209
  163        -482.290     149.661        -482.283     149.668             163             163
   45        -715.255     864.226        -715.240     864.249              45              45
   97         161.865    -617.690         161.840    -617.685              97              97
  110         358.511    -269.560         358.498    -269.574             110             110
  221        1208.713     881.332        1208.745     881.304             221             221
   82        -586.000    -512.098        -585.998    -512.075              82              82
  144         -99.040     -82.980         -99.037     -82.979             144             144
   78        -187.007     201.067        -186.996     201.071              78              78
  199        -411.020     305.573        -411.012     305.588             199             199
  187         182.993     -58.717         182.993     -58.718             187             187
   17        -273.037    -106.827        -273.036    -106.817              17              17
   70        -514.187    -596.285        -514.210    -596.284              70              70
  103         222.461    1509.397         222.500    1509.384             103             103
   37         222.782      40.160         222.783      40.161              37              37
  220          14.259     737.738          14.283     737.746             220             220
  200         279.811     155.542         279.819     155.546             200             200
   85         130.968     579.352         130.995     579.363              85              85
   28          38.475      94.716          38.490      94.737              28              28
  183        -432.128     179.400        -432.111     179.442             183             183
  205        -321.470   -1159.733        -321.504   -1159.708             205             205
  183        -926.946     458.757        -926.933     458.797             183             183
  174        -390.755    -485.451        -390.788    -485.422             174             174
  196        -415.955    -367.605        -415.991    -367.584             196             196
   76         172.042    -285.584         172.009    -285.592              76              76
   47        -223.809     459.083        -223.823     459.101              47              47
  237        1499.914    -948.512        1499.858    -948.564             237             237
   56         843.843     162.210         843.863     162.174              56              56
  213        -575.184    -385.349        -575.196    -385.328             213             213
  103         957.000       0.050         957.000       0.000             103             103
   46        -575.211     385.306        -575.197     385.328              46              46
  166         843.885    -162.131         843.863    -162.172             166             166
   10        1499.794     948.625        1499.856     948.567              10              10
   91        -223.837    -459.122        -223.822    -459.102              91              91
    8         171.968     285.602         172.008     285.593               8               8
  121        -416.034     367.559        -415.992     367.584             121             121
   56        -390.831     485.385        -390.789     485.422              56              56
   91        -926.915    -458.849        -926.932    -458.798              91              91
    9        -321.551    1159.675        -321.506    1159.708               9               9
  135        -432.089    -179.501        -432.112    -179.443             135             135
   35          38.512     -94.766          38.490     -94.737              35              35
  196         131.036    -579.380         130.996    -579.363             196             196
  152         279.830    -155.551         279.819    -155.545             152             152
  105          14.322    -737.758          14.284    -737.745             105             105
   44         222.783     -40.163         222.783     -40.161              44              44
  190         222.566   -1509.362         222.501   -1509.384             190             190
   70        -514.251     596.279        -514.211     596.282              70              70
  244        -273.035     106.799        -273.036     106.817             244             244
   19         182.990      58.718         182.992      58.718              19              19
   99        -410.994    -305.618        -411.011    -305.589              99              99
  172        -186.974    -201.078        -186.995    -201.071             172             172
  225         -99.031      82.978         -99.037      82.980             225             225
   26        -585.996     512.025        -586.000     512.074              26              26
   91        1208.817    -881.241        1208.746    -881.303              91              91
  165         358.466     269.606         358.498     269.574             165             165
  103         161.778     617.674         161.839     617.686             103             103
  138        -715.202    -864.310        -715.239    -864.251             138             138
  147        -482.261    -149.688        -482.282    -149.670             147             147
  159         -91.016     243.868         -91.018     243.871             159             159
   96        -535.828     199.844        -535.849     199.887              96              96
  250        1080.842     102.459        1080.832     102.415             250             250
  205         -42.995    -342.023         -43.000    -342.000             205             205
    7        -729.830    -404.684        -729.862    -404.632               7               7
    4        -288.984     -55.141        -289.025     -55.119               4               4
   41         336.762    -121.539         336.715    -121.545              41              41
   15         732.276   -1228.670         732.178   -1228.734              15              15
  125         720.954     366.260         720.990     366.172             125             125
   98        -192.336    1089.829        -192.248    1089.852              98              98
  107         112.007    -779.663         111.963    -779.655             107             107
  135        -456.339     300.552        -456.321     300.578             135             135
  233         287.152     114.116         287.159     114.113             233             233
  142        -582.227    -690.714        -582.274    -690.677             142             142
   76        -581.110     369.953        -581.119     369.982              76              76
  130         459.898    -215.584         459.850    -215.626             130             130
  248         -41.586     779.783         -41.552     779.785             248             248
  120         250.055      86.012         250.044      86.013             120             120
   64        -581.044     267.740        -581.064     267.799              64              64
   63         799.528     318.641         799.500     318.616              63              63
  109        1326.648     -76.492        1326.646     -76.546             109             109
   84         170.288    -383.973         170.299    -383.949              84              84
  162        -813.072    -598.987        -813.115    -598.909             162             162
   25         385.596    -326.734         385.553    -326.759              25              25
   54         270.969    -121.843         270.968    -121.861              54              54
  188        -218.730     310.787        -218.688     310.834             188             188
  116        -933.578    -660.090        -933.636    -659.971             116             116
  220        -713.326   -1504.970        -713.491   -1504.915             220             220
   36        -169.278    -453.217        -169.373    -453.240              36              36
  255        -399.114    -538.797        -399.224    -538.814             255             255
  111        -141.166     928.469        -141.178     928.470             111             111
  195          24.726   -1095.523          24.542   -1095.525             195             195
   95         -26.870    -202.140         -26.999    -202.178              95              95
  105        -898.622    -285.100        -898.846    -285.077             105             105
  145         -34.509     791.158         -34.871     791.133             145             145
