SINAL     NFT                         FFT                         NFT INVERSA     FFT INVERSA
-----     -----------------------     -----------------------     -----------     -----------
   47       16572.000       0.000       16572.000       0.000              47              47
   50         359.910     502.242         359.914     502.242              50              50
  132         623.214    -170.955         623.218    -170.956             132             132
   22        -455.255    -838.225        -455.251    -838.225              22              22
  204       -1853.663     121.394       -1853.659     121.397             204             204
    5         397.748     228.768         397.751     228.766               5               5
  186        -171.413     935.279        -171.407     935.279             186             186
  216        -529.187    -499.151        -529.187    -499.148             216             216
  159          87.817     136.796          87.818     136.794             159             159
   36         822.778     243.250         822.782     243.245              36              36
  204         -15.294    -455.932         -15.292    -455.933             204             204
   39         134.284     641.183         134.293     641.180              39              39
  232        -608.886     -84.965        -608.884     -84.961             232             232
  231         596.268    -163.239         596.269    -163.247             231             231
  143        -291.382     317.246        -291.376     317.242             143             143
  250          98.225    1669.989          98.242    1669.988             250             250
  232        -194.972     206.668        -194.967     206.675             232             232
  101          92.741      25.640          92.743      25.640             101             101
  206         486.935     543.083         486.944     543.078             206             206
   88         521.408     530.290         521.421     530.288              88              88
  149        -184.897    -425.777        -184.893    -425.773             149             149
  186        -103.635     927.026        -103.616     927.030             186             186
  131        -371.679    -356.766        -371.676    -356.755             131             131
  132       -1001.940     -46.700       -1001.941     -46.683             132             132
  134         849.165    -538.445         849.157    -538.459             134             134
   62         -92.578     303.380         -92.563     303.379              62              62
  144        -776.124     145.701        -776.117     145.717             144             144
  170        -328.024   -1135.428        -328.045   -1135.429             170             170
   15         419.586     685.172         419.597     685.151              15              15
   62         530.226    1089.504         530.253    1089.491              62              62
  140         -82.154     536.307         -82.129     536.311             140             140
   63       -1029.738     935.768       -1029.714     935.795              63              63
  112        -276.999     -13.016        -277.000     -13.000             112             112
   16        -210.778     358.932        -210.772     358.944              16              16
   85          42.425     326.968          42.433     326.980              85              85
   60        -146.390    -930.938        -146.408    -930.931              60              60
   22        -150.202     826.025        -150.181     826.029              22              22
   16        -313.303     167.641        -313.300     167.661              16              16
   21         429.815    -439.028         429.806    -439.032              21              21
  182        -371.499     586.885        -371.480     586.902             182             182
   52         197.804    -314.118         197.800    -314.109              52              52
  225        -446.807    -503.351        -446.816    -503.332             225             225
  222        -151.131    -325.219        -151.143    -325.212             222             222
   28         956.874     -82.191         956.882     -82.210              28              28
  200        -891.528   -1200.367        -891.544   -1200.344             200             200
  109        -450.331    -529.712        -450.341    -529.720             109             109
   22        -734.499     571.372        -734.481     571.377              22              22
  177        -764.991     195.149        -764.995     195.163             177             177
  211        -301.030     504.670        -301.033     504.675             211             211
  229         372.696     184.713         372.685     184.701             229             229
    9         867.971     -69.807         867.971     -69.842               9               9
  104        -439.976     566.867        -439.954     566.871             104             104
  160        1011.962    1174.646        1012.013    1174.621             160             160
  141        -750.615    -204.143        -750.598    -204.106             141             141
  236       -1196.812     317.098       -1196.805     317.142             236             236
   38         129.002     262.303         129.000     262.304              38              38
  203        -146.781     181.135        -146.776     181.144             203             203
  125        -259.108     864.492        -259.076     864.515             125             125
  209       -1044.588    -345.009       -1044.617    -344.956             209             209
  219         313.807     417.297         313.799     417.293             219             219
  187         -22.441     168.414         -22.448     168.428             187             187
   93        -170.076     380.957        -170.082     380.978              93              93
   26         496.681     279.308         496.669     279.310              26              26
   44         522.115     -28.976         522.096     -28.974              44              44
  110        1382.000       0.037        1382.000       0.000             110             110
  112         522.075      28.974         522.095      28.975             112             112
  105         496.656    -279.311         496.669    -279.309             105             105
  132        -170.089    -381.002        -170.082    -380.979             132             132
  128         -22.456    -168.442         -22.448    -168.428             128             128
  126         313.792    -417.287         313.801    -417.292             126             126
   59       -1044.652     344.889       -1044.617     344.954              59              59
  180        -259.034    -864.545        -259.074    -864.516             180             180
   96        -146.769    -181.156        -146.776    -181.144              96              96
   25         128.997    -262.306         129.000    -262.304              25              25
  209       -1196.794    -317.207       -1196.804    -317.144             209             209
   40        -750.576     204.050        -750.599     204.104              40              40
  135        1012.090   -1174.581        1012.014   -1174.618             135             135
  232        -439.919    -566.879        -439.952    -566.872             232             232
  218         867.971      69.898         867.971      69.843             218             218
   90         372.669    -184.681         372.686    -184.700              90              90
  205        -301.038    -504.683        -301.033    -504.675             205             205
  227        -765.001    -195.190        -764.995    -195.164             227             227
  195        -734.448    -571.387        -734.480    -571.378             195             195
  110        -450.359     529.733        -450.341     529.719             110             110
  113        -891.578    1200.298        -891.546    1200.343             113             113
  176         956.900      82.251         956.883      82.212             176             176
  148        -151.169     325.197        -151.144     325.212             148             148
   60        -446.836     503.290        -446.817     503.331              60              60
   46         197.792     314.088         197.800     314.109              46              46
  102        -371.435    -586.943        -371.479    -586.903             102             102
   24         429.786     439.043         429.806     439.033              24              24
  233        -313.293    -167.710        -313.300    -167.662             233             233
  195        -150.125    -826.040        -150.180    -826.029             195             195
   51        -146.458     930.911        -146.410     930.930              51              51
   22          42.457    -327.014          42.434    -326.980              22              22
   49        -210.751    -358.979        -210.771    -358.945              49              49
  163        -277.003      12.953        -277.000      13.000             163             163
  127       -1029.631    -935.886       -1029.712    -935.797             127             127
  182         -82.048    -536.324         -82.129    -536.311             182             182
   36         530.353   -1089.444         530.256   -1089.490              36              36
  254         419.639    -685.072         419.598    -685.150             254             254
  242        -328.131    1135.432        -328.047    1135.429             242             242
  217        -776.089    -145.780        -776.117    -145.718             217             217
   94         -92.502    -303.376         -92.563    -303.379              94              94
   11         849.124     538.520         849.157     538.459              11              11
  170       -1001.944      46.599       -1001.941      46.681             170             170
  135        -371.664     356.699        -371.677     356.754             135             135
  147        -103.509    -927.053        -103.613    -927.030             147             147
  146        -184.875     425.750        -184.895     425.773             146             146
   97         521.503    -530.276         521.423    -530.287              97              97
  237         487.002    -543.047         486.945    -543.077             237             237
   96          92.752     -25.639          92.743     -25.639              96              96
   69        -194.933    -206.719        -194.967    -206.675              69              69
  177          98.391   -1669.973          98.246   -1669.987             177             177
  206        -291.318    -317.213        -291.375    -317.242             206             206
  182         596.280     163.325         596.269     163.249             182             182
   97        -608.865      84.923        -608.884      84.960              97              97
   99         134.392    -641.147         134.294    -641.179              99              99
  243         -15.275     455.954         -15.293     455.934             243             243
  143         822.836    -243.174         822.782    -243.243             143             143
  201          87.838    -136.767          87.818    -136.794             201             201
   11        -529.193     499.102        -529.187     499.148              11              11
  121        -171.268    -935.291        -171.405    -935.279             121             121
  141         397.812    -228.695         397.751    -228.765             141             141
   62       -1853.553    -121.501       -1853.660    -121.399              62              62
  143        -455.113     838.210        -455.252     838.224             143             143
  190         623.463     170.993         623.218     170.957             190             190
  226         360.397    -502.207         359.915    -502.240             226             226
