SINAL     NFT                         FFT                         NFT INVERSA     FFT INVERSA
-----     -----------------------     -----------------------     -----------     -----------
   46       15571.000       0.000       15571.000       0.000              46              46
   54        -471.709     842.736        -471.705     842.736              54              54
  156        -518.858   -1341.025        -518.857   -1341.025             156             156
  112          21.016     238.865          21.019     238.864             112             112
    6        1029.198      69.241        1029.201      69.237               6               6
  207        -742.853     622.739        -742.847     622.739             207             207
   31         347.223    1910.752         347.233    1910.752              31              31
   73          63.324     112.524          63.330     112.528              73              73
  144        -370.610    -716.054        -370.608    -716.051             144             144
  223        -747.280     425.272        -747.274     425.277             223             223
   12        -368.198    -144.452        -368.197    -144.447              12              12
   20        -490.853     -70.303        -490.851     -70.297              20              20
  170        -467.917    -881.257        -467.924    -881.254             170             170
   58         -55.741    -215.985         -55.745    -215.988              58              58
   69         482.672     233.688         482.673     233.680              69              69
  205         926.439    1070.947         926.453    1070.940             205             205
  246        -440.550    -181.249        -440.547    -181.239             246             246
  169         509.840    -890.108         509.834    -890.114             169             169
   44         321.953     420.875         321.966     420.868              44              44
  244        -263.460     393.142        -263.447     393.147             244             244
   27        -422.235    -467.701        -422.234    -467.693              27              27
  247        -585.240    -325.562        -585.241    -325.558             247             247
  109         207.544     153.843         207.550     153.834             109             109
   42        -615.101    1056.179        -615.082    1056.188              42              42
  217        -322.313     135.721        -322.311     135.734             217             217
   58         -36.953    -169.763         -36.954    -169.758              58              58
  203        -130.383    -165.021        -130.382    -165.017             203             203
   57        -495.075     -47.730        -495.075     -47.722              57              57
   29         158.048     162.062         158.052     162.059              29              29
   75        -599.613     345.156        -599.604     345.170              75              75
   30        -453.200     209.714        -453.203     209.730              30              30
   75         871.168     -31.458         871.167     -31.465              75              75
  130         -81.999    -489.011         -82.000    -489.000             130             130
  187        -598.564    -833.231        -598.579    -833.218             187             187
  187         237.393     197.383         237.400     197.381             187             187
  136        -462.492   -1314.284        -462.512   -1314.274             136             136
  139       -1268.178    -234.125       -1268.186    -234.105             139             139
  219        -326.799    -929.236        -326.834    -929.245             219             219
  209         115.642     506.952         115.645     506.930             209             209
   27        -473.931     293.666        -473.935     293.666              27              27
  186        -135.470     511.714        -135.477     511.710             186             186
  222         690.764     214.954         690.750     214.931             222             222
   48        1361.554     -80.174        1361.549     -80.223              48              48
  101         559.706    1318.782         559.754    1318.762             101             101
   25           1.716     204.119           1.732     204.125              25              25
  117         331.797     146.577         331.812     146.566             117             117
   50        -731.152     550.012        -731.134     550.030              50              50
   16         370.353     904.841         370.373     904.836              16              16
   31         802.529     312.771         802.547     312.761              31              31
   95          53.922      41.354          53.944      41.362              95              95
    5        -685.412     681.768        -685.375     681.805               5               5
   59       -1253.382    -612.771       -1253.412    -612.717              59              59
   86         -45.539    -159.409         -45.577    -159.410              86              86
  114        1660.980     904.006        1660.999     903.956             114             114
  101         530.102     172.778         530.120     172.783             101             101
   48        1283.441    -743.356        1283.448    -743.390              48              48
  173       -1283.647     375.873       -1283.604     375.925             173             173
   49          54.900    -383.173          54.896    -383.167              49              49
  105        -927.844     154.105        -927.836     154.144             105             105
  202         317.386     -16.990         317.381     -16.991             202             202
  124         102.936    -212.907         102.937    -212.902             124             124
  136         165.833    -254.256         165.844    -254.260             136             136
   22        -957.178     225.702        -957.155     225.746              22              22
  254        -365.877    -674.663        -365.903    -674.647             254             254
   68        -451.000      -0.007        -451.000       0.000              68              68
  210        -365.932     674.629        -365.904     674.646             210             210
  134        -957.130    -225.796        -957.155    -225.748             134             134
  207         165.855     254.265         165.844     254.261             207             207
  173         102.938     212.897         102.937     212.902             173             173
   88         317.376      16.994         317.381      16.992              88              88
  234        -927.825    -154.194        -927.835    -154.146             234             234
  103          54.891     383.159          54.896     383.167             103             103
   55       -1283.549    -375.994       -1283.604    -375.927              55              55
   27        1283.455     743.438        1283.446     743.392              27              27
  204         530.144    -172.789         530.120    -172.783             204             204
   80        1661.028    -903.883        1661.001    -903.953              80              80
  144         -45.632     159.413         -45.577     159.411             144             144
  255       -1253.460     612.630       -1253.414     612.714             255             255
   97        -685.317    -681.866        -685.373    -681.807              97              97
  176          53.979     -41.375          53.944     -41.362             176             176
   94         802.577    -312.743         802.547    -312.761              94              94
  102         370.410    -904.829         370.375    -904.837             102             102
  235        -731.100    -550.065        -731.133    -550.031             235             235
  181         331.839    -146.545         331.812    -146.565             181             181
  216           1.761    -204.136           1.732    -204.125             216             216
   81         559.851   -1318.719         559.756   -1318.761              81              81
  229        1361.538      80.327        1361.549      80.226             229             229
  133         690.720    -214.881         690.750    -214.929             133             133
  130        -135.492    -511.701        -135.476    -511.710             130             130
   79        -473.942    -293.667        -473.935    -293.667              79              79
   80         115.652    -506.875         115.645    -506.930              80              80
  255        -326.925     929.266        -326.837     929.245             255             255
  216       -1268.208     234.053       -1268.187     234.103             216             216
  102        -462.569    1314.247        -462.515    1314.273             102             102
  253         237.422    -197.374         237.401    -197.380             253             253
   28        -598.623     833.177        -598.581     833.216              28              28
   57         -82.004     488.967         -82.000     489.000              57              57
  132         871.161      31.488         871.166      31.466             132             132
  235        -453.211    -209.784        -453.203    -209.730             235             235
  230        -599.576    -345.220        -599.604    -345.171             230             230
  221         158.069    -162.048         158.053    -162.058             221             221
  214        -495.075      47.689        -495.076      47.721             214             214
   77        -130.380     165.002        -130.382     165.017              77              77
   20         -36.961     169.736         -36.955     169.758              20              20
  241        -322.299    -135.785        -322.310    -135.733             241             241
   26        -614.988   -1056.233        -615.080   -1056.189              26              26
  101         207.579    -153.791         207.550    -153.835             101             101
  130        -585.251     325.534        -585.242     325.557             130             130
   26        -422.232     467.652        -422.234     467.693              26              26
  198        -263.369    -393.180        -263.446    -393.148             198             198
   50         322.043    -420.826         321.967    -420.867              50              50
  120         509.790     890.154         509.832     890.114             120             120
   44        -440.528     181.167        -440.547     181.239              44              44
   30         926.564   -1070.881         926.455   -1070.938              30              30
   45         482.681    -233.613         482.674    -233.679              45              45
    5         -55.779     216.014         -55.746     215.988               5               5
  111        -467.994     881.216        -467.925     881.253             111             111
   19        -490.840      70.234        -490.852      70.296              19              19
  139        -368.181     144.393        -368.197     144.447             139             139
  241        -747.193    -425.346        -747.274    -425.279             241             241
   98        -370.589     715.997        -370.609     716.051              98              98
  219          63.419    -112.593          63.329    -112.528             219             219
  240         347.451   -1910.743         347.235   -1910.751             240             240
   58        -742.700    -622.751        -742.846    -622.740              58              58
   66        1029.315     -69.110        1029.202     -69.236              66              66
  238          21.134    -238.811          21.019    -238.863             238             238
   87        -518.788    1340.987        -518.859    1341.025              87              87
  123        -471.222    -842.789        -471.703    -842.737             123             123
