SINAL     NFT                         FFT                         NFT INVERSA     FFT INVERSA
-----     -----------------------     -----------------------     -----------     -----------
   25       16100.000       0.000       16100.000       0.000              25              25
   55        -370.505    -104.544        -370.501    -104.543              55              55
  160        -480.962    -508.205        -480.959    -508.205             160             160
   84        -461.365     337.818        -461.362     337.818              84              84
  216        -484.658     161.132        -484.656     161.133             216             216
  186        1261.746     504.064        1261.750     504.063             186             186
   88         165.919   -1277.090         165.919   -1277.090              88              88
   39        -311.009     545.681        -311.003     545.681              39              39
   99        -472.256     -61.345        -472.253     -61.343              99              99
   73         105.054     289.435         105.058     289.436              73              73
  137         300.304    -404.171         300.305    -404.172             137             137
  132          63.337    -704.420          63.338    -704.423             132             132
   82        -360.121     288.774        -360.114     288.773              82              82
  150         659.455     442.757         659.466     442.752             150             150
   76       -1144.247    -259.094       -1144.242    -259.085              76              76
  107        -512.641     487.693        -512.634     487.696             107             107
  168        -155.309     -20.997        -155.306     -20.996             168             168
  163        -537.136     326.132        -537.128     326.137             163             163
   64        -637.769     800.099        -637.757     800.110              64              64
    8        -358.131    -940.079        -358.140    -940.072               8               8
  209       -1174.072    -419.357       -1174.081    -419.349             209             209
  186         693.491     903.193         693.499     903.178             186             186
  126         -21.137    1115.658         -21.117    1115.661             126             126
  210        -449.148     119.379        -449.143     119.391             210             210
  188        -404.973     868.056        -404.959     868.071             188             188
  136        -458.876     128.909        -458.876     128.934             136             136
  203        -147.272   -2003.161        -147.309   -2003.155             203             203
  226         413.113     483.155         413.120     483.142             226             226
  174        -486.865      33.834        -486.864      33.844             174             174
  202          44.381     414.783          44.386     414.787             202             202
  174          58.324    -205.281          58.321    -205.274             174             174
  199        -258.543    -100.241        -258.544    -100.229             199             199
    2        -215.983    -648.011        -216.000    -648.000               2               2
   78         172.342    -611.382         172.326    -611.383              78              78
   28         184.020   -1217.628         183.995   -1217.640              28              28
  219         -60.130      61.675         -60.127      61.661             219             219
    9        -108.035     191.376        -108.032     191.366               9               9
  116         591.329    1024.104         591.357    1024.090             116             116
    2        -594.529     -82.860        -594.527     -82.835               2               2
  108         362.343    -683.204         362.328    -683.212             108             108
  190        -228.135    -325.760        -228.137    -325.764             190             190
  139        -141.932     280.646        -141.917     280.641             139             139
  241       -1047.543     149.288       -1047.542     149.312             241             241
   16         291.836     251.867         291.836     251.857              16              16
   34        -528.852     134.908        -528.852     134.924              34              34
   61         -83.061      92.844         -83.067      92.849              61              61
  123         -81.824    -659.275         -81.852    -659.277             123             123
  202          96.649     -18.711          96.636     -18.732             202             202
  225         741.279     977.035         741.305     977.004             225             225
  188         206.042     -27.121         206.045     -27.130             188             188
  211         531.036     898.745         531.076     898.728             211             211
  178        -175.523     429.246        -175.493     429.261             178             178
  118        -196.368     639.006        -196.330     639.032             118             118
   82       -1291.537    -792.208       -1291.562    -792.155              82              82
  132        -409.728     948.111        -409.711     948.138             132             132
   51        -199.976   -1082.401        -200.031   -1082.380              51              51
  218          17.376    -307.167          17.349    -307.177             218             218
   80          96.451     518.678          96.455     518.671              80              80
   22         331.420     436.310         331.424     436.313              22              22
  137         539.500    -892.720         539.464    -892.734             137             137
   27        -269.065     -37.357        -269.072     -37.359              27              27
  196         580.985     555.657         580.997     555.631             196             196
   81         657.953     443.067         657.979     443.053              81              81
   29        -316.535    -300.796        -316.537    -300.771              29              29
   19          40.000      -0.002          40.000       0.000              19              19
  109        -316.541     300.746        -316.538     300.771             109             109
  248         658.008    -443.038         657.980    -443.052             248             248
   28         581.012    -555.601         580.998    -555.630              28              28
  226        -269.080      37.361        -269.072      37.359             226             226
  251         539.420     892.751         539.462     892.734             251             251
  137         331.429    -436.315         331.424    -436.312             137             137
  160          96.460    -518.660          96.455    -518.670             160             160
  135          17.313     307.191          17.348     307.177             135             135
  123        -200.106    1082.351        -200.033    1082.380             123             123
  177        -409.687    -948.176        -409.710    -948.139             177             177
  169       -1291.599     792.075       -1291.564     792.151             169             169
  184        -196.274    -639.070        -196.329    -639.032             184             184
   45        -175.446    -429.284        -175.492    -429.262              45              45
  116         531.139    -898.698         531.076    -898.726             116             116
  153         206.050      27.146         206.045      27.131             153             153
  233         741.350    -976.953         741.306    -977.004             233             233
   71          96.615      18.768          96.636      18.732              71              71
   76         -81.906     659.282         -81.854     659.278              76              76
   96         -83.079     -92.861         -83.067     -92.850              96              96
  153        -528.851    -134.955        -528.852    -134.924             153             153
  208         291.839    -251.837         291.838    -251.856             208             208
  147       -1047.538    -149.363       -1047.541    -149.313             147             147
  116        -141.885    -280.630        -141.917    -280.641             116             116
   33        -228.140     325.772        -228.137     325.764              33              33
  169         362.293     683.231         362.327     683.212             169             169
  253        -594.522      82.776        -594.527      82.835             253             253
   60         591.430   -1024.054         591.359   -1024.089              60              60
  110        -108.024    -191.341        -108.032    -191.366             110             110
   78         -60.119     -61.621         -60.127     -61.661              78              78
   89         183.921    1217.676         183.992    1217.641              89              89
  129         172.279     611.387         172.325     611.384             129             129
  188        -216.051     647.966        -216.000     648.000             188             188
   82        -258.550     100.186        -258.545     100.228              82              82
  158          58.310     205.252          58.320     205.274             158             158
  158          44.405    -414.802          44.387    -414.788             158             158
   78        -486.858     -33.879        -486.864     -33.844              78              78
   39         413.153    -483.091         413.122    -483.141              39              39
   63        -147.463    2003.129        -147.313    2003.154              63              63
  213        -458.877    -129.038        -458.876    -128.935             213             213
  162        -404.897    -868.137        -404.959    -868.071             162             162
  241        -449.120    -119.449        -449.142    -119.392             241             241
  127         -21.018   -1115.676         -21.115   -1115.661             127             127
   91         693.545    -903.094         693.501    -903.176              91              91
   30       -1174.129     419.305       -1174.081     419.348              30              30
  243        -358.195     940.029        -358.141     940.072             243             243
  245        -637.684    -800.182        -637.756    -800.111             245             245
    8        -537.074    -326.168        -537.127    -326.138               8               8
   59        -155.280      20.988        -155.306      20.996              59              59
   65        -512.575    -487.724        -512.633    -487.697              65              65
  104       -1144.198     259.008       -1144.242     259.084             104             104
  212         659.564    -442.695         659.467    -442.750             212             212
   18        -360.049    -288.767        -360.114    -288.773              18              18
  252          63.341     704.450          63.336     704.423             252             252
   73         300.320     404.181         300.306     404.173              73              73
   51         105.112    -289.438         105.058    -289.435              51              51
  166        -472.212      61.305        -472.253      61.343             166             166
   70        -310.880    -545.682        -311.001    -545.681              70              70
  112         165.915    1277.102         165.917    1277.090             112             112
   21        1261.851    -503.991        1261.750    -504.060              21              21
  149        -484.592    -161.174        -484.656    -161.133             149             149
  202        -461.217    -337.840        -461.361    -337.819             202             202
  150        -480.796     508.175        -480.960     508.203             150             150
   81        -370.078     104.501        -370.502     104.543              81              81
