SINAL     NFT                         FFT                         NFT INVERSA     FFT INVERSA
-----     -----------------------     -----------------------     -----------     -----------
  122       15200.000       0.000       15200.000       0.000             122             122
  234        -403.246    -181.002        -403.243    -181.002             234             234
   72         455.038     950.115         455.041     950.115              72              72
  129          22.009     785.839          22.013     785.840             129             129
  209         -74.943    -388.424         -74.941    -388.423             209             209
   16         361.792    -425.650         361.794    -425.650              16              16
   97         144.818    -150.515         144.820    -150.516              97              97
  208         858.317     -57.184         858.320     -57.188             208             208
   62         532.294     919.414         532.304     919.413              62              62
   59        -149.650     260.537        -149.642     260.543              59              59
   17        -618.791    -659.463        -618.790    -659.455              17              17
   74        -346.195    -874.131        -346.198    -874.127              74              74
  138         -79.714    -916.000         -79.718    -916.002             138             138
    0        -405.798     585.103        -405.793     585.105               0               0
  179         633.768    -446.926         633.765    -446.931             179             179
  108         447.974     273.635         447.980     273.630             108             108
  160         109.839    1071.784         109.855    1071.789             160             160
  117          45.089   -1421.795          45.078   -1421.790             117             117
   39        -283.344       5.066        -283.342       5.068              39              39
  153        -188.632    -262.631        -188.641    -262.629             153             153
   73        2403.475    -174.217        2403.478    -174.248              73              73
   54        -944.786      55.560        -944.776      55.572              54              54
    9        1178.846    -697.542        1178.843    -697.561               9               9
   33        -261.067     304.262        -261.051     304.259              33              33
  127          -1.054     535.391          -1.041     535.388             127             127
  211         476.211     741.067         476.230     741.063             211             211
  179         112.701     -34.413         112.713     -34.409             179             179
   43        -703.524    -360.408        -703.521    -360.397              43              43
   90         135.160     576.048         135.177     576.044              90              90
  174        -588.561     176.126        -588.551     176.138             174             174
   50        -611.872    1040.189        -611.854    1040.208              50              50
  213         120.921    -199.737         120.914    -199.729             213             213
  152         351.983     721.997         352.000     722.000             152             152
  122         267.870     -90.881         267.877     -90.870             122             122
   86        -844.558    -326.919        -844.565    -326.891              86              86
  106         942.975     549.569         942.986     549.563             106             106
  139         403.729    -576.525         403.730    -576.517             139             139
  183        -891.700    -270.911        -891.698    -270.876             183             183
   59         175.774    -808.739         175.755    -808.735              59              59
  201          90.914     196.423          90.926     196.431             201             201
  243        -465.491   -1127.908        -465.518   -1127.885             243             243
   76         480.514    -156.605         480.513    -156.611              76              76
   20        -269.810   -1190.000        -269.835   -1189.989              20              20
  126        -322.767    -806.247        -322.792    -806.247             126             126
   77         814.274    -309.250         814.265    -309.289              77              77
  199         644.685     513.620         644.718     513.597             199             199
  235          64.184    -419.144          64.201    -419.145             235             235
  237       -1218.621     122.165       -1218.600     122.202             237             237
   60        -537.834    -636.229        -537.855    -636.211              60              60
   18         -12.192    -576.999         -12.208    -577.008              18              18
  134        -558.763    -477.898        -558.777    -477.903             134             134
  134         120.366     790.761         120.394     790.738             134             134
   72        -979.524     641.533        -979.507     641.564              72              72
  144         206.153     482.535         206.155     482.538             144             144
  167         194.305    -307.268         194.286    -307.266             167             167
  200        1122.595    -104.950        1122.604    -104.994             200             200
   99        -489.808     976.113        -489.747     976.139              99              99
   91        -895.141    -323.814        -895.147    -323.762              91              91
  244        -322.823    -513.050        -322.848    -513.032             244             244
  190        -115.548    -222.164        -115.561    -222.162             190             190
    9        -398.474     -88.390        -398.485     -88.378               9               9
   38          46.822    -122.782          46.805    -122.791              38              38
  147         518.568     567.474         518.589     567.455             147             147
  162         -55.883    -282.999         -55.885    -282.990             162             162
  161        -472.000      -0.018        -472.000       0.000             161             161
  234         -55.887     282.982         -55.885     282.991             234             234
   13         518.614    -567.433         518.590    -567.454              13              13
   44          46.785     122.801          46.805     122.791              44              44
  161        -398.498      88.364        -398.485      88.378             161             161
   72        -115.576     222.160        -115.561     222.162              72              72
  246        -322.880     513.010        -322.850     513.032             246             246
  149        -895.155     323.694        -895.147     323.759             149             149
  148        -489.667    -976.172        -489.746    -976.139             148             148
   11        1122.616     105.056        1122.604     104.996              11              11
   20         194.260     307.267         194.285     307.268              20              20
  225         206.158    -482.541         206.155    -482.537             225             225
  210        -979.481    -641.611        -979.505    -641.565             210             210
  255         120.439    -790.702         120.396    -790.737             255             255
  207        -558.800     477.910        -558.778     477.902             207             207
   15         -12.235     577.024         -12.209     577.009              15              15
   17        -537.890     636.181        -537.855     636.211              17              17
   85       -1218.564    -122.270       -1218.600    -122.204              85              85
  149          64.229     419.147          64.200     419.146             149             149
   90         644.779    -513.553         644.719    -513.596              90              90
  230         814.248     309.363         814.265     309.289             230             230
   61        -322.844     806.249        -322.793     806.247              61              61
   35        -269.888    1189.965        -269.837    1189.989              35              35
   73         480.511     156.624         480.513     156.611              73              73
  152        -465.578    1127.836        -465.519    1127.885             152             152
   23          90.953    -196.452          90.926    -196.432              23              23
    8         175.709     808.725         175.754     808.735               8               8
  162        -891.693     270.789        -891.699     270.875             162             162
   62         403.735     576.496         403.730     576.517              62              62
  155         943.018    -549.542         942.987    -549.561             155             155
   69        -844.584     326.812        -844.565     326.889              69              69
  224         267.895      90.841         267.877      90.871             224             224
  133         352.051    -722.010         352.000    -722.000             133             133
   82         120.891     199.706         120.913     199.730              82              82
   13        -611.788   -1040.271        -611.852   -1040.209              13              13
   39        -588.513    -176.180        -588.550    -176.139              39              39
  154         135.241    -576.031         135.178    -576.044             154             154
    3        -703.511     360.351        -703.522     360.396               3               3
  189         112.764      34.392         112.714      34.409             189             189
   47         476.315    -741.045         476.232    -741.062              47              47
   14          -0.978    -535.375          -1.040    -535.388              14              14
  209        -260.981    -304.245        -261.051    -304.259             209             209
   17        1178.823     697.659        1178.841     697.563              17              17
  225        -944.723     -55.641        -944.776     -55.574             225             225
  208        2403.493     174.425        2403.478     174.252             208             208
  224        -188.690     262.614        -188.641     262.629             224             224
  240        -283.333      -5.081        -283.342      -5.069             240             240
  226          44.999    1421.760          45.075    1421.791             226             226
   53         109.964   -1071.823         109.855   -1071.789              53              53
  134         448.026    -273.584         447.980    -273.629             134             134
   60         633.730     446.979         633.764     446.933              60              60
   27        -405.749    -585.122        -405.792    -585.106              27              27
  195         -79.770     916.017         -79.720     916.001             195             195
   95        -346.240     874.077        -346.199     874.126              95              95
  101        -618.786     659.348        -618.791     659.453             101             101
   92        -149.536    -260.620        -149.642    -260.544              92              92
  119         532.463    -919.392         532.306    -919.412             119             119
  110         858.373      57.262         858.320      57.190             110             110
  255         144.860     150.522         144.820     150.515             255             255
  181         361.823     425.658         361.793     425.651             181             181
    9         -74.888     388.362         -74.942     388.422               9               9
   68          22.209    -785.888          22.014    -785.840              68              68
  150         455.303    -950.071         455.044    -950.114             150             150
  143        -402.872     180.989        -403.243     181.001             143             143
