SINAL     NFT                         FFT                         NFT INVERSA     FFT INVERSA
-----     -----------------------     -----------------------     -----------     -----------
   80       14429.000       0.000       14429.000       0.000              80              80
  178         175.034    -859.285         175.036    -859.285             178             178
   71         209.949     547.206         209.953     547.205              71              71
   16         144.403     473.328         144.407     473.328              16              16
   57         267.164   -1033.796         267.166   -1033.797              57              57
  101       -1072.143     557.795       -1072.137     557.797             101             101
   71       -1008.715    -461.246       -1008.715    -461.243              71              71
  137           6.653      93.095           6.654      93.092             137             137
  228         198.069     837.522         198.075     837.520             228             228
  208        -316.160     942.904        -316.154     942.906             208             208
   53         304.534     157.011         304.536     157.012              53              53
  206         234.357     335.191         234.362     335.192             206             206
  175         295.544     -51.521         295.546     -51.521             175             175
  253         639.451     170.709         639.457     170.705             253             253
    5        -656.771     530.941        -656.763     530.950               5               5
  220         195.965      57.000         195.966      57.001             220             220
   22         568.168     277.615         568.174     277.615              22              22
   71         255.055    -583.652         255.055    -583.653              71              71
  178          33.994     681.631          34.009     681.633             178             178
   22        -190.633     -41.970        -190.627     -41.964              22              22
   56        -242.926     786.116        -242.912     786.128              56              56
   36         178.058    -730.387         178.053    -730.379              36              36
   53        -407.828     125.043        -407.822     125.057              53              53
  195         246.970   -1277.493         246.959   -1277.491             195             195
   34        -841.788    -223.886        -841.786    -223.875              34              34
  229        -343.432    -226.427        -343.436    -226.424             229             229
   82         445.605     521.332         445.617     521.325              82              82
   28        -339.211     157.737        -339.201     157.749              28              28
   48        -795.818      23.108        -795.818      23.130              48              48
  223         161.504    -167.927         161.498    -167.922             223             223
   94          28.558     -80.265          28.556     -80.259              94              94
  128         571.196     154.418         571.205     154.419             128             128
  146        -612.998    -552.026        -613.000    -552.000             146             146
  165       -1043.407    -320.733       -1043.420    -320.697             165             165
  145         543.930   -1252.586         543.893   -1252.588             145             145
  204         192.012   -1143.471         191.985   -1143.479             204             204
   10        1041.248    -379.515        1041.249    -379.546              10              10
  216        -622.059    -681.667        -622.059    -681.662             216             216
   85        -889.615      11.445        -889.614      11.455              85              85
  239         133.186     194.315         133.190     194.306             239             239
  169        -821.641     319.786        -821.637     319.809             169             169
  139         461.595    -414.373         461.579    -414.381             139             139
  189        -281.578    -383.727        -281.589    -383.726             189             189
   89         322.436     682.755         322.454     682.745              89              89
  136          49.112      65.925          49.122      65.934             136             136
  195        -440.233     -85.718        -440.228     -85.690             195             195
   53        -784.921    -800.756        -784.946    -800.720              53              53
  158        -817.603   -1449.191        -817.663   -1449.179             158             158
   10          95.827     839.626          95.826     839.614              10              10
  231        1032.511    -989.507        1032.468    -989.542             231             231
  181         103.682     736.409         103.703     736.406             181             181
   66         419.126   -1146.594         419.082   -1146.606              66              66
   11        1563.375     -28.834        1563.396     -28.897              11              11
  234       -1433.967    -375.103       -1433.955    -375.062             234             234
    6       -1137.368    -354.633       -1137.398    -354.609               6               6
   46         659.842     267.502         659.829     267.466              46              46
  208          53.368    -206.781          53.348    -206.796             208             208
   89         788.096     724.133         788.114     724.098              89              89
   74         394.316    -136.514         394.312    -136.525              74              74
    1         748.030    -221.082         748.030    -221.117               1               1
   56         366.212     530.360         366.252     530.343              56              56
  169        -164.946    -262.868        -164.941    -262.861             169             169
  130         622.224     508.122         622.269     508.105             130             130
  203        -717.545   -1109.542        -717.555   -1109.515             203             203
   78       -1723.000      -0.046       -1723.000       0.000              78              78
   19        -717.568    1109.486        -717.557    1109.515              19              19
  151         622.318    -508.084         622.270    -508.104             151             151
   89        -164.937     262.853        -164.942     262.861              89              89
  236         366.298    -530.323         366.252    -530.343             236             236
  237         748.029     221.162         748.030     221.119             237             237
   72         394.306     136.541         394.311     136.527              72              72
  149         788.138    -724.052         788.115    -724.095             149             149
  120          53.321     206.816          53.347     206.796             120             120
    6         659.813    -267.415         659.829    -267.464               6               6
  238       -1137.442     354.574       -1137.399     354.608             238             238
    1       -1433.938     375.002       -1433.955     375.060               1               1
  201        1563.425      28.992        1563.395      28.899             201             201
   35         419.013    1146.626         419.080    1146.607              35              35
  159         103.737    -736.399         103.704    -736.405             159             159
  212        1032.396     989.602        1032.466     989.545             212             212
   11          95.825    -839.595          95.827    -839.615              11              11
   85        -817.774    1449.153        -817.667    1449.176              85              85
   22        -784.993     800.655        -784.947     800.719              22              22
   23        -440.219      85.638        -440.228      85.689              23              23
   63          49.140     -65.953          49.122     -65.935              63              63
   29         322.492    -682.725         322.456    -682.744              29              29
   69        -281.613     383.724        -281.589     383.726              69              69
   16         461.543     414.401         461.577     414.382              16              16
  119        -821.628    -319.862        -821.637    -319.810             119             119
  144         133.199    -194.284         133.190    -194.305             144             144
   17        -889.609     -11.480        -889.613     -11.456              17              17
  176        -622.058     681.648        -622.060     681.661             176             176
   57        1041.252     379.627        1041.248     379.547              57              57
  148         191.909    1143.501         191.982    1143.479             148             148
  123         543.791    1252.595         543.891    1252.589             123             123
  135       -1043.456     320.593       -1043.420     320.695             135             135
  167        -613.007     551.922        -613.000     552.000             167             167
   18         571.235    -154.419         571.205    -154.418              18              18
  225          28.549      80.236          28.556      80.258             225             225
  147         161.474     167.906         161.497     167.923             147             147
    0        -795.819     -23.212        -795.819     -23.132              -0              -0
   42        -339.164    -157.796        -339.201    -157.750              42              42
   40         445.662    -521.298         445.617    -521.324              40              40
  120        -343.458     226.410        -343.437     226.424             120             120
   48        -841.778     223.826        -841.786     223.874              48              48
   23         246.899    1277.484         246.956    1277.491              23              23
  121        -407.788    -125.128        -407.821    -125.058             121             121
  250         178.029     730.341         178.053     730.379             250             250
   59        -242.834    -786.194        -242.911    -786.129              59              59
   25        -190.594      41.922        -190.627      41.962              25              25
  206          34.100    -681.644          34.009    -681.633             206             206
   70         255.053     583.654         255.054     583.652              70              70
  110         568.217    -277.608         568.174    -277.614             110             110
  229         195.974     -57.019         195.966     -57.002             229             229
   93        -656.691    -531.022        -656.762    -530.951              93              93
  174         639.513    -170.666         639.457    -170.704             174             174
    3         295.563      51.522         295.546      51.521               3               3
  163         234.405    -335.200         234.361    -335.192             163             163
  191         304.557    -157.018         304.536    -157.010             191             191
  122        -316.062    -942.949        -316.152    -942.908             122             122
   51         198.166    -837.481         198.076    -837.519              51              51
  209           6.671     -93.053           6.654     -93.093             209             209
   42       -1008.718     461.172       -1008.716     461.242              42              42
  108       -1071.986    -557.867       -1072.136    -557.799             108             108
  101         267.219    1033.818         267.165    1033.796             101             101
  165         144.591    -473.342         144.408    -473.328             165             165
  244         210.197    -547.167         209.954    -547.205             244             244
   12         175.346     859.308         175.035     859.286              12              12
