SINAL     NFT                         FFT                         NFT INVERSA     FFT INVERSA
-----     -----------------------     -----------------------     -----------     -----------
  243       17220.000       0.000       17220.000       0.000             243             243
   97        -511.085    -426.414        -511.082    -426.414              97              97
  111        -352.031     538.046        -352.028     538.047             111             111
  132         145.416    -748.563         145.418    -748.563             132             132
  147        1018.927     277.506        1018.931     277.504             147             147
  231        -605.913     105.215        -605.909     105.216             231             231
   55         865.680     794.223         865.684     794.221              55              55
   47        1041.117    -593.395        1041.119    -593.398              47              47
   89         -32.342     514.056         -32.335     514.057              89              89
   47         573.925    -771.615         573.926    -771.617              47              47
  222         204.784    -157.932         204.789    -157.935             222             222
   54         128.059     683.595         128.069     683.593              54              54
  111        -356.735     327.125        -356.729     327.131             111             111
   13         730.231     102.902         730.237     102.900              13              13
  208        -742.513   -1177.543        -742.518   -1177.537             208             208
  220         103.656     156.290         103.659     156.284             220             220
  136         280.867     687.080         280.877     687.075             136             136
   29         580.616     441.145         580.626     441.139              29              29
  183         -34.436     717.858         -34.419     717.862             183             183
  180        -176.591    -230.619        -176.586    -230.614             180             180
  128        -849.705    1102.931        -849.687    1102.947             128             128
  199        -440.626    -549.709        -440.634    -549.697             199             199
  248        -242.950       5.198        -242.953       5.202             248             248
   58        -215.726     223.582        -215.730     223.585              58              58
    1         672.086     537.995         672.086     537.986               1               1
  177        1268.694     955.161        1268.709     955.150             177             177
  107         575.142     -94.373         575.147     -94.370             107             107
   62        1188.427    -699.720        1188.430    -699.738              62              62
   10        -613.753    1493.291        -613.711    1493.306              10              10
  187          37.554     443.947          37.571     443.967             187             187
  242        -427.670    -670.379        -427.674    -670.353             242             242
  253        -150.778    -864.586        -150.787    -864.578             253             253
   28        -770.012     379.981        -770.000     380.000              28              28
   97       -1049.889    -152.030       -1049.906    -152.002              97              97
  130        1490.541     754.764        1490.548     754.745             130             130
  176         313.806    -694.233         313.799    -694.222             176             176
   73        -118.566    -605.056        -118.575    -605.047              73              73
  186         248.445      24.866         248.451      24.867             186             186
  223        -297.682   -1266.739        -297.707   -1266.735             223             223
  162        -201.030     846.663        -201.010     846.659             162             162
  234         333.737     488.496         333.751     488.495             234             234
  189        -459.307     318.160        -459.299     318.188             189             189
  216         313.619    -536.586         313.603    -536.581             216             216
   90        -110.825    -354.022        -110.831    -354.015              90              90
  203        -480.496     334.067        -480.491     334.087             203             203
  169         -19.917    -260.304         -19.934    -260.292             169             169
   54        -432.088    -325.055        -432.116    -325.036              54              54
   83        1170.999    -275.711        1170.977    -275.746              83              83
  198         -52.880     283.072         -52.877     283.075             198             198
  237         743.475    -103.525         743.463    -103.544             237             237
    8         439.362     357.915         439.371     357.908               8               8
   71         310.306      13.345         310.298      13.348              71              71
  181        1175.608    -405.239        1175.592    -405.270             181             181
    0         900.222    -291.089         900.224    -291.123              -0               0
  129         572.054     814.171         572.099     814.157             129             129
  183         740.139    -728.675         740.137    -728.696             183             183
  178         274.437     744.580         274.496     744.567             178             178
  237        -466.201     570.501        -466.156     570.535             237             237
  245        -105.853    -373.687        -105.848    -373.667             245             245
  188        -637.397     -89.860        -637.386     -89.834             188             188
  168        -775.339     303.579        -775.333     303.607             168             168
  231         222.272     866.720         222.296     866.724             231             231
  186         190.010     360.071         190.025     360.089             186             186
  197          37.823     341.906          37.843     341.935             197             197
   73        -440.000      -0.053        -440.000       0.000              73              73
   61          37.865    -341.965          37.844    -341.935              61              61
  117         190.042    -360.107         190.025    -360.089             117             117
  146         222.323    -866.727         222.297    -866.723             146             146
  247        -775.325    -303.642        -775.332    -303.609             247             247
   84        -637.374      89.803        -637.386      89.833              84              84
   53        -105.843     373.643        -105.849     373.667              53              53
  225        -466.097    -570.580        -466.154    -570.537             225             225
   18         274.573    -744.551         274.497    -744.567              18              18
   14         740.132     728.728         740.136     728.698              14              14
   59         572.162    -814.137         572.100    -814.156              59              59
  221         900.226     291.174         900.223     291.125             221             221
  183        1175.567     405.318        1175.591     405.271             183             183
  114         310.286     -13.353         310.298     -13.348             114             114
   49         439.385    -357.896         439.371    -357.907              49              49
  126         743.443     103.576         743.463     103.545             126             126
   96         -52.873    -283.081         -52.877    -283.075              96              96
   58        1170.939     275.809        1170.976     275.747              58              58
  198        -432.168     325.002        -432.117     325.036             198             198
   22         -19.966     260.270         -19.935     260.292              22              22
   59        -480.480    -334.127        -480.491    -334.088              59              59
   71        -110.845     354.002        -110.832     354.015              71              71
  205         313.569     536.569         313.602     536.581             205             205
  237        -459.280    -318.250        -459.298    -318.190             237             237
   53         333.783    -488.495         333.752    -488.496              53              53
  194        -200.963    -846.653        -201.008    -846.660             194             194
  170        -297.771    1266.725        -297.710    1266.734             170             170
  221         248.466     -24.871         248.451     -24.867             221             221
  170        -118.598     605.024        -118.575     605.047             170             170
  101         313.778     694.195         313.797     694.223             101             101
  163        1490.568    -754.690        1490.548    -754.743             163             163
  244       -1049.955     151.918       -1049.906     151.999             244             244
  162        -769.965    -380.058        -770.000    -380.000             162             162
   24        -150.821     864.553        -150.789     864.578              24              24
  135        -427.690     670.265        -427.675     670.352             135             135
  154          37.634    -444.036          37.573    -443.967             154             154
  109        -613.555   -1493.365        -613.709   -1493.307             109             109
  188        1188.438     699.812        1188.429     699.740             188             188
  124         575.166      94.357         575.146      94.370             124             124
  127        1268.776    -955.101        1268.711    -955.148             127             127
  202         672.088    -537.948         672.087    -537.986             202             202
  184        -215.747    -223.602        -215.729    -223.586             184             184
   93        -242.968      -5.224        -242.953      -5.203              93              93
  130        -440.677     549.629        -440.635     549.696             130             130
   42        -849.584   -1103.036        -849.685   -1102.948              42              42
  143        -176.554     230.586        -176.586     230.613             143             143
    1         -34.315    -717.888         -34.419    -717.863               1               1
  139         580.698    -441.101         580.627    -441.138             139             139
  201         280.947    -687.041         280.878    -687.075             201             201
  199         103.683    -156.239         103.659    -156.285             199             199
  161        -742.562    1177.479        -742.519    1177.536             161             161
    5         730.294    -102.885         730.237    -102.899               5               5
   15        -356.663    -327.183        -356.728    -327.131              15              15
  111         128.184    -683.580         128.070    -683.593             111             111
  242         204.844     157.972         204.789     157.935             242             242
   68         573.925     771.644         573.924     771.618              68              68
   50         -32.221    -514.081         -32.334    -514.057              50              50
  156        1041.146     593.455        1041.118     593.400             156             156
   34         865.784    -794.178         865.685    -794.220              34              34
  220        -605.829    -105.263        -605.909    -105.218             220             220
    2        1019.054    -277.409        1018.932    -277.501               2               2
  197         145.456     748.565         145.416     748.563             197             197
  209        -351.793    -538.091        -352.027    -538.048             209             209
  164        -510.670     426.365        -511.083     426.412             164             164
