SINAL     NFT                         FFT                         NFT INVERSA     FFT INVERSA
-----     -----------------------     -----------------------     -----------     -----------
  194       16458.000       0.000       16458.000       0.000             194             194
  142        -939.040     302.746        -939.037     302.746             142             142
  226         545.418    1109.015         545.422    1109.015             226             226
   24        1206.977    -384.761        1206.979    -384.762              24              24
  142         700.361    -557.204         700.364    -557.206             142             142
    6         -19.917    1140.231         -19.908    1140.231               6               6
  198        -793.787     183.477        -793.781     183.482             198             198
   12        -450.096      41.119        -450.093      41.122              12              12
  220        -356.522    -196.352        -356.521    -196.348             220             220
  243         413.920      76.287         413.923      76.286             243             243
  137        -220.824     156.471        -220.821     156.474             137             137
   19         915.614     142.210         915.619     142.207              19              19
  114       -1466.627      21.669       -1466.625      21.683             114             114
  130         476.969     464.693         476.969     464.694             130             130
   38        1236.918    -510.972        1236.916    -510.975              38              38
  145         125.515    -407.976         125.517    -407.973             145             145
   49         264.913    -358.015         264.912    -358.014              49              49
   27         801.361    -576.956         801.360    -576.962              27              27
  237         184.254    -284.499         184.258    -284.502             237             237
   52         215.659     268.891         215.670     268.891              52              52
   15        -598.223    -626.026        -598.227    -626.015              15              15
   78        1183.091    -254.596        1183.093    -254.613              78              78
   36        -484.533     297.382        -484.518     297.391              36              36
   14        -436.061    -608.652        -436.064    -608.645              14              14
  102        -542.717      52.777        -542.716      52.783             102             102
   59         381.435     -28.778         381.434     -28.786              59              59
  186         211.120     441.497         211.129     441.494             186             186
   49         756.392     247.022         756.405     247.012              49              49
   80        -866.435     976.661        -866.411     976.689              80              80
  128         278.139   -1225.910         278.116   -1225.904             128             128
  190         461.351     167.703         461.357     167.700             190             190
   18         484.736   -1097.094         484.726   -1097.101              18              18
   15         -24.012     -85.993         -24.000     -86.000              15              15
  160        -365.747     452.950        -365.724     452.956             160             160
   43        -988.805     433.872        -988.793     433.902              43              43
  157         154.538    -209.133         154.533    -209.122             157             157
  167        -495.298   -1572.262        -495.333   -1572.253             167             167
  242         -96.047     566.701         -96.035     566.694             242             242
  169        -845.909     -11.392        -845.918     -11.370             169             169
  131          50.153    -521.759          50.121    -521.764             131             131
  229        1056.272     -93.929        1056.260     -93.972             229             229
   51         396.113    1145.276         396.143    1145.258              51              51
  151         611.809     845.027         611.832     845.023             151             151
   88        1258.279    -273.974        1258.287    -273.998              88              88
  181          18.356     331.432          18.394     331.438             181             181
  189        -456.487     190.807        -456.459     190.833             189             189
  234       -1273.040    -669.904       -1273.056    -669.863             234             234
  231        -133.233     586.046        -133.226     586.051             231             231
  217         163.098    -202.015         163.088    -202.014             217             217
  216         -16.627     321.079         -16.616     321.083             216             216
   27         235.310     421.424         235.331     421.431              27              27
  232        -656.474    -443.488        -656.484    -443.454             232             232
   38        -153.104    -182.724        -153.112    -182.712              38              38
   64        -745.559    -862.113        -745.599    -862.100              64              64
  247         273.123    1135.552         273.146    1135.533             247             247
  140         320.316     -72.348         320.311     -72.356             140             140
  123        -233.040     436.893        -233.022     436.896             123             123
  177       -1023.337    1266.978       -1023.311    1267.028             177             177
  190         700.568     114.959         700.546     114.960             190             190
  204         -33.368     -18.285         -33.388     -18.265             204             204
   50         684.971      -3.983         684.953      -3.997              50              50
  124         526.188     411.425         526.197     411.418             124             124
  223        -237.058     533.859        -237.056     533.898             223             223
   65         738.605    -768.970         738.541    -768.976              65              65
   28        2214.000       0.087        2214.000       0.000              28              28
   11         738.474     768.984         738.540     768.977              11              11
  222        -237.051    -533.942        -237.055    -533.899             222             222
  195         526.208    -411.410         526.197    -411.418             195             195
  253         684.931       4.015         684.952       3.998             253             253
  136         -33.411      18.241         -33.388      18.264             136             136
   71         700.519    -114.960         700.546    -114.959              71              71
  227       -1023.277   -1267.094       -1023.309   -1267.030             227             227
  187        -232.999    -436.901        -233.022    -436.897             187             187
  223         320.303      72.368         320.311      72.357             223             223
   60         273.180   -1135.507         273.148   -1135.533              60              60
  113        -745.658     862.078        -745.601     862.098             113             113
  156        -153.125     182.697        -153.113     182.713             156             156
   38        -656.500     443.400        -656.484     443.452              38              38
   88         235.364    -421.440         235.331    -421.430              88              88
  117         -16.598    -321.089         -16.615    -321.084             117             117
  255         163.073     202.013         163.088     202.014             255             255
  116        -133.210    -586.061        -133.224    -586.052             116             116
   94       -1273.085     669.787       -1273.057     669.861              94              94
   37        -456.406    -190.882        -456.458    -190.834              37              37
  180          18.465    -331.449          18.393    -331.438             180             180
   85        1258.303     274.047        1258.287     274.000              85              85
  178         611.881    -845.012         611.833    -845.022             178             178
   47         396.209   -1145.219         396.145   -1145.257              47              47
    7        1056.233      94.066        1056.260      93.973               7               7
  112          50.046     521.777          50.120     521.764             112             112
  252        -845.938      11.316        -845.918      11.369             252             252
   57         -96.002    -566.676         -96.033    -566.694              57              57
  237        -495.425    1572.229        -495.335    1572.252             237             237
  219         154.519     209.093         154.533     209.122             219             219
  123        -988.758    -433.987        -988.792    -433.904             123             123
   10        -365.659    -452.974        -365.724    -452.956              10              10
  231         -23.963      86.020         -24.000      86.000             231             231
   89         484.687    1097.126         484.724    1097.102              89              89
  206         461.381    -167.687         461.359    -167.699             206             206
  228         278.030    1225.882         278.114    1225.904             228             228
  226        -866.325    -976.793        -866.411    -976.690             226             226
   21         756.453    -246.972         756.406    -247.011              21              21
  200         211.166    -441.480         211.130    -441.493             200             200
  157         381.425      28.819         381.433      28.787             157             157
  244        -542.715     -52.811        -542.716     -52.783             244             244
    4        -436.081     608.609        -436.065     608.644               4               4
   15        -484.441    -297.433        -484.517    -297.391              15              15
  145        1183.108     254.702        1183.093     254.614             145             145
   43        -598.254     625.958        -598.228     626.015              43              43
  103         215.735    -268.890         215.671    -268.890             103             103
    7         184.284     284.517         184.258     284.502               7               7
   42         801.350     577.008         801.358     576.964              42              42
  219         264.904     358.009         264.911     358.014             219             219
  101         125.522     407.951         125.516     407.973             101             101
   80        1236.892     511.016        1236.915     510.978              80              80
  144         476.970    -464.706         476.970    -464.694             144             144
  187       -1466.604     -21.824       -1466.625     -21.684             187             187
    2         915.677    -142.166         915.619    -142.205               2               2
  192        -220.785    -156.515        -220.821    -156.475             192             192
  195         413.955     -76.271         413.922     -76.285             195             195
  115        -356.513     196.294        -356.521     196.348             115             115
  188        -450.039     -41.196        -450.092     -41.123             188             188
  253        -793.671    -183.588        -793.781    -183.483             253             253
   96         -19.676   -1140.236         -19.906   -1140.232              96              96
  152         700.468     557.274         700.364     557.207             152             152
  120        1207.083     384.818        1206.978     384.764             120             120
  107         545.671   -1108.995         545.424   -1109.014             107             107
  127        -938.608    -302.804        -939.037    -302.748             127             127
