SINAL     NFT                         FFT                         NFT INVERSA     FFT INVERSA
-----     -----------------------     -----------------------     -----------     -----------
   54       16293.000       0.000       16293.000       0.000              54              54
  187        -577.634    -142.011        -577.631    -142.011             187             187
  108         324.629    -671.604         324.631    -671.605             108             108
  116         313.166     921.281         313.171     921.280             116             116
   44         262.531    -334.059         262.533    -334.061              44              44
  107         617.006     694.400         617.011     694.398             107             107
  156        1125.348    -619.341        1125.351    -619.347             156             156
   16         126.979    1228.788         126.990    1228.785              16              16
  136        -121.379     260.537        -121.371     260.537             136             136
  194       -1257.924    1727.098       -1257.912    1727.105             194             194
   57         565.047     840.160         565.053     840.162              57              57
   90         -62.080     288.244         -62.075     288.251              90              90
  208        1148.608    -888.980        1148.608    -888.985             208             208
  243        -695.348      68.649        -695.339      68.655             243             243
   79        -441.883      50.344        -441.878      50.350              79              79
   29        -270.096     217.132        -270.089     217.137              29              29
   86        -629.478    -744.287        -629.483    -744.279              86              86
   34        -400.205    -255.396        -400.210    -255.397              34              34
   22         993.627    1184.288         993.638    1184.277              22              22
   28        1219.648    -173.399        1219.655    -173.409              28              28
  245         184.102      -9.847         184.117      -9.849             245             245
  249        -450.068     960.915        -450.041     960.925             249             249
  132       -1068.860      59.407       -1068.851      59.432             132             132
  139        -690.686    -746.137        -690.696    -746.122             139             139
  197         134.312      87.345         134.316      87.344             197             197
  234        -272.850      72.054        -272.843      72.063             234             234
  111        -308.481    -205.223        -308.480    -205.213             111             111
  141        -738.294    -270.444        -738.297    -270.430             141             141
  236          18.038     479.522          18.046     479.528             236             236
   13        -663.784    -592.495        -663.797    -592.476              13              13
    7         372.850    -123.618         372.842    -123.621               7               7
   34         284.467     -61.164         284.467     -61.162              34              34
  201         748.997    -327.995         749.000    -328.000             201             201
  116         -74.767   -1197.329         -74.772   -1197.323             116             116
  151       -1564.720   -1552.321       -1564.747   -1552.302             151             151
  245        -336.726     466.339        -336.725     466.324             245             245
  224         603.522     915.494         603.543     915.476             224             224
   51        -601.513    -365.304        -601.517    -365.291              51              51
    6        -485.093     319.926        -485.091     319.932               6               6
  104         391.022     314.993         391.025     314.983             104             104
  245         174.190    -244.774         174.187    -244.785             245             245
   63         -29.467    1567.202         -29.422    1567.207              63              63
  194          17.442    -106.139          17.443    -106.118             194             194
  198        -395.454    -979.155        -395.482    -979.142             198             198
   51         457.201     946.351         457.226     946.343              51              51
   18         250.625    -914.347         250.608    -914.346              18              18
  227        -376.409     207.298        -376.400     207.308             227             227
  137        1073.903    -219.956        1073.911    -219.986             137             137
   53       -1090.550     489.680       -1090.517     489.721              53              53
  250          67.764    -415.982          67.757    -415.974             250             250
  166        -594.643     236.437        -594.627     236.467             166             166
   42        -406.766    -545.240        -406.783    -545.211              42              42
  243        -258.548    -802.576        -258.575    -802.562             243             243
   43        -586.299   -1420.543        -586.355   -1420.545              43              43
  181         638.467    1158.957         638.507    1158.916             181             181
  185        -939.530     -34.512        -939.533     -34.473             185             185
   21         528.894    -507.566         528.868    -507.592              21              21
   36         194.589     700.209         194.626     700.199              36              36
   70        -884.538    -243.880        -884.544    -243.841              70              70
    2          73.469     -62.344          73.461     -62.345               2               2
   50        -263.486    -255.890        -263.500    -255.882              50              50
   78         308.330     -14.163         308.331     -14.178              78              78
   36        -584.836    -371.155        -584.851    -371.141              36              36
  251          16.498     480.541          16.507     480.535             251             251
  195         393.000       0.012         393.000       0.000             195             195
  187          16.517    -480.527          16.508    -480.534             187             187
  240        -584.868     371.125        -584.852     371.141             240             240
  163         308.332      14.196         308.331      14.179             163             163
  239        -263.517     255.871        -263.501     255.881             239             239
  247          73.450      62.348          73.460      62.346             247             247
   11        -884.551     243.792        -884.544     243.839              11              11
  229         194.675    -700.185         194.627    -700.198             229             229
   54         528.835     507.627         528.868     507.593              54              54
  206        -939.536      34.421        -939.532      34.472             206             206
  171         638.564   -1158.857         638.509   -1158.914             171             171
  106        -586.437    1420.548        -586.358    1420.545             106             106
  224        -258.616     802.540        -258.576     802.561             224             224
  143        -406.810     545.168        -406.784     545.211             143             143
  244        -594.602    -236.514        -594.626    -236.467             244             244
   21          67.746     415.963          67.756     415.975              21              21
  137       -1090.462    -489.789       -1090.517    -489.721             137             137
  154        1073.924     220.042        1073.911     219.989             154             154
   63        -376.383    -207.328        -376.399    -207.309              63              63
  125         250.573     914.344         250.606     914.346             125             125
  198         457.276    -946.328         457.228    -946.343             198             198
  245        -395.540     979.113        -395.484     979.141             245             245
   55          17.446     106.074          17.443     106.118              55              55
  220         -29.324   -1567.219         -29.419   -1567.207             220             220
   26         174.178     244.809         174.186     244.785              26              26
  126         391.031    -314.959         391.025    -314.982             126             126
  222        -485.086    -319.948        -485.090    -319.932             222             222
   76        -601.526     365.257        -601.518     365.290              76              76
  205         603.601    -915.428         603.545    -915.475             205             205
    2        -336.720    -466.285        -336.724    -466.325               2               2
   71       -1564.825    1552.249       -1564.749    1552.300              71              71
  144         -74.791    1197.304         -74.775    1197.323             144             144
  190         749.008     328.016         749.000     328.000             190             190
   56         284.465      61.160         284.466      61.163              56              56
   51         372.820     123.634         372.842     123.622              51              51
  173        -663.845     592.407        -663.799     592.475             173             173
   47          18.078    -479.548          18.047    -479.528              47              47
   63        -738.310     270.374        -738.297     270.429              63              63
  147        -308.472     205.172        -308.479     205.212             147             147
  102        -272.815     -72.101        -272.843     -72.064             102             102
   13         134.332     -87.342         134.316     -87.344              13              13
   63        -690.742     746.049        -690.697     746.121              63              63
  208       -1068.804     -59.559       -1068.850     -59.434             208             208
  238        -449.897    -960.979        -450.039    -960.926             238             238
  206         184.200       9.862         184.118       9.849             206             206
  196        1219.693     173.471        1219.655     173.411             196             196
    3         993.715   -1184.205         993.641   -1184.275               3               3
   88        -400.248     255.396        -400.211     255.395              88              88
   95        -629.522     744.222        -629.483     744.279              95              95
   67        -270.040    -217.184        -270.090    -217.138              67              67
  214        -441.831     -50.396        -441.877     -50.350             214             214
   37        -695.252     -68.714        -695.338     -68.657              37              37
   57        1148.606     889.034        1148.607     888.986              57              57
   14         -62.019    -288.328         -62.075    -288.251              14              14
    1         565.141    -840.178         565.055    -840.161               1               1
   83       -1257.728   -1727.207       -1257.908   -1727.107              83              83
  140        -121.246    -260.524        -121.371    -260.537             140             140
  223         127.205   -1228.735         126.993   -1228.784             223             223
  159        1125.401     619.473        1125.350     619.349             159             159
   89         617.141    -694.328         617.013    -694.395              89              89
  226         262.597     334.101         262.533     334.061             226             226
  231         313.372    -921.220         313.172    -921.279             231             231
  234         324.757     671.674         324.630     671.606             234             234
  160        -577.231     141.970        -577.631     142.011             160             160
