SINAL     NFT                         FFT                         NFT INVERSA     FFT INVERSA
-----     -----------------------     -----------------------     -----------     -----------
  136       15608.000       0.000       15608.000       0.000             136             136
    8        -563.360   -1334.161        -563.357   -1334.161               8               8
  249        -819.213    -158.592        -819.210    -158.591             249             249
  211        -431.258     -79.890        -431.256     -79.890             211             211
   31         205.264     942.852         205.267     942.852              31              31
  103          87.141     454.524          87.143     454.525             103             103
   45        1234.890     -55.071        1234.892     -55.072              45              45
   99        1295.895   -1017.740        1295.896   -1017.744              99              99
   27        -230.938     185.792        -230.930     185.794              27              27
  178        -512.978    -581.450        -512.978    -581.448             178             178
   41         753.538     614.059         753.545     614.054              41              41
   10          -1.030      45.834          -1.023      45.836              10              10
   33        -393.238    -284.592        -393.235    -284.587              33              33
  179        -526.405     313.814        -526.400     313.821             179             179
   92        -136.506    -898.445        -136.514    -898.440              92              92
   23         839.864    -617.219         839.861    -617.228              23              23
  238         115.418       9.799         115.424       9.796             238             238
   44          30.193      57.494          30.199      57.495              44              44
  249        -649.396    -826.187        -649.403    -826.181             249             249
  193         390.365     -76.120         390.364     -76.129             193             193
  211         307.819     399.591         307.828     399.589             211             211
  237         112.763   -1333.981         112.751   -1333.985             237             237
  135         336.976    -282.751         336.980    -282.767             135             135
  223        -721.444     193.286        -721.438     193.283             223             223
  195         910.616    1095.011         910.638    1094.990             195             195
  222        -544.100     152.342        -544.089     152.345             222             222
  243         -52.760    1099.071         -52.738    1099.070             243             243
  180        -197.430     121.633        -197.422     121.638             180             180
   31        -634.999     781.409        -634.983     781.422              31              31
   84         -64.743     220.942         -64.741     220.949              84              84
  102         332.290      50.053         332.294      50.053             102             102
  168        -132.088    -631.660        -132.094    -631.661             168             168
   93        -234.024     961.999        -234.000     962.000              93              93
   96        -218.460    -173.622        -218.461    -173.616              96              96
  124           0.230     234.393           0.238     234.389             124             124
  125        -738.162    -128.924        -738.166    -128.917             125             125
  199         344.919    1020.889         344.938    1020.870             199             199
  169         132.965     888.135         132.991     888.128             169             169
  224        -579.178    1721.742        -579.136    1721.764             224             224
  227         139.453     890.823         139.475     890.843             227             227
   91        -497.523     -45.597        -497.526     -45.564              91              91
    9          45.757     460.413          45.763     460.430               9               9
  237          11.752    -274.273          11.743    -274.259             237             237
  125         112.080     409.625         112.091     409.635             125             125
  189         -17.314    -410.187         -17.321    -410.176             189             189
   74        -964.136     435.177        -964.130     435.211              74              74
  149         411.889     163.308         411.884     163.309             149             149
  172        -650.033      56.441        -650.043      56.470             172             172
  118         508.570     705.793         508.575     705.796             118             118
  142         311.911    -166.378         311.898    -166.360             142             142
  109         330.198    -922.211         330.163    -922.206             109             109
   74         327.438    -494.962         327.420    -494.975              74              74
  123        -366.366     107.310        -366.374     107.320             123             123
  245        1124.660    -485.340        1124.635    -485.391             245             245
   42         247.304    1832.510         247.371    1832.501              42              42
   63          73.495     516.750          73.509     516.782              63              63
  212         581.843    -534.762         581.818    -534.759             212             212
   29         947.706     200.306         947.719     200.290              29              29
  244         719.759    -674.008         719.757    -674.019             244             244
  244         -71.333    -518.170         -71.328    -518.173             244             244
  113          73.837     551.979          73.878     551.970             113             113
   90          26.789     577.012          26.836     577.021              90              90
  157        -541.917     592.866        -541.869     592.912             157             157
  207       -1293.616    -168.593       -1293.623    -168.515             207             207
  187         516.000       0.001         516.000       0.000             187             187
   25       -1293.632     168.431       -1293.624     168.513              25              25
   76        -541.817    -592.962        -541.868    -592.913              76              76
  131          26.889    -577.030          26.837    -577.021             131             131
  195          73.925    -551.960          73.879    -551.970             195             195
   45         -71.323     518.175         -71.329     518.173              45              45
  102         719.754     674.033         719.756     674.019             102             102
   30         947.737    -200.269         947.720    -200.288              30              30
   54         581.785     534.755         581.817     534.759              54              54
   83          73.530    -516.822          73.510    -516.781              83              83
  156         247.469   -1832.490         247.374   -1832.501             156             156
  244        1124.598     485.466        1124.634     485.393             244             244
  158        -366.385    -107.334        -366.374    -107.320             158             158
   49         327.393     494.995         327.419     494.975              49              49
  160         330.106     922.200         330.161     922.207             160             160
   21         311.876     166.330         311.897     166.360              21              21
  191         508.585    -705.801         508.576    -705.796             191             191
   14        -650.061     -56.523        -650.043     -56.472              14              14
   95         411.874    -163.309         411.883    -163.308              95              95
   59        -964.117    -435.278        -964.129    -435.213              59              59
    3         -17.334     410.154         -17.321     410.175               3               3
  137         112.115    -409.655         112.092    -409.635             137             137
  122          11.721     274.228          11.742     274.257             122             122
  215          45.779    -460.465          45.764    -460.430             215             215
  166        -497.532      45.490        -497.526      45.563             166             166
  110         139.526    -890.889         139.476    -890.843             110             110
  203        -579.029   -1721.817        -579.133   -1721.765             203             203
   24         133.058    -888.108         132.993    -888.127              24              24
  201         344.991   -1020.822         344.940   -1020.870             201             201
  104        -738.177     128.898        -738.166     128.916             104             104
  231           0.264    -234.378           0.239    -234.389             231             231
  133        -218.466     173.600        -218.462     173.616             133             133
  130        -233.927    -962.004        -234.000    -962.000             130             130
   52        -132.116     631.666        -132.095     631.661              52              52
    8         332.306     -50.047         332.294     -50.052               8               8
   69         -64.733    -220.973         -64.741    -220.949              69              69
   97        -634.923    -781.471        -634.982    -781.423              97              97
  110        -197.389    -121.655        -197.421    -121.638             110             110
  100         -52.642   -1099.066         -52.735   -1099.070             100             100
  152        -544.040    -152.364        -544.088    -152.346             152             152
  194         910.736   -1094.894         910.639   -1094.989             194             194
    0        -721.408    -193.271        -721.437    -193.283              -0               0
  140         336.996     282.851         336.979     282.768             140             140
   96         112.681    1334.006         112.748    1333.985              96              96
   49         307.877    -399.571         307.828    -399.588              49              49
   44         390.360      76.184         390.364      76.130              44              44
  118        -649.448     826.140        -649.404     826.180             118             118
  241          30.243     -57.500          30.200     -57.495             241             241
   59         115.466      -9.773         115.424      -9.796              59              59
  213         839.830     617.304         839.860     617.230             213             213
   44        -136.587     898.405        -136.516     898.440              44              44
   62        -526.356    -313.890        -526.400    -313.822              62              62
   94        -393.207     284.542        -393.236     284.587              94              94
  167          -0.953     -45.862          -1.024     -45.836             167             167
   21         753.635    -613.993         753.547    -614.054              21              21
    5        -512.980     581.414        -512.979     581.447               5               5
   22        -230.819    -185.810        -230.930    -185.794              22              22
  225        1295.903    1017.831        1295.894    1017.747             225             225
   30        1234.917      55.118        1234.891      55.075              30              30
  223          87.202    -454.559          87.143    -454.525             223             223
   74         205.389    -942.832         205.268    -942.851              74              74
    5        -431.183      79.883        -431.257      79.889               5               5
  100        -819.044     158.548        -819.210     158.590             100             100
  205        -563.050    1334.091        -563.359    1334.160             205             205
