SINAL     NFT                         FFT                         NFT INVERSA     FFT INVERSA
-----     -----------------------     -----------------------     -----------     -----------
  100       16513.000       0.000       16513.000       0.000             100             100
  203        -125.190    -237.494        -125.186    -237.494             203             203
  107         -76.264   -1336.550         -76.262   -1336.550             107             107
   48        1097.155    -165.022        1097.157    -165.026              48              48
  156         231.404    1720.097         231.412    1720.095             156             156
  145         600.604     305.596         600.609     305.595             145             145
   32          79.614    1179.426          79.623    1179.427              32              32
  124        -245.420    -701.656        -245.418    -701.653             124             124
  151        -415.544     139.065        -415.540     139.066             151             151
  144         446.835     660.694         446.842     660.692             144             144
  125         -36.150     456.671         -36.142     456.674             125             125
  133       -1010.570    -489.647       -1010.571    -489.638             133             133
  193         741.104     302.628         741.106     302.623             193             193
   50         517.674     921.090         517.685     921.092              50              50
   61         -83.715   -1256.212         -83.721   -1256.208              61              61
   93         313.796     -77.279         313.798     -77.283              93              93
  211         876.921    -329.550         876.924    -329.563             211             211
  198          91.528    1426.396          91.553    1426.394             198             198
   97          49.898     810.728          49.918     810.738              97              97
   85       -1254.436   -1269.155       -1254.444   -1269.134              85              85
  204        -112.328      16.230        -112.327      16.228             204             204
  231        -206.782     758.884        -206.769     758.889             231             231
  210        -650.263      21.507        -650.264      21.523             210             210
  136         322.671     210.299         322.670     210.303             136             136
  152         609.426    -589.687         609.419    -589.688             152             152
   66          94.074    -677.295          94.068    -677.293              66              66
  168         -32.584    -571.780         -32.590    -571.783             168             168
  206          35.594      56.603          35.596      56.599             206             206
  181          73.371    -420.784          73.363    -420.791             181             181
  206         341.184     770.994         341.195     770.985             206             206
  176        1004.661    -272.476        1004.659    -272.495             176             176
   25         615.610     996.019         615.639     996.010              25              25
  154         342.991    -172.003         343.000    -172.000             154             154
   27         762.088    -484.485         762.097    -484.499              27              27
   73        -628.514     401.288        -628.486     401.305              73              73
   55        -159.728    -339.976        -159.726    -339.966              55              55
  173         -90.221    -562.308         -90.224    -562.306             173             173
  106        -153.745    -206.434        -153.743    -206.439             106             106
  179         666.065     301.607         666.087     301.583             179             179
   69        -294.535     792.458        -294.494     792.469              69              69
  250        -369.532    -378.731        -369.522    -378.718             250             250
   49        -967.703     460.112        -967.679     460.137              49              49
  202        -303.246     183.091        -303.235     183.104             202             202
  188        -352.954     292.139        -352.937     292.155             188             188
   99        -538.593     431.737        -538.572     431.767              99              99
    8        -754.519    -554.501        -754.530    -554.466               8               8
   25        -774.310    -306.247        -774.324    -306.221              25              25
   55        -426.730    -231.153        -426.750    -231.141              55              55
  207         693.077      18.459         693.076      18.436             207             207
  123        -500.377     -31.283        -500.369     -31.266             123             123
  141        -881.164    -131.704        -881.178    -131.679             141             141
  155         616.323     480.119         616.329     480.101             155             155
   98        -279.419    -217.374        -279.428    -217.363              98              98
   95         462.549     514.459         462.565     514.448              95              95
   35          44.608    -243.951          44.607    -243.946              35              35
  251          -7.957     239.975          -7.942     239.978             251             251
  161         -40.363     -37.970         -40.357     -37.963             161             161
  204        -135.247     155.636        -135.234     155.646             204             204
  202          93.616     -48.028          93.627     -48.025             202             202
   87        -793.229     -44.274        -793.223     -44.244              87              87
  154         -81.354     619.043         -81.331     619.057             154             154
  122         -68.031    -454.625         -68.038    -454.611             122             122
  112       -1000.321      68.083       -1000.319      68.123             112             112
   53        -460.750     378.252        -460.758     378.279              53              53
  150        1261.000       0.036        1261.000       0.000             150             150
  186        -460.766    -378.310        -460.758    -378.281             186             186
  108       -1000.316     -68.168       -1000.318     -68.124             108             108
   68         -68.049     454.595         -68.040     454.611              68              68
   36         -81.303    -619.072         -81.330    -619.057              36              36
   32        -793.216      44.206        -793.223      44.242              32              32
  137          93.641      48.022          93.627      48.026             137             137
   31        -135.217    -155.660        -135.233    -155.647              31              31
   82         -40.348      37.954         -40.356      37.963              82              82
   83          -7.920    -239.984          -7.941    -239.979              83              83
  220          44.605     243.940          44.607     243.947             220             220
  182         462.589    -514.431         462.566    -514.447             182             182
   92        -279.442     217.345        -279.428     217.362              92              92
  245         616.340    -480.071         616.330    -480.099             245             245
  238        -881.201     131.638        -881.179     131.678             238             238
   43        -500.357      31.239        -500.369      31.265              43              43
  113         693.074     -18.399         693.076     -18.437             113             113
  123        -426.786     231.118        -426.750     231.140             123             123
  198        -774.349     306.173        -774.323     306.220             198             198
  211        -754.553     554.400        -754.532     554.464             211             211
  218        -538.530    -431.824        -538.571    -431.767             218             218
  234        -352.902    -292.187        -352.936    -292.155             234             234
  207        -303.212    -183.130        -303.234    -183.104             207             207
  124        -967.627    -460.192        -967.678    -460.139             124             124
  182        -369.500     378.688        -369.522     378.718             182             182
  153        -294.396    -792.493        -294.492    -792.469             153             153
  211         666.140    -301.524         666.087    -301.582             211             211
   81        -153.736     206.449        -153.742     206.439              81              81
   20         -90.233     562.303         -90.225     562.306              20              20
   68        -159.719     339.937        -159.726     339.966              68              68
  134        -628.408    -401.353        -628.485    -401.306             134             134
  170         762.122     484.539         762.097     484.500             170             170
  254         343.027     171.990         343.000     172.000             254             254
  243         615.739    -995.980         615.641    -996.009             243             243
  239        1004.652     272.564        1004.659     272.498             239             239
   35         341.239    -770.953         341.197    -770.985              35              35
   20          73.334     420.816          73.363     420.791              20              20
  120          35.605     -56.584          35.596     -56.598             120             120
   67         -32.616     571.792         -32.591     571.783              67              67
  102          94.043     677.289          94.067     677.293             102             102
  204         609.387     589.693         609.418     589.689             204             204
   31         322.667    -210.319         322.671    -210.302              31              31
   29        -650.270     -21.600        -650.264     -21.524              29              29
   40        -206.701    -758.916        -206.768    -758.890              40              40
   21        -112.319     -16.221        -112.326     -16.229              21              21
   11       -1254.496    1269.009       -1254.446    1269.132              11              11
   84          50.048    -810.796          49.920    -810.737              84              84
  134          91.725   -1426.380          91.557   -1426.394             134             134
  134         876.946     329.659         876.924     329.564             134             134
   26         313.813      77.322         313.798      77.285              26              26
   90         -83.782    1256.170         -83.723    1256.208              90              90
   97         517.793    -921.096         517.687    -921.090              97              97
    4         741.130    -302.564         741.106    -302.622               4               4
   41       -1010.590     489.542       -1010.571     489.637              41              41
  222         -36.041    -456.711         -36.141    -456.674             222             222
  187         446.941    -660.662         446.844    -660.691             187             187
  195        -415.479    -139.086        -415.540    -139.067             195             195
  178        -245.389     701.604        -245.419     701.653             178             178
   13          79.826   -1179.452          79.625   -1179.427              13              13
  215         600.743    -305.552         600.610    -305.593             215             215
  246         231.675   -1720.035         231.414   -1720.095             246             246
  148        1097.276     165.208        1097.158     165.028             148             148
  130         -76.189    1336.573         -76.265    1336.550             130             130
  244        -124.779     237.462        -125.187     237.494             244             244
