SINAL     NFT                         FFT                         NFT INVERSA     FFT INVERSA
-----     -----------------------     -----------------------     -----------     -----------
   97       15312.000       0.000       15312.000       0.000              97              97
  139       -1438.691     630.365       -1438.688     630.366             139             139
   46         -44.205    -527.519         -44.203    -527.518              46              46
  108        -251.057     202.830        -251.055     202.831             108             108
  167         228.270     214.151         228.272     214.152             167             167
  105         752.389   -1164.145         752.388   -1164.146             105             105
  163         200.468     -20.317         200.472     -20.318             163             163
  191         389.128    -602.590         389.130    -602.591             191             191
   93        -255.431      46.941        -255.426      46.942              93              93
  113        -684.578    -416.356        -684.577    -416.353             113             113
   85        -336.438    -420.917        -336.439    -420.916              85              85
   60        -634.294    -495.247        -634.298    -495.247              60              60
   30         152.301     582.698         152.303     582.692              30              30
   20         581.487    1218.173         581.496    1218.170              20              20
   26         936.062    -735.550         936.061    -735.556              26              26
   19        -900.499     240.062        -900.493     240.068              19              19
  188         -85.386     789.280         -85.381     789.283             188             188
   64        1669.157    -571.134        1669.154    -571.150              64              64
  199         300.160     349.919         300.176     349.913             199             199
   45        -701.953     846.790        -701.935     846.800              45              45
   57        -529.609     686.378        -529.597     686.393              57              57
  247        -684.519    -459.155        -684.527    -459.138             247             247
  167         522.988    -412.868         522.981    -412.874             167             167
   34        -252.477     631.100        -252.466     631.107              34              34
    9         175.031      37.419         175.031      37.427               9               9
  217         416.461    -995.937         416.448    -995.938             217             217
   60        -173.189    -531.306        -173.196    -531.307              60              60
  116         650.874    -230.051         650.874    -230.069             116             116
   93        -254.510     479.302        -254.495     479.298              93              93
  230        -398.007    1352.014        -397.985    1352.028             230             230
  216        1061.424    -658.257        1061.414    -658.268             216             216
  191         195.392     528.217         195.415     528.219             191             191
  114        -440.998    -605.012        -441.000    -605.000             114             114
    7        -417.657    1031.367        -417.630    1031.381               7               7
   44        -897.117    -561.735        -897.135    -561.706              44              44
   25         393.310     461.777         393.308     461.777              25              25
  112         977.640    -630.617         977.629    -630.629             112             112
  207        -418.189    -231.440        -418.189    -231.427             207             207
  217         558.927    -369.363         558.923    -369.375             217             217
  205        -350.463      41.082        -350.454      41.090             205             205
   64        -464.688     311.253        -464.688     311.274              64              64
   46        1290.688    -986.213        1290.660    -986.243              46              46
    9         556.099     287.208         556.124     287.192               9               9
   95        -226.824    -273.661        -226.814    -273.649              95              95
   67        -220.106    -733.012        -220.115    -733.011              67              67
   36        -175.380     540.891        -175.356     540.891              36              36
  115        -496.521    -440.027        -496.532    -440.014             115             115
  255         310.869     549.400         310.888     549.389             255             255
  100        -188.611    -394.722        -188.619    -394.717             100             100
   58         748.719     583.196         748.753     583.171              58              58
   44        -858.078     273.021        -858.048     273.059              44              44
  158        -758.362     -83.151        -758.360     -83.113             158             158
   50        -899.601    -576.117        -899.633    -576.081              50              50
  212         629.647    -465.411         629.624    -465.441             212             212
  192        -632.523     452.478        -632.509     452.489             192             192
   59         222.947     793.399         222.967     793.398              59              59
  173         -22.919     140.768         -22.918     140.790             173             173
  252         436.595    -532.102         436.579    -532.102             252             252
  176          65.355    -532.771          65.352    -532.772             176             176
   11       -1151.804    -145.756       -1151.810    -145.718              11              11
  226         385.651    -155.124         385.636    -155.144             226             226
  136        -463.717     191.093        -463.715     191.107             136             136
  203         420.554     359.873         420.562     359.866             203             203
   84        -283.298    -787.135        -283.334    -787.121              84              84
  144         630.000       0.041         630.000       0.000             144             144
  247        -283.374     787.106        -283.336     787.121             247             247
  110         420.571    -359.857         420.562    -359.865             110             110
    0        -463.713    -191.124        -463.715    -191.108              -0               0
  198         385.618     155.168         385.635     155.145             198             198
   71       -1151.818     145.668       -1151.811     145.715              71              71
  206          65.346     532.773          65.350     532.772             206             206
    7         436.558     532.103         436.579     532.102               7               7
  118         -22.915    -140.819         -22.917    -140.790             118             118
  216         222.995    -793.397         222.968    -793.398             216             216
  103        -632.489    -452.505        -632.508    -452.490             103             103
  185         629.591     465.487         629.623     465.443             185             185
  252        -899.679     576.028        -899.633     576.080             252             252
  218        -758.356      83.054        -758.359      83.111             218             218
  184        -858.000    -273.120        -858.047    -273.060             184             184
   96         748.810    -583.129         748.755    -583.170              96              96
   21        -188.631     394.709        -188.619     394.717              21              21
  229         310.921    -549.370         310.888    -549.389             229             229
  254        -496.551     439.992        -496.532     440.014             254             254
   71        -175.309    -540.892        -175.355    -540.891              71              71
  185        -220.135     733.010        -220.116     733.011             185             185
  191        -226.795     273.626        -226.814     273.649             191             191
  131         556.176    -287.157         556.125    -287.191             131             131
  103        1290.599     986.309        1290.658     986.245             103             103
  187        -464.687    -311.321        -464.688    -311.275             187             187
   51        -350.437     -41.112        -350.455     -41.091              51              51
  114         558.911     369.406         558.922     369.377             114             114
  158        -418.189     231.391        -418.189     231.425             158             158
  188         977.599     630.662         977.628     630.630             188             188
   61         393.307    -461.777         393.310    -461.776              61              61
  243        -897.185     561.623        -897.136     561.704             243             243
   77        -417.550   -1031.423        -417.628   -1031.382              77              77
   53        -441.006     604.965        -441.000     605.000              53              53
   98         195.491    -528.221         195.416    -528.218              98              98
   78        1061.377     658.310        1061.413     658.270              78              78
  252        -397.903   -1352.074        -397.982   -1352.028             252             252
  169        -254.440    -479.287        -254.495    -479.299             169             169
   28         650.873     230.143         650.873     230.071              28              28
    3        -173.225     531.310        -173.197     531.307               3               3
   31         416.389     995.944         416.446     995.939              31              31
  244         175.029     -37.459         175.031     -37.426             244             244
  107        -252.418    -631.139        -252.466    -631.107             107             107
  217         522.946     412.905         522.980     412.874             217             217
  241        -684.569     459.048        -684.528     459.137             241             241
   69        -529.527    -686.475        -529.596    -686.394              69              69
  145        -701.820    -846.857        -701.932    -846.800             145             145
   81         300.276    -349.873         300.177    -349.912              81              81
   91        1669.130     571.265        1669.152     571.154              91              91
  119         -85.348    -789.301         -85.381    -789.283             119             119
   80        -900.444    -240.116        -900.493    -240.070              80              80
  162         936.048     735.611         936.060     735.558             162             162
   49         581.586   -1218.139         581.498   -1218.168              49              49
   15         152.329    -582.635         152.304    -582.692              15              15
   38        -634.337     495.240        -634.299     495.246              38              38
  152        -336.448     420.905        -336.439     420.915             152             152
  203        -684.562     416.298        -684.578     416.351             203             203
   90        -255.345     -46.958        -255.426     -46.942              90              90
   11         389.158     602.624         389.129     602.592              11              11
  106         200.542      20.334         200.471      20.318             106             106
   22         752.357    1164.182         752.386    1164.148              22              22
   73         228.343    -214.182         228.273    -214.152              73              73
   93        -250.949    -202.869        -251.054    -202.831              93              93
  100         -44.097     527.484         -44.203     527.517             100             100
  126       -1438.250    -630.513       -1438.687    -630.368             126             126
