SINAL     NFT                         FFT                         NFT INVERSA     FFT INVERSA
-----     -----------------------     -----------------------     -----------     -----------
  250       15522.000       0.000       15522.000       0.000             250             250
   28         568.403     650.992         568.406     650.992              28              28
  198         -33.628     150.567         -33.625     150.568             198             198
  190         157.800    -734.602         157.803    -734.601             190             190
   31        -703.182    -892.314        -703.180    -892.312              31              31
   90        -846.717     264.747        -846.714     264.749              90              90
   68        -452.682    -452.313        -452.682    -452.312              68              68
  186         263.520     276.709         263.522     276.707             186             186
   44         413.778     990.095         413.785     990.095              44              44
  191         154.373    -245.084         154.374    -245.082             191             191
  235         336.251      93.589         336.254      93.589             235             235
  233         194.586      91.149         194.590      91.151             233             233
  248        -166.993     414.907        -166.988     414.913             248             248
   17         704.290    -262.849         704.290    -262.848              17              17
  248         239.722    -672.557         239.722    -672.554             248             248
  173          32.774    -978.563          32.770    -978.563             173             173
   25         125.071    -227.504         125.074    -227.508              25              25
  212         235.128     753.833         235.143     753.832             212             212
  147        -753.997    -522.342        -753.997    -522.329             147             147
   47        -510.533     236.079        -510.531     236.088              47              47
  188         732.382    -754.749         732.377    -754.758             188             188
  100       -1082.231     791.518       -1082.216     791.533             100             100
   32        -416.659      25.521        -416.662      25.536              32              32
   87         217.517    -782.530         217.503    -782.528              87              87
   32         176.100    -155.936         176.097    -155.938              32              32
   18         444.378    -255.648         444.379    -255.655              18              18
   97        -867.298     542.944        -867.288     542.964              97              97
   45         -42.159    -772.921         -42.179    -772.911              45              45
  144        1108.904   -1392.232        1108.885   -1392.259             144             144
  229       -1117.405    1199.372       -1117.377    1199.386             229             229
   11        -445.053    -400.664        -445.068    -400.653              11              11
  139         429.293     231.171         429.294     231.163             139             139
    2        -768.990    -217.016        -769.000    -217.000               2               2
  209         105.849      52.368         105.839      52.362             209             209
   73        -285.516     847.040        -285.513     847.049              73              73
   33        1246.410    -277.370        1246.393    -277.393              33              33
   43          48.369     837.845          48.386     837.850              43              43
  142         509.675    -165.247         509.667    -165.247             142             142
  219         666.956     130.556         666.963     130.549             219             219
   87        -250.368    -171.790        -250.367    -171.774              87              87
   77        -674.023    -344.024        -674.043    -344.001              77              77
  198         511.884    -182.418         511.863    -182.430             198             198
   65         210.245    -338.969         210.222    -338.982              65              65
   70         785.388    1470.983         785.413    1470.966              70              70
  216         958.332      29.756         958.327      29.752             216             216
   58        1207.560    -587.517        1207.553    -587.538              58              58
  243         -53.529    -272.897         -53.526    -272.890             243             243
  242         621.899    -290.649         621.901    -290.668             242             242
   14       -1183.063    -291.535       -1183.074    -291.509              14              14
  134         282.823    1118.364         282.835    1118.354             134             134
   33        1235.668      18.483        1235.663      18.454              33              33
  203        -283.619     356.940        -283.612     356.955             203             203
  234         595.474     404.980         595.469     404.973             234             234
   65        1440.088     -44.770        1440.081     -44.809              65              65
   34        1157.370     787.330        1157.412     787.308              34              34
   11         665.702    -469.419         665.710    -469.423              11              11
   83         112.125     290.025         112.160     290.031              83              83
  131        -151.124     606.483        -151.088     606.514             131             131
   56         320.224    -420.792         320.223    -420.775              56              56
  228        -259.070    -351.372        -259.065    -351.343             228             228
  105       -1197.248    -424.713       -1197.273    -424.652             105             105
   68         507.774    -578.120         507.730    -578.135              68              68
  111         405.911      89.567         405.905      89.557             111             111
  107         584.122    -733.823         584.091    -733.846             107             107
   21         140.000       0.019         140.000       0.000              21              21
  185         584.058     733.871         584.090     733.847             185             185
  140         405.899     -89.545         405.905     -89.556             140             140
   64         507.679     578.152         507.728     578.135              64              64
   71       -1197.302     424.580       -1197.273     424.651              71              71
  103        -259.060     351.307        -259.066     351.342             103             103
  152         320.220     420.753         320.222     420.775             152             152
  149        -151.041    -606.553        -151.086    -606.515             149             149
   46         112.205    -290.039         112.160    -290.031              46              46
  218         665.720     469.430         665.710     469.424             218             218
  219        1157.471    -787.276        1157.413    -787.306             219             219
    7        1440.070      44.865        1440.081      44.811               7               7
   20         595.462    -404.962         595.470    -404.973              20              20
  206        -283.600    -356.981        -283.611    -356.957             206             206
  249        1235.654     -18.406        1235.662     -18.452             249             249
   35         282.855   -1118.338         282.836   -1118.354              35              35
   85       -1183.091     291.463       -1183.074     291.508              85              85
   26         621.907     290.701         621.902     290.669              26              26
  238         -53.522     272.880         -53.527     272.891             238             238
   64        1207.536     587.580        1207.551     587.540              64              64
   92         958.316     -29.743         958.327     -29.751              92              92
   16         785.468   -1470.929         785.416   -1470.964              16              16
   76         210.173     339.010         210.221     338.982              76              76
  175         511.817     182.457         511.862     182.431             175             175
  147        -674.086     343.949        -674.043     344.000             147             147
  133        -250.366     171.735        -250.367     171.773             133             133
  148         666.978    -130.532         666.963    -130.548             148             148
  252         509.644     165.249         509.665     165.248             252             252
  201          48.431    -837.864          48.387    -837.850             201             201
    4        1246.350     277.458        1246.393     277.396               4               4
  103        -285.504    -847.075        -285.513    -847.050             103             103
  222         105.809     -52.343         105.838     -52.362             222             222
  190        -769.029     216.951        -769.000     217.000             190             190
  244         429.298    -231.137         429.294    -231.163             244             244
   31        -445.119     400.613        -445.069     400.652              31              31
    5       -1117.277   -1199.440       -1117.375   -1199.389               5               5
   91        1108.809    1392.358        1108.883    1392.260              91              91
  184         -42.256     772.874         -42.181     772.911             184             184
  155        -867.245    -543.048        -867.287    -542.966             155             155
  138         444.380     255.682         444.378     255.655             138             138
  146         176.084     155.943         176.097     155.938             146             146
  118         217.433     782.517         217.501     782.527             118             118
  146        -416.679     -25.610        -416.663     -25.536             146             146
  167       -1082.136    -791.619       -1082.214    -791.536             167             167
   69         732.345     754.803         732.375     754.758              69              69
  140        -510.515    -236.145        -510.530    -236.089             140             140
  202        -753.998     522.249        -753.998     522.328             202             202
  155         235.247    -753.828         235.145    -753.832             155             155
  167         125.092     227.536         125.074     227.509             167             167
  184          32.735     978.557          32.769     978.562             184             184
  219         239.714     672.527         239.721     672.554             219             219
    3         704.292     262.839         704.290     262.849               3               3
  201        -166.938    -414.974        -166.988    -414.914             201             201
   39         194.632     -91.167         194.589     -91.151              39              39
  178         336.292     -93.592         336.255     -93.590             178             178
   92         154.385     245.049         154.373     245.081              92              92
  172         413.890    -990.090         413.786    -990.094             172             172
   71         263.555    -276.673         263.523    -276.707              71              71
   89        -452.698     452.274        -452.683     452.311              89              89
  118        -846.626    -264.817        -846.713    -264.751             118             118
   76        -703.126     892.249        -703.182     892.311              76              76
  193         157.910     734.559         157.802     734.601             193             193
   85         -33.384    -150.639         -33.625    -150.569              85              85
   10         568.882    -650.978         568.408    -650.991              10              10
