SINAL     NFT                         FFT                         NFT INVERSA     FFT INVERSA
-----     -----------------------     -----------------------     -----------     -----------
   30       16253.000       0.000       16253.000       0.000              30              30
  204        -145.582     -27.995        -145.578     -27.994             204             204
   95         225.431    -648.333         225.434    -648.333              95              95
  109         415.461    -473.430         415.464    -473.431             109             109
  225        -371.844    -233.106        -371.841    -233.105             225             225
  228         661.825    -691.246         661.827    -691.249             228             228
  139        -863.988     499.675        -863.982     499.677             139             139
  140         512.201     163.518         512.204     163.518             140             140
  143         191.836     -86.664         191.840     -86.663             143             143
  136         113.865    -130.660         113.869    -130.657             136             136
   74         -98.284   -1812.815         -98.291   -1812.815              74              74
  107         252.040    -366.835         252.042    -366.843             107             107
   26         -69.580     447.327         -69.571     447.322              26              26
  229        -220.802     294.115        -220.795     294.114             229             229
  207        -522.185     268.262        -522.179     268.262             207             207
  253          67.779     647.339          67.787     647.336             253             253
  215        -512.068     616.898        -512.060     616.902             215             215
   88         497.679    1415.793         497.695    1415.794              88              88
  134         478.143    -498.837         478.145    -498.833             134             134
   20       -1032.754    -647.924       -1032.756    -647.911              20              20
  238         394.959      80.290         394.962      80.283             238             238
   23          90.412     260.087          90.421     260.085              23              23
  148        -118.701     116.076        -118.691     116.078             148             148
    9        -891.819      24.503        -891.815      24.514               9               9
  181        -284.059    1208.980        -284.043    1208.987             181             181
   25          53.574     581.812          53.583     581.828              25              25
  143        -367.248   -1239.620        -367.270   -1239.603             143             143
   20         332.973     -67.811         332.969     -67.814              20              20
  156         518.465    -554.316         518.458    -554.322             156             156
  222        -119.689    -152.803        -119.689    -152.799             222             222
  166         332.056   -1067.365         332.036   -1067.377             166             166
  186         851.860    1050.897         851.887    1050.877             186             186
  171         101.992    -279.005         102.000    -279.000             171             171
    6        -151.542    -349.246        -151.539    -349.242               6               6
   40        -129.341    -355.759        -129.342    -355.760              40              40
  141         444.139      73.470         444.153      73.453             141             141
  235        -789.417    1132.422        -789.380    1132.449             235             235
  179         190.141   -1267.957         190.120   -1267.953             179             179
   25        -968.172     135.079        -968.164     135.100              25              25
  122         124.796     -96.193         124.791     -96.191             122             122
   59         496.279    -763.374         496.271    -763.388              59              59
   99       -1079.082      77.660       -1079.071      77.684              99              99
  230        -277.147    -527.196        -277.166    -527.190             230             230
   86          23.699    -650.356          23.676    -650.371              86              86
   73         467.492     361.757         467.504     361.727              73              73
  181         129.918     153.964         129.931     153.951             181             181
   84         181.281     282.938         181.304     282.926              84              84
   32        -705.204      81.747        -705.195      81.759              32              32
   14         236.037     696.913         236.059     696.902              14              14
  218         333.109      80.318         333.122      80.309             218             218
   52         180.987      93.821         181.011      93.812              52              52
  252        -613.119     614.372        -613.080     614.392             252             252
  241        -383.398     305.372        -383.377     305.395             241             241
  201        -105.597    -547.885        -105.600    -547.882             201             201
    6        -677.211     534.777        -677.175     534.793               6               6
  167        -948.576     669.956        -948.546     669.997             167             167
  226       -1060.049    -179.086       -1060.069    -179.040             226             226
  150          58.186     540.656          58.183     540.661             150             150
  187        1103.869     -15.369        1103.870     -15.394             187             187
  126         -45.228     -22.474         -45.205     -22.460             126             126
  116         113.225    -385.705         113.244    -385.704             116             116
   98       -1705.318    -109.884       -1705.299    -109.822              98              98
   57       -1327.540     514.364       -1327.536     514.419              57              57
   32         210.455      54.000         210.439      54.003              32              32
  105         -17.000      -0.012         -17.000       0.000             105             105
   97         210.422     -54.007         210.439     -54.003              97              97
  173       -1327.531    -514.481       -1327.536    -514.421             173             173
   84       -1705.279     109.750       -1705.300     109.819              84              84
   20         113.265     385.703         113.244     385.704              20              20
  198         -45.178      22.444         -45.205      22.460             198             198
  207        1103.874      15.429        1103.871      15.397             207             207
   80          58.180    -540.668          58.184    -540.661              80              80
   42       -1060.095     178.979       -1060.069     179.039              42              42
  181        -948.505    -670.054        -948.545    -669.999             181             181
  166        -677.126    -534.815        -677.175    -534.793             166             166
  115        -105.606     547.878        -105.601     547.882             115             115
  107        -383.345    -305.430        -383.376    -305.396             107             107
  250        -613.018    -614.424        -613.078    -614.393             250             250
  147         181.050     -93.796         181.012     -93.811             147             147
  121         333.144     -80.295         333.122     -80.309             121             121
  213         236.097    -696.884         236.060    -696.902             213             213
  200        -705.177     -81.783        -705.194     -81.761             200             200
  118         181.344    -282.902         181.304    -282.925             118             118
  198         129.957    -153.926         129.932    -153.950             198             198
  146         467.528    -361.671         467.504    -361.727             146             146
  124          23.630     650.401          23.675     650.372             124             124
  109        -277.206     527.180        -277.167     527.191             109             109
  116       -1079.047     -77.738       -1079.070     -77.686             116             116
   18         496.254     763.420         496.271     763.389              18              18
   41         124.781      96.188         124.792      96.192              41              41
  243        -968.143    -135.151        -968.164    -135.101             243             243
  135         190.066    1267.943         190.118    1267.953             135             135
  140        -789.282   -1132.519        -789.378   -1132.450             140             140
   45         444.192     -73.407         444.154     -73.452              45              45
  167        -129.344     355.763        -129.342     355.761             167             167
  245        -151.529     349.228        -151.539     349.240             245             245
  142         102.023     278.986         102.000     279.000             142             142
   85         851.979   -1050.810         851.889   -1050.876              85              85
   73         331.966    1067.419         332.034    1067.378              73              73
  163        -119.690     152.784        -119.689     152.799             163             163
   27         518.430     554.345         518.457     554.323              27              27
   24         332.951      67.825         332.968      67.815              24              24
  243        -367.362    1239.536        -367.272    1239.603             243             243
   69          53.621    -581.891          53.584    -581.828              69              69
  205        -283.967   -1209.022        -284.041   -1208.988             205             205
  154        -891.795     -24.567        -891.815     -24.515             154             154
  184        -118.644    -116.090        -118.691    -116.079             184             184
   56          90.472    -260.078          90.422    -260.085              56              56
  149         394.975     -80.243         394.962     -80.283             149             149
   76       -1032.775     647.830       -1032.757     647.909              76              76
  177         478.158     498.812         478.144     498.834             177             177
  106         497.809   -1415.795         497.699   -1415.792             106             106
   21        -512.002    -616.932        -512.059    -616.902              21              21
   40          67.860    -647.310          67.789    -647.335              40              40
   49        -522.130    -268.273        -522.179    -268.263              49              49
  167        -220.723    -294.100        -220.794    -294.113             167             167
  165         -69.481    -447.275         -69.571    -447.322             165             165
  159         252.063     366.934         252.041     366.844             159             159
   28         -98.382    1812.818         -98.294    1812.815              28              28
  183         113.918     130.630         113.869     130.659             183             183
  201         191.893      86.656         191.840      86.664             201             201
   15         512.261    -163.491         512.205    -163.516              15              15
   63        -863.870    -499.728        -863.982    -499.679              63              63
   85         661.868     691.322         661.826     691.250              85              85
   60        -371.751     233.073        -371.841     233.105              60              60
  231         415.577     473.459         415.463     473.432             231             231
   74         225.583     648.321         225.433     648.333              74              74
  203        -145.159      27.939        -145.578      27.994             203             203
