SINAL     NFT                         FFT                         NFT INVERSA     FFT INVERSA
-----     -----------------------     -----------------------     -----------     -----------
   32       16141.000       0.000       16141.000       0.000              32              32
   72        -400.171    -604.880        -400.168    -604.880              72              72
  147        -792.566     -15.202        -792.563     -15.201             147             147
  176         485.263    -545.293         485.265    -545.294             176             176
   24        -490.945     642.164        -490.940     642.164              24              24
  137         818.416     952.847         818.422     952.846             137             137
   78       -1118.420    -128.456       -1118.417    -128.450              78              78
  139         539.416    -737.916         539.416    -737.916             139             139
  119         260.811    -693.947         260.812    -693.949             119             119
  247        -673.476      -2.421        -673.472      -2.420             247             247
  101        -364.104     262.493        -364.100     262.493             101             101
   35         130.875    1165.963         130.884    1165.963              35              35
  122        -141.599    -203.016        -141.598    -203.011             122             122
   45        -328.088    -203.145        -328.088    -203.142              45              45
    3         -70.981     272.790         -70.980     272.792               3               3
  245        1057.880      -7.921        1057.882      -7.926             245             245
   79        -196.858    -670.610        -196.859    -670.607              79              79
  127          42.903    -135.205          42.904    -135.206             127             127
  210         540.484    -216.733         540.488    -216.739             210             210
  133        -892.758    -273.153        -892.756    -273.143             133             133
  253        -178.165    -624.059        -178.172    -624.061             253             253
  111          67.964     158.044          67.966     158.039             111             111
  190         425.835    -872.387         425.827    -872.401             190             190
  151         125.195    1055.401         125.218    1055.391             151             151
  228       -1080.968     128.166       -1080.963     128.180             228             228
  115         201.348     575.560         201.353     575.557             115             115
  145         413.209    -376.424         413.206    -376.430             145             145
  114           9.317     190.610           9.326     190.605             114             114
   28        -199.922     171.699        -199.915     171.701              28              28
   88        -122.648      16.066        -122.647      16.065              88              88
  196         419.027     156.506         419.034     156.495             196             196
   61        -370.912     -88.312        -370.909     -88.311              61              61
  161         135.975    1095.003         136.000    1095.000             161             161
   88        -129.530    -765.413        -129.544    -765.410              88              88
  237         329.510     611.984         329.527     611.972             237             237
  186         289.200    -453.348         289.201    -453.359             186             186
  225        -885.216     210.921        -885.208     210.929             225             225
   60         818.531     175.719         818.537     175.683              60              60
   69         124.853    1325.823         124.901    1325.805              69              69
   88        -572.222    1797.400        -572.165    1797.422              88              88
   51        -844.388      13.288        -844.388      13.322              51              51
  170         390.899     834.281         390.921     834.275             170             170
  123        -599.262    1299.730        -599.226    1299.767             123             123
  174         412.807    -124.376         412.804    -124.360             174             174
  215          95.268    -351.513          95.268    -351.498             215             215
  127        -284.701    -459.161        -284.705    -459.146             127             127
  163        -144.142    -348.983        -144.145    -348.985             163             163
   39        -102.755     775.363        -102.722     775.362              39              39
  255        -563.173     649.365        -563.141     649.393             255             255
  117       -1286.010     244.931       -1286.009     244.987             117             117
  172         395.806     319.416         395.805     319.421             172             172
  252        -350.499     148.463        -350.497     148.495             252             252
  228          92.833      98.483          92.831      98.508             228             228
  107         326.932    -728.813         326.912    -728.798             107             107
  148        -705.951   -1191.474        -705.991   -1191.445             148             148
  201        -115.796    -515.423        -115.829    -515.433             201             201
  222         868.520     603.227         868.539     603.192             222             222
   37           0.567    -593.441           0.552    -593.443              37              37
   60         588.661     581.774         588.693     581.749              60              60
  251         252.474     156.917         252.506     156.916             251             251
  126        -292.300     126.324        -292.265     126.349             126             126
    1        -983.836    -561.260        -983.839    -561.216               1               1
   56        -498.062    -170.795        -498.060    -170.783              56              56
   31       -1180.747     679.330       -1180.727     679.380              31              31
   89         555.000       0.006         555.000       0.000              89              89
   38       -1180.705    -679.434       -1180.726    -679.382              38              38
  218        -498.059     170.769        -498.060     170.782             218             218
   58        -983.844     561.164        -983.840     561.214              58              58
   99        -292.224    -126.378        -292.264    -126.349              99              99
   31         252.544    -156.915         252.507    -156.916              31              31
  146         588.734    -581.716         588.695    -581.747             146             146
  150           0.533     593.445           0.551     593.443             150             150
  201         868.564    -603.146         868.539    -603.191             201             201
   14        -115.875     515.446        -115.830     515.432              14              14
   69        -706.049    1191.403        -705.993    1191.444              69              69
  161         326.882     728.778         326.911     728.798             161             161
  141          92.826     -98.543          92.831     -98.507             141             141
  232        -350.495    -148.546        -350.497    -148.496             232             232
  200         395.804    -319.428         395.805    -319.420             200             200
  140       -1286.007    -245.080       -1286.008    -244.990             140             140
   93        -563.087    -649.441        -563.140    -649.393              93              93
  117        -102.660    -775.362        -102.720    -775.363             117             117
  136        -144.150     348.987        -144.145     348.984             136             136
   66        -284.712     459.117        -284.705     459.145              66              66
  224          95.267     351.470          95.267     351.499             224             224
   28         412.797     124.328         412.804     124.360              28              28
   11        -599.149   -1299.844        -599.224   -1299.768              11              11
  191         390.970    -834.262         390.923    -834.274             191             191
   66        -844.387     -13.397        -844.388     -13.322              66              66
   72        -572.027   -1797.473        -572.161   -1797.423              72              72
  186         125.018   -1325.763         124.904   -1325.805             186             186
  193         818.553    -175.591         818.537    -175.681             193             193
   73        -885.187    -210.949        -885.207    -210.930              73              73
  243         289.203     453.391         289.200     453.360             243             243
  225         329.574    -611.939         329.528    -611.971             225             225
  162        -129.585     765.402        -129.545     765.410             162             162
   26         136.076   -1094.992         136.000   -1095.000              26              26
  187        -370.899      88.309        -370.909      88.311             187             187
  221         419.058    -156.456         419.035    -156.494             221             221
  125        -122.643     -16.063        -122.647     -16.066             125             125
  218        -199.890    -171.705        -199.915    -171.700             218             218
  111           9.361    -190.589           9.327    -190.606             111             111
   19         413.190     376.460         413.205     376.432              19              19
  164         201.379    -575.544         201.355    -575.556             164             164
  125       -1080.943    -128.245       -1080.963    -128.181             125             125
   88         125.333   -1055.342         125.221   -1055.390              88              88
   69         425.784     872.473         425.826     872.402              69              69
   11          67.979    -158.012          67.966    -158.038              11              11
   65        -178.216     624.069        -178.173     624.061              65              65
   14        -892.741     273.082        -892.756     273.141              14              14
  151         540.516     216.781         540.487     216.740             151             151
  159          42.916     135.215          42.905     135.207             159             159
  131        -196.869     670.583        -196.860     670.607             131             131
   32        1057.901       7.981        1057.883       7.929              32              32
  225         -70.969    -272.806         -70.980    -272.792             225             225
  100        -328.093     203.111        -328.089     203.141             100             100
   61        -141.587     202.969        -141.598     203.011              61              61
  237         130.995   -1165.960         130.886   -1165.963             237             237
   35        -364.060    -262.486        -364.101    -262.493              35              35
  127        -673.417       2.407        -673.471       2.420             127             127
   53         260.827     693.993         260.812     693.950              53              53
  222         539.391     737.941         539.414     737.918             222             222
   64       -1118.361     128.313       -1118.417     128.448              64              64
  126         818.587    -952.800         818.424    -952.844             126             126
  209        -490.799    -642.170        -490.939    -642.165             209             209
   34         485.339     545.363         485.264     545.296              34              34
   33        -792.378      15.146        -792.563      15.200              33              33
  235        -399.785     604.841        -400.169     604.879             235             235
