SINAL     NFT                         FFT                         NFT INVERSA     FFT INVERSA
-----     -----------------------     -----------------------     -----------     -----------
  125       15745.000       0.000       15745.000       0.000             125             125
   43         278.778     373.753         278.781     373.753              43              43
  160         583.764    -390.617         583.767    -390.618             160             160
  124        -249.628    -159.180        -249.625    -159.180             124             124
  177         772.270     260.163         772.273     260.161             177             177
  235         639.604     259.028         639.609     259.026             235             235
  198         103.888     225.531         103.894     225.531             198             198
    6        -940.880     -30.108        -940.877     -30.103               6               6
   47         922.728    -430.150         922.729    -430.154              47              47
  188         121.746    -378.025         121.749    -378.027             188             188
  145         476.638    -151.084         476.643    -151.089             145             145
   83          16.891     179.618          16.900     179.616              83              83
   73        -130.875     381.803        -130.865     381.801              73              73
   33        -775.014     745.223        -775.003     745.230              33              33
  200        -314.803    -546.987        -314.805    -546.983             200             200
  241          58.510     -14.274          58.513     -14.276             241             241
  154        -498.736    -107.335        -498.736    -107.335             154             154
    9         636.042     520.274         636.050     520.262               9               9
   34        -256.082     898.407        -256.069     898.409              34              34
  215         842.319     -97.998         842.321     -98.007             215             215
  145         476.194      61.758         476.207      61.746             145             145
  228        -420.824    1295.283        -420.795    1295.284             228             228
   56       -1065.668     531.756       -1065.653     531.769              56              56
   36       -1297.668    1758.059       -1297.649    1758.082              36              36
   69         818.063     336.725         818.061     336.723              69              69
  148         427.877    1109.794         427.895    1109.800             148             148
  229         787.755     244.903         787.767     244.909             229             229
  104          47.262    -416.118          47.268    -416.104             104             104
  152         226.156    -664.621         226.161    -664.620             152             152
  144       -1172.327     556.376       -1172.305     556.401             144             144
  170        -125.711     267.848        -125.698     267.865             170             170
   21       -1202.098    -734.095       -1202.107    -734.062              21              21
  187          60.002    -227.001          60.000    -227.000             187             187
   74       -1280.586     855.662       -1280.565     855.702              74              74
  146        -965.274   -1105.869        -965.311   -1105.831             146             146
  109          12.166   -1333.361          12.120   -1333.363             109             109
   53         547.232     204.862         547.231     204.844              53              53
   89        -466.069    -883.956        -466.093    -883.951              89              89
  115        -123.644     -73.578        -123.659     -73.592             115             115
  101         808.022     910.948         808.038     910.918             101             101
   22         -69.826     645.432         -69.812     645.437              22              22
    5         347.222       7.436         347.217       7.430               5               5
  185         420.072     332.072         420.081     332.060             185             185
   95         387.979     929.587         388.009     929.586              95              95
   38         195.401    -118.897         195.408    -118.891              38              38
  129        -332.052     527.584        -332.029     527.605             129             129
   81        -268.100     -57.806        -268.099     -57.780              81              81
  192        -622.728    -492.916        -622.752    -492.888             192             192
  139         622.746      60.678         622.736      60.666             139             139
  115         807.334    -702.093         807.320    -702.120             115             115
  151        -556.435     512.485        -556.409     512.498             151             151
   29        -244.857     212.034        -244.855     212.049              29              29
   87           6.450     -97.613           6.438     -97.609              87              87
  208          98.782    -208.724          98.764    -208.733             208             208
   65        1009.521     963.659        1009.555     963.623              65              65
  157         354.299     624.316         354.340     624.321             157             157
  100        -463.006     358.515        -462.979     358.560             100             100
   38        -343.522   -1261.661        -343.566   -1261.641              38              38
    5        -163.261    1106.699        -163.222    1106.707               5               5
  253        -640.473    -192.906        -640.495    -192.864             253             253
  183         755.145     398.859         755.147     398.850             183             183
  176         143.107    -952.790         143.071    -952.785             176             176
   18         361.194     456.630         361.215     456.613              18              18
  115         -39.277     495.496         -39.253     495.515             115             115
  250         -33.000      -0.027         -33.000       0.000             250             250
  165         -39.226    -495.533         -39.252    -495.514             165             165
  224         361.238    -456.595         361.215    -456.613             224             224
   47         143.027     952.782         143.068     952.786              47              47
  254         755.149    -398.840         755.147    -398.850             254             254
   84        -640.521     192.813        -640.496     192.863              84              84
  149        -163.172   -1106.718        -163.220   -1106.708             149             149
   20        -343.623    1261.616        -343.568    1261.640              20              20
   89        -462.943    -358.620        -462.978    -358.561              89              89
   78         354.396    -624.327         354.341    -624.321              78              78
  116        1009.603    -963.572        1009.556    -963.622             116             116
  127          98.737     208.747          98.764     208.733             127             127
  208           6.421      97.601           6.438      97.608             208             208
  197        -244.851    -212.071        -244.854    -212.049             197             197
   64        -556.367    -512.520        -556.408    -512.499              64              64
   92         807.297     702.164         807.319     702.121              92              92
   56         622.718     -60.644         622.736     -60.665              56              56
  216        -622.797     492.838        -622.754     492.887             216             216
  121        -268.100      57.734        -268.099      57.780             121             121
  144        -331.985    -527.647        -332.028    -527.607             144             144
  168         195.420     118.878         195.407     118.891             168             168
  187         388.073    -929.581         388.012    -929.585             187             187
   46         420.100    -332.033         420.082    -332.059              46              46
   13         347.209      -7.417         347.218      -7.430              13              13
  226         -69.778    -645.449         -69.810    -645.438             226             226
   52         808.076    -910.847         808.039    -910.916              52              52
   10        -123.695      73.627        -123.659      73.592              10              10
  153        -466.157     883.939        -466.096     883.950             153             153
  228         547.228    -204.797         547.232    -204.844             228             228
   29          11.994    1333.371          12.117    1333.364              29              29
   12        -965.415    1105.721        -965.313    1105.829              12              12
  222       -1280.506    -855.821       -1280.564    -855.705             222             222
  194          59.995     226.997          60.000     227.000             194             194
  237       -1202.142     733.950       -1202.109     734.060             237             237
   14        -125.655    -267.919        -125.698    -267.865              14              14
  193       -1172.226    -556.495       -1172.303    -556.404             193             193
   65         226.176     664.615         226.160     664.619              65              65
  163          47.288     416.050          47.268     416.104             163             163
  214         787.815    -244.929         787.768    -244.908             214             214
  154         427.978   -1109.822         427.898   -1109.800             154             154
  242         818.053    -336.712         818.061    -336.722             242             242
   74       -1297.551   -1758.195       -1297.646   -1758.084              74              74
   26       -1065.579    -531.839       -1065.652    -531.771              26              26
  195        -420.633   -1295.293        -420.791   -1295.285             195             195
   15         476.274     -61.678         476.207     -61.746              15              15
   90         842.338      98.070         842.322      98.010              90              90
   32        -255.987    -898.423        -256.068    -898.409              32              32
   72         636.100    -520.181         636.050    -520.260              72              72
   51        -498.735     107.330        -498.736     107.334              51              51
  153          58.534      14.302          58.513      14.277             153             153
  217        -314.828     546.952        -314.806     546.983             217             217
  219        -774.899    -745.298        -775.001    -745.231             219             219
   85        -130.764    -381.790        -130.864    -381.802              85              85
    7          16.989    -179.583          16.900    -179.615               7               7
  233         476.698     151.156         476.643     151.090             233             233
   55         121.784     378.053         121.749     378.028              55              55
   59         922.735     430.221         922.728     430.155              59              59
  244        -940.822      30.011        -940.877      30.102             244             244
  208         104.026    -225.533         103.896    -225.531             208             208
   32         639.742    -258.972         639.610    -259.024              32              32
   17         772.391    -260.082         772.274    -260.160              17              17
  220        -249.502     159.179        -249.626     159.180             220             220
  254         583.951     390.661         583.767     390.619             254             254
  212         279.219    -373.733         278.781    -373.752             212             212
