SINAL     NFT                         FFT                         NFT INVERSA     FFT INVERSA
-----     -----------------------     -----------------------     -----------     -----------
   23       15556.000       0.000       15556.000       0.000              23              23
  134        -743.757    -606.954        -743.754    -606.954             134             134
  226          21.525     597.736          21.528     597.737             226             226
   48         550.452    -588.254         550.455    -588.254              48              48
  197        -748.692      39.901        -748.689      39.902             197             197
   66         388.447      30.110         388.449      30.108              66              66
   95         567.229     785.825         567.235     785.824              95              95
  116        -247.955     304.141        -247.949     304.143             116             116
   76           0.810      86.504           0.814      86.507              76              76
  127        -540.666    -163.756        -540.664    -163.750             127             127
  165         400.803    -612.191         400.804    -612.191             165             165
   45        -580.230    -144.351        -580.226    -144.345              45              45
   34        -264.236    -848.070        -264.239    -848.068              34              34
   26        -468.097    -260.045        -468.097    -260.044              26              26
  244        -320.401     524.485        -320.398     524.486             244             244
  221         618.892     337.751         618.895     337.747             221             221
  164         774.965      17.901         774.972      17.896             164             164
  167        -561.075      87.157        -561.067      87.168             167             167
  124         507.832    -883.047         507.831    -883.049             124             124
   54       -1184.877    -570.686       -1184.876    -570.674              54              54
   88        -124.778    -120.380        -124.776    -120.381              88              88
   19        -596.603    -139.219        -596.601    -139.214              19              19
  198        -741.568     301.173        -741.565     301.183             198             198
  107        -343.723    -532.523        -343.736    -532.518             107             107
  185         399.179     -40.156         399.174     -40.165             185             185
  102         556.192     -56.860         556.193     -56.872             102             102
   75         500.110     289.797         500.123     289.786              75              75
  191        -325.123     767.443        -325.102     767.452             191             191
    4          82.539      52.759          82.548      52.769               4               4
   99        -652.840    -920.232        -652.851    -920.214              99              99
   94         137.641    -930.001         137.628    -930.012              94              94
   27        -482.235     531.581        -482.219     531.580              27              27
  234        -131.006     101.000        -131.000     101.000             234             234
   64        -165.886     248.301        -165.874     248.301              64              64
   76        -663.810    1127.592        -663.781    1127.614              76              76
  175        -362.135    -848.904        -362.154    -848.889             175             175
  130          53.307     678.754          53.324     678.757             130             130
  171        -320.695    -306.104        -320.697    -306.084             171             171
   35        -321.284    -761.119        -321.300    -761.112              35              35
  207         185.324     766.511         185.353     766.508             207             207
   43       -1185.651      -2.984       -1185.643      -2.936              43              43
  201        -673.413   -1495.924        -673.455   -1495.904             201             201
  252       -1033.777     543.109       -1033.775     543.134             252             252
   78         322.326    -535.983         322.300    -535.984              78              78
  228        -294.799    -739.658        -294.820    -739.652             228             228
  241        -638.124    -325.210        -638.141    -325.201             241             241
   44           4.214     349.467           4.217     349.467              44              44
  136       -1104.683   -1120.343       -1104.733   -1120.314             136             136
  152        1079.046    -138.054        1079.028    -138.104             152             152
  168        -350.758    -235.057        -350.761    -235.064             168             168
  190        -636.966     628.168        -636.950     628.173             190             190
  241       -1337.405     784.355       -1337.410     784.401             241             241
  188        1395.328     272.284        1395.311     272.255             188             188
  133        -152.757    -902.062        -152.789    -902.048             133             133
   92        -665.515    -180.458        -665.541    -180.439              92              92
  117         218.612    -641.629         218.556    -641.645             117             117
  235         977.679     -24.210         977.655     -24.262             235             235
  168         947.987    -107.060         947.979    -107.112             168             168
   52         197.422     742.355         197.449     742.338              52              52
  239         730.059     -38.047         730.062     -38.076             239             239
   11        -242.677     357.478        -242.659     357.483              11              11
  146         -32.116     165.347         -32.118     165.349             146             146
   11         -33.503     392.134         -33.510     392.141              11              11
  245        1331.056    -130.624        1331.042    -130.668             245             245
  211          38.000      -0.001          38.000       0.000             211             211
   88        1331.027     130.719        1331.041     130.671              88              88
  165         -33.514    -392.149         -33.509    -392.142             165             165
   85         -32.121    -165.349         -32.118    -165.348              85              85
    4        -242.637    -357.490        -242.658    -357.483               4               4
  201         730.065      38.113         730.061      38.078             201             201
   37         197.483    -742.317         197.450    -742.338              37              37
   48         947.969     107.180         947.978     107.115              48              48
  147         977.623      24.330         977.655      24.263             147             147
   33         218.478     641.670         218.554     641.647              33              33
  126        -665.579     180.411        -665.542     180.438             126             126
  119        -152.839     902.030        -152.792     902.049             119             119
   19        1395.286    -272.210        1395.311    -272.253              19              19
  170       -1337.417    -784.473       -1337.410    -784.403             170             170
  255        -636.924    -628.182        -636.949    -628.174             255             255
  171        -350.766     235.076        -350.762     235.064             171             171
   83        1078.998     138.188        1079.028     138.104              83              83
  190       -1104.825    1120.260       -1104.736    1120.312             190             190
  156           4.224    -349.468           4.218    -349.467             156             156
   15        -638.173     325.184        -638.141     325.201              15              15
   67        -294.864     739.639        -294.822     739.651              67              67
  249         322.247     535.986         322.299     535.985             249             249
  133       -1033.769    -543.187       -1033.774    -543.135             133             133
   46        -673.547    1495.859        -673.458    1495.902              46              46
  161       -1185.625       2.827       -1185.643       2.934             161             161
  186         185.421    -766.502         185.354    -766.508             186             186
   30        -321.339     761.095        -321.301     761.111              30              30
  172        -320.704     306.036        -320.698     306.084             172             172
   77          53.370    -678.765          53.325    -678.757              77              77
   42        -362.209     848.846        -362.156     848.888              42              42
  162        -663.699   -1127.677        -663.779   -1127.615             162             162
   32        -165.838    -248.299        -165.873    -248.301              32              32
  130        -130.982    -100.999        -131.000    -101.000             130             130
   71        -482.166    -531.582        -482.218    -531.581              71              71
  117         137.583     930.047         137.627     930.012             117             117
  135        -652.892     920.150        -652.853     920.213             135             135
   17          82.581     -52.804          82.548     -52.769              17              17
  155        -325.017    -767.488        -325.100    -767.453             155             155
  183         500.175    -289.737         500.123    -289.784             183             183
  164         556.195      56.926         556.193      56.873             164             164
  189         399.151      40.207         399.174      40.166             189             189
   53        -343.799     532.495        -343.738     532.518              53              53
   27        -741.547    -301.237        -741.564    -301.184              27              27
  208        -596.591     139.185        -596.601     139.213             208             208
  224        -124.768     120.387        -124.777     120.381             224             224
   27       -1184.875     570.599       -1184.877     570.672              27              27
  123         507.817     883.063         507.830     883.050             123             123
   51        -561.014     -87.244        -561.067     -87.169              51              51
  217         775.021     -17.864         774.972     -17.896             217             217
   24         618.922    -337.716         618.896    -337.746              24              24
   67        -320.364    -524.496        -320.396    -524.487              67              67
   28        -468.099     260.038        -468.097     260.044              28              28
   17        -264.274     848.048        -264.240     848.067              17              17
  200        -580.187     144.285        -580.226     144.344             200             200
   75         400.803     612.198         400.803     612.192              75              75
  179        -540.631     163.666        -540.664     163.749             179             179
  130           0.886     -86.548           0.815     -86.507             130             130
  106        -247.847    -304.198        -247.949    -304.144             106             106
   95         567.378    -785.783         567.237    -785.823              95              95
  207         388.507     -30.063         388.449     -30.107             207             207
  148        -748.591     -39.952        -748.689     -39.903             148             148
    2         550.543     588.288         550.454     588.255               2               2
  240          21.749    -597.741          21.529    -597.736             240             240
   23        -743.405     606.890        -743.755     606.952              23              23
