SINAL     NFT                         FFT                         NFT INVERSA     FFT INVERSA
-----     -----------------------     -----------------------     -----------     -----------
  116       16733.000       0.000       16733.000       0.000             116             116
   94        -389.790     205.211        -389.787     205.211              94              94
  122         -72.145    -523.314         -72.142    -523.314             122             122
   87        -885.454    -500.180        -885.451    -500.179              87              87
  247        -310.779     520.856        -310.777     520.857             247             247
   85        1313.051    -219.590        1313.053    -219.592              85              85
  148         484.288    -493.631         484.291    -493.632             148             148
  100        -151.189    -777.566        -151.187    -777.567             100             100
  167        -122.729     865.871        -122.721     865.871             167             167
   37        -262.373    -875.127        -262.374    -875.126              37              37
  133        -251.323     603.230        -251.319     603.232             133             133
  212         617.403    -829.964         617.399    -829.967             212             212
   18         238.777    -319.369         238.776    -319.374              18              18
  179        1158.054     -90.273        1158.058     -90.286             179             179
   92        -406.276     605.974        -406.264     605.975              92              92
   62         285.919      -3.448         285.922      -3.452              62              62
  174         217.675    -239.012         217.678    -239.019             174             174
   97          78.659     382.881          78.667     382.872              97              97
   68         424.186    1750.406         424.211    1750.402              68              68
  204         222.444    -504.914         222.447    -504.913             204             204
  118        -574.902     320.162        -574.892     320.165             118             118
  252          70.581     964.042          70.596     964.042             252             252
  136         183.198      82.778         183.204      82.778             136             136
  254         285.525     723.212         285.543     723.209             254             254
  154        -628.899     653.363        -628.884     653.379             154             154
  170         700.478      19.136         700.486      19.133             170             170
  134       -1120.904     -57.850       -1120.899     -57.828             134             134
  245         295.435     449.574         295.442     449.573             245             245
  201        -108.740    -108.440        -108.738    -108.434             201             201
   74         234.515     473.993         234.530     473.992              74              74
  139        -715.426     364.871        -715.413     364.893             139             139
   61        -625.914    -323.040        -625.927    -323.023              61              61
  169         865.993     447.014         866.000     447.000             169             169
    6        -130.766     250.552        -130.757     250.565               6               6
  148         535.143    -497.171         535.138    -497.177             148             148
  160        -217.532     177.501        -217.519     177.506             160             160
   92        -327.891    1106.291        -327.861    1106.313              92              92
   40        -293.542    -908.600        -293.566    -908.574              40              40
    4         530.290    -908.879         530.265    -908.891               4               4
    3         834.083     185.300         834.097     185.277               3               3
   77         253.550    -564.993         253.556    -565.006              77              77
  138         -93.496    1685.506         -93.426    1685.519             138             138
  216       -1946.215   -1504.283       -1946.250   -1504.215             216             216
   95         153.765    -405.290         153.743    -405.304              95              95
   62        -113.183     210.778        -113.179     210.774              62              62
   52        -307.892    -201.074        -307.905    -201.076              52              52
  157         606.266     826.338         606.283     826.311             157             157
  237         671.964     829.157         671.998     829.141             237             237
  149         182.281     692.972         182.322     692.981             149             149
  225         -50.066     579.620         -50.022     579.650             225             225
  185       -1472.298    -981.288       -1472.319    -981.221             185             185
   11        -169.545     -91.347        -169.551     -91.336              11              11
  222        -444.041    -536.361        -444.057    -536.345             222             222
   65        -628.520    -285.557        -628.534    -285.547              65              65
   10        -613.594     796.716        -613.583     796.733              10              10
  121         173.385      67.448         173.369      67.447             121             121
  236         330.041     415.490         330.049     415.485             236             236
  144         -77.108    -223.887         -77.119    -223.879             144             144
  110        -377.086      19.417        -377.099      19.422             110             110
  181         730.103    1004.932         730.126    1004.902             181             181
  218         600.686     972.031         600.727     972.027             218             218
  250         418.245     613.597         418.286     613.617             250             250
  242        -540.101    -432.914        -540.104    -432.861             242             242
  131        -280.638     -62.821        -280.643     -62.792             131             131
    1         143.000      -0.013         143.000       0.000               1               1
  134        -280.647      62.759        -280.642      62.790             134             134
   36        -540.110     432.803        -540.105     432.860              36              36
   93         418.333    -613.639         418.287    -613.617              93              93
  174         600.776    -972.022         600.728    -972.027             174             174
   41         730.157   -1004.866         730.128   -1004.901              41              41
   97        -377.116     -19.430        -377.100     -19.422              97              97
  252         -77.133     223.869         -77.120     223.879             252             252
  180         330.060    -415.479         330.049    -415.485             180             180
   57         173.348     -67.446         173.370     -67.447              57              57
   92        -613.566    -796.757        -613.582    -796.733              92              92
  242        -628.555     285.532        -628.535     285.545             242             242
  110        -444.082     536.320        -444.058     536.344             110             110
  250        -169.561      91.318        -169.551      91.335             250             250
  223       -1472.353     981.114       -1472.320     981.219             223             223
    3         -49.950    -579.698         -50.021    -579.651               3               3
  220         182.391    -692.996         182.323    -692.981             220             220
  153         672.060    -829.111         672.000    -829.140             153             153
   15         606.319    -826.260         606.285    -826.309              15              15
  186        -307.930     201.078        -307.905     201.075             186             186
  219        -113.171    -210.764        -113.179    -210.773             219             219
   25         153.700     405.332         153.743     405.304              25              25
   51       -1946.324    1504.073       -1946.252    1504.212              51              51
  199         -93.274   -1685.545         -93.422   -1685.519             199             199
  169         253.567     565.035         253.555     565.006             169             169
  162         834.129    -185.222         834.098    -185.276             162             162
  124         530.202     908.921         530.264     908.892             124             124
  132        -293.630     908.508        -293.568     908.573             132             132
  156        -327.785   -1106.372        -327.860   -1106.314             156             156
  111        -217.483    -177.519        -217.518    -177.506             111             111
    8         535.123     497.192         535.137     497.177               8               8
  158        -130.730    -250.604        -130.756    -250.565             158             158
  245         866.021    -446.958         866.000    -447.000             245             245
   44        -625.966     322.964        -625.927     323.022              44              44
  252        -715.370    -364.968        -715.413    -364.894             252             252
  164         234.587    -473.988         234.532    -473.992             164             164
   86        -108.730     108.413        -108.738     108.434              86              86
   94         295.475    -449.569         295.444    -449.573              94              94
  160       -1120.878      57.739       -1120.899      57.826             160             160
   10         700.519     -19.116         700.486     -19.132              10              10
  152        -628.816    -653.451        -628.884    -653.380             152             152
  253         285.632    -723.195         285.545    -723.209             253             253
  253         183.233     -82.774         183.204     -82.777             253             253
    6          70.679    -964.039          70.598    -964.042               6               6
  247        -574.835    -320.186        -574.891    -320.166             247             247
  221         222.462     504.911         222.447     504.914             221             221
   10         424.373   -1750.374         424.215   -1750.401              10              10
  211          78.725    -382.816          78.668    -382.872             211             211
  118         217.694     239.067         217.678     239.019             118             118
   25         285.949       3.483         285.923       3.453              25              25
  141        -406.168    -605.980        -406.263    -605.974             141             141
   81        1158.096      90.416        1158.058      90.289              81              81
   51         238.769     319.425         238.776     319.375              51              51
  192         617.344     830.013         617.397     829.969             192             192
   25        -251.263    -603.247        -251.317    -603.231              25              25
  220        -262.406     875.106        -262.376     875.125             220             220
   99        -122.598    -865.873        -122.720    -865.871              99              99
  149        -151.172     777.582        -151.189     777.566             149             149
   97         484.343     493.660         484.290     493.634              97              97
    0        1313.085     219.672        1313.053     219.594               0               0
    5        -310.696    -520.884        -310.776    -520.857               5               5
  105        -885.370     500.116        -885.452     500.177             105             105
  158         -71.967     523.283         -72.143     523.314             158             158
  250        -389.328    -205.272        -389.787    -205.213             250             250
