SINAL     NFT                         FFT                         NFT INVERSA     FFT INVERSA
-----     -----------------------     -----------------------     -----------     -----------
  158       15857.000       0.000       15857.000       0.000             158             158
  131         633.250      94.810         633.253      94.810             131             131
  117         687.881    -241.999         687.885    -241.999             117             117
  173        -199.489    -347.615        -199.486    -347.616             173             173
  134         479.053     854.984         479.059     854.983             134             134
   60         -55.427     216.143         -55.421     216.144              60              60
  119        -994.049     412.438        -994.044     412.443             119             119
  188           5.785    -375.509           5.786    -375.507             188             188
  140        -286.096    -422.274        -286.095    -422.272             140             140
  186        -380.742    -445.466        -380.742    -445.464             186             186
  196          22.988       9.305          22.990       9.303             196             196
   93         112.095     707.464         112.100     707.464              93              93
  228         464.978      39.833         464.980      39.833             228             228
   13         108.353      98.307         108.356      98.309              13              13
   97         304.718     292.263         304.722     292.266              97              97
  178         907.734    -781.326         907.733    -781.329             178             178
    7        -831.560    -927.383        -831.565    -927.375               7               7
  139         763.077     149.962         763.082     149.952             139             139
  214        -414.792    -371.263        -414.792    -371.261             214             214
  224         782.522     894.295         782.536     894.285             224             224
  176           5.553    -115.141           5.562    -115.138             176             176
   56        -946.380     329.960        -946.372     329.976              56              56
  196         242.509    -850.323         242.496    -850.325             196             196
   28         800.411     102.071         800.418     102.057              28              28
  207        -455.599    -276.170        -455.595    -276.167             207             207
   64        -377.256     517.585        -377.246     517.584              64              64
  148         459.402    1507.548         459.431    1507.547             148             148
   82        -130.541     -46.801        -130.532     -46.784              82              82
  139        -970.885    -811.308        -970.897    -811.285             139             139
  147          97.888      44.791          97.886      44.788             147             147
  118        -111.330     500.765        -111.321     500.772             118             118
   41        -153.572    -561.433        -153.583    -561.425              41              41
   23        -857.991      58.981        -858.000      59.000              23              23
  236         802.474    -176.180         802.455    -176.196             236             236
  215        1112.248     -45.828        1112.244     -45.854             215             215
  158         717.380     311.512         717.392     311.494             158             158
   41        1025.202     229.001        1025.224     228.978              41              41
   78        -464.069     403.094        -464.042     403.108              78              78
   90         -47.677      71.021         -47.668      71.024              90              90
  181          72.787     836.636          72.816     836.641             181             181
    9         -50.758    -254.216         -50.755    -254.209               9               9
   30        -350.656    1548.269        -350.611    1548.294              30              30
   19         100.417    -598.710         100.401    -598.687              19              19
  237         690.405    -120.172         690.414    -120.177             237             237
   44        -605.860     -22.580        -605.846     -22.548              44              44
  116         176.370    -171.404         176.379    -171.390             116             116
  159       -1512.368    -934.351       -1512.394    -934.297             159             159
   51         810.637    -390.295         810.623    -390.320              51              51
    0        -858.431    -321.397        -858.435    -321.375              -0               0
  118        -108.796     297.607        -108.788     297.604             118             118
   20        -738.975     854.190        -738.954     854.226              20              20
  177        -325.705    -572.324        -325.743    -572.299             177             177
  174         676.539     488.011         676.544     487.999             174             174
  217         121.114     266.554         121.123     266.581             217             217
  205          68.484   -1493.603          68.432   -1493.585             205             205
  125         108.876    -712.105         108.851    -712.114             125             125
   25          48.460    -492.297          48.446    -492.313              25              25
   98        -447.760     689.287        -447.738     689.299              98              98
  208         -97.945       2.454         -97.956       2.472             208             208
  164         100.067    -360.440         100.041    -360.429             164             164
  245         477.407    -853.164         477.375    -853.180             245             245
   71       -1324.018    -597.281       -1324.062    -597.246              71              71
  206        1286.557     157.513        1286.531     157.446             206             206
   12         877.111     202.260         877.117     202.219              12              12
   51         263.000       0.013         263.000       0.000              51              51
  165         877.124    -202.175         877.117    -202.218             165             165
  170        1286.502    -157.371        1286.530    -157.444             170             170
   92       -1324.112     597.203       -1324.064     597.243              92              92
  243         477.337     853.199         477.374     853.181             243             243
    5         100.011     360.417         100.041     360.429               5               5
   18         -97.970      -2.494         -97.957      -2.472              18              18
  253        -447.708    -689.316        -447.737    -689.301             253             253
   35          48.426     492.334          48.445     492.313              35              35
   37         108.817     712.125         108.850     712.114              37              37
  234          68.356    1493.560          68.429    1493.585             234             234
   80         121.136    -266.619         121.123    -266.581              80              80
  154         676.551    -487.982         676.544    -487.999             154             154
  138        -325.802     572.261        -325.744     572.298             138             138
  132        -738.919    -854.284        -738.953    -854.228             132             132
  155        -108.775    -297.602        -108.787    -297.606             155             155
    1        -858.441     321.339        -858.435     321.375               1               1
  152         810.600     390.364         810.623     390.321             152             152
   76       -1512.444     934.195       -1512.396     934.294              76              76
  175         176.396     171.365         176.379     171.390             175             175
  114        -605.820      22.485        -605.846      22.546             114             114
   26         690.431     120.189         690.414     120.178              26              26
   45         100.368     598.640         100.400     598.687              45              45
  139        -350.513   -1548.349        -350.609   -1548.295             139             139
  124         -50.750     254.193         -50.756     254.209             124             124
  253          72.884    -836.653          72.818    -836.641             253             253
   48         -47.646     -71.032         -47.667     -71.025              48              48
  114        -463.976    -403.143        -464.041    -403.108             114             114
   68        1025.279    -228.917        1025.223    -228.976              68              68
  254         717.427    -311.445         717.393    -311.492             254             254
  127        1112.234      45.930        1112.244      45.856             127             127
  120         802.399     176.245         802.455     176.198             120             120
  163        -858.028     -59.056        -858.000     -59.000             163             163
   42        -153.620     561.398        -153.584     561.424              42              42
  212        -111.288    -500.798        -111.320    -500.773             212             212
  151          97.879     -44.778          97.886     -44.789             151             151
   47        -970.943     811.200        -970.898     811.283              47              47
  231        -130.500      46.718        -130.532      46.783             231             231
  148         459.548   -1507.539         459.433   -1507.546             148             148
   83        -377.202    -517.583        -377.245    -517.585              83              83
   13        -455.575     276.155        -455.595     276.167              13              13
  127         800.454    -101.988         800.419    -102.055             127             127
  164         242.428     850.333         242.494     850.325             164             164
  168        -946.330    -330.067        -946.371    -329.978             168             168
    9           5.607     115.121           5.562     115.138               9               9
   40         782.627    -894.225         782.538    -894.283              40              40
   67        -414.794     371.251        -414.793     371.261              67              67
   10         763.113    -149.878         763.082    -149.950              10              10
  193        -831.599     927.322        -831.565     927.375             193             193
  144         907.722     781.358         907.732     781.331             144             144
  186         304.761    -292.286         304.723    -292.265             186             186
   51         108.387     -98.325         108.356     -98.309              51              51
  171         465.003     -39.824         464.981     -39.832             171             171
  231         112.165    -707.462         112.101    -707.464             231             231
  190          23.002      -9.284          22.989      -9.303             190             190
   40        -380.752     445.438        -380.744     445.464              40              40
  229        -286.081     422.230        -286.095     422.271             229             229
  238           5.804     375.465           5.786     375.507             238             238
  154        -993.929    -412.564        -994.043    -412.445             154             154
   41         -55.273    -216.175         -55.420    -216.144              41              41
  236         479.258    -854.940         479.059    -854.982             236             236
   26        -199.349     347.616        -199.487     347.616              26              26
  161         688.102     242.045         687.884     242.000             161             161
  144         633.678     -94.772         633.254     -94.809             144             144
