SINAL     NFT                         FFT                         NFT INVERSA     FFT INVERSA
-----     -----------------------     -----------------------     -----------     -----------
   90       15654.000       0.000       15654.000       0.000              90              90
  133         -37.250     311.235         -37.247     311.235             133             133
  214        -999.272     460.734        -999.268     460.735             214             214
   41          35.540     697.800          35.543     697.800              41              41
   89        1088.335     312.703        1088.338     312.701              89              89
  190         439.926    -647.765         439.928    -647.766             190             190
   18        -315.165     970.065        -315.158     970.066              18              18
   74        1106.523    -415.658        1106.524    -415.662              74              74
   91         479.798     826.024         479.808     826.022              91              91
   28         299.397     679.462         299.407     679.464              28              28
   18        -398.074    -918.282        -398.073    -918.278              18              18
  170         159.441     952.138         159.452     952.136             170             170
   94        -115.178     490.710        -115.167     490.715              94              94
   15        -535.434      72.392        -535.427      72.402              15              15
  192        -583.329    -515.702        -583.328    -515.692             192             192
   73        -919.306    -308.953        -919.307    -308.944              73              73
   29        -145.320     -29.535        -145.321     -29.532              29              29
  182         -63.666    -138.424         -63.667    -138.422             182             182
  121          -0.151     336.095          -0.145     336.099             121             121
    4           2.737    -215.343           2.739    -215.336               4               4
   91       -1012.705    -776.820       -1012.715    -776.803              91              91
  211         -96.001    -768.478         -96.018    -768.480             211             211
  150        1001.603     554.833        1001.608     554.818             150             150
   54         621.568    -334.374         621.569    -334.381              54              54
  126         247.490       4.282         247.500       4.278             126             126
   24        -115.729     198.237        -115.717     198.242              24              24
   65        -543.010    -638.135        -543.016    -638.125              65              65
  246         546.135    -129.940         546.138    -129.954             246             246
  116        -314.551     704.642        -314.529     704.647             116             116
  186        -570.820     296.314        -570.812     296.332             186             186
  238         352.226    -263.556         352.223    -263.553             238             238
  206         405.089    -744.648         405.089    -744.656             206             206
   64       -1320.014     241.976       -1320.000     242.000              64              64
  197         -29.050     523.034         -29.040     523.040             197             197
  248          87.194    -273.099          87.196    -273.092             248             248
  153        -801.233    -478.366        -801.239    -478.348             153             153
  132         -54.961    1340.575         -54.927    1340.592             132             132
   11        -756.904   -1442.647        -756.936   -1442.607              11              11
  228        -158.908   -1014.369        -158.933   -1014.360             228             228
  223        -533.454   -1799.372        -533.497   -1799.372             223             223
   40        -556.815     -11.122        -556.818     -11.133              40              40
  247       -1088.519      47.281       -1088.532      47.288             247             247
  137         247.906     984.134         247.912     984.117             137             137
  134         285.472     393.301         285.474     393.295             134             134
    6          34.423     104.707          34.421     104.709               6               6
   74        -203.927     -25.858        -203.935     -25.854              74              74
  208          53.866     582.531          53.869     582.534             208             208
   36         780.663    -373.908         780.647    -373.926              36              36
    1         157.308     162.474         157.321     162.468               1               1
   73        -847.555     150.543        -847.556     150.573              73              73
   40         463.823    -115.768         463.807    -115.780              40              40
   92          -1.446    -448.467          -1.467    -448.476              92              92
   28         177.866     887.830         177.882     887.816              28              28
  191        1164.772     888.035        1164.805     888.013             191             191
  147        -527.707    -604.428        -527.720    -604.393             147             147
  154         176.418     -22.764         176.412     -22.767             154             154
  215         189.507     162.611         189.509     162.610             215             215
  213         492.842      70.329         492.850      70.322             213             213
  145        -152.209    -180.540        -152.207    -180.523             145             145
   76        -157.828      42.486        -157.822      42.505              76              76
  144        -763.279    -399.811        -763.306    -399.767             144             144
  128         259.953    -982.831         259.893    -982.842             128             128
   27         255.251      41.751         255.236      41.735              27              27
  208         653.806   -1006.929         653.753   -1006.969             208             208
   69         770.000       0.066         770.000       0.000              69              69
   19         653.696    1007.012         653.751    1006.971              19              19
  106         255.220     -41.718         255.236     -41.734             106             106
  201         259.825     982.855         259.891     982.842             201             201
   31        -763.336     399.713        -763.306     399.765              31              31
   79        -157.815     -42.527        -157.822     -42.505              79              79
  169        -152.204     180.503        -152.207     180.523             169             169
   71         492.860     -70.313         492.849     -70.322              71              71
   70         189.514    -162.610         189.510    -162.610              70              70
   50         176.404      22.772         176.412      22.768              50              50
  206        -527.739     604.344        -527.721     604.392             206             206
   76        1164.854    -887.979        1164.806    -888.010              76              76
  125         177.908    -887.795         177.884    -887.816             125             125
  158          -1.502     448.490          -1.469     448.477             158             158
  113         463.780     115.798         463.806     115.780             113             113
  126        -847.558    -150.623        -847.557    -150.574             126             126
  231         157.342    -162.458         157.321    -162.468             231             231
  153         780.619     373.961         780.646     373.928             153             153
  219          53.876    -582.538          53.870    -582.534             219             219
    3        -203.953      25.845        -203.936      25.854               3               3
   88          34.417    -104.712          34.421    -104.709              88              88
  111         285.477    -393.283         285.473    -393.295             111             111
  158         247.928    -984.080         247.914    -984.116             158             158
   48       -1088.560     -47.305       -1088.532     -47.290              48              48
   68        -556.823      11.158        -556.818      11.133              68              68
   47        -533.601    1799.373        -533.500    1799.372              47              47
  124        -158.995    1014.338        -158.935    1014.360             124             124
  213        -757.018    1442.506        -756.939    1442.605             213             213
  175         -54.838   -1340.633         -54.925   -1340.591             175             175
  151        -801.254     478.297        -801.240     478.346             151             151
  166          87.199     273.071          87.195     273.092             166             166
  244         -29.010    -523.059         -29.039    -523.041             244             244
  171       -1319.959    -242.072       -1320.000    -242.000             171             171
   16         405.084     744.680         405.088     744.656              16              16
  190         352.214     263.547         352.222     263.554             190             190
  202        -570.783    -296.397        -570.811    -296.333             202             202
   95        -314.448    -704.666        -314.528    -704.647              95              95
  103         546.149     130.010         546.138     129.955             103             103
   17        -543.044     638.083        -543.017     638.124              17              17
  165        -115.664    -198.264        -115.717    -198.242             165             165
  154         247.540      -4.261         247.500      -4.278             154             154
  224         621.573     334.415         621.569     334.382             224             224
  242        1001.635    -554.740        1001.609    -554.816             242             242
   24         -96.109     768.490         -96.019     768.480              24              24
  126       -1012.769     776.709       -1012.716     776.802             126             126
  100           2.750     215.296           2.739     215.336             100             100
  151          -0.107    -336.124          -0.145    -336.099             151             151
  101         -63.670     138.405         -63.667     138.421             101             101
  253        -145.324      29.508        -145.321      29.532             253             253
  114        -919.314     308.859        -919.307     308.941             114             114
  104        -583.322     515.610        -583.329     515.692             104             104
   86        -535.359     -72.497        -535.426     -72.404              86              86
  225        -115.058    -490.767        -115.166    -490.715             225             225
    7         159.588    -952.123         159.455    -952.137               7               7
  134        -398.071     918.232        -398.075     918.277             134             134
   38         299.551    -679.484         299.409    -679.463              38              38
   54         479.958    -825.982         479.809    -826.021              54              54
    3        1106.545     415.745        1106.524     415.664               3               3
  252        -315.023    -970.090        -315.157    -970.067             252             252
  230         439.971     647.805         439.927     647.767             230             230
  155        1088.438    -312.642        1088.339    -312.699             155             155
  162          35.674    -697.802          35.544    -697.800             162             162
  219        -999.047    -460.798        -999.268    -460.737             219             219
   70         -36.796    -311.204         -37.247    -311.235              70              70
