SINAL     NFT                         FFT                         NFT INVERSA     FFT INVERSA
-----     -----------------------     -----------------------     -----------     -----------
  190       16556.000       0.000       16556.000       0.000             190             190
   63         797.830     536.448         797.834     536.448              63              63
  157         260.048      87.185         260.052      87.185             157             157
  121        -681.706    -335.007        -681.702    -335.006             121             121
  209        -263.113    -443.370        -263.112    -443.370             209             209
  125          99.680     317.070          99.684     317.070             125             125
  192         697.410    -129.625         697.413    -129.626             192             192
  171         555.807     243.041         555.813     243.041             171             171
  142        -527.168    -574.867        -527.167    -574.863             142             142
   92         631.749    -446.217         631.750    -446.220              92              92
   38          60.377     -14.857          60.383     -14.858              38              38
  150        -584.294    -136.878        -584.290    -136.874             150             150
   51        -204.169    -649.767        -204.170    -649.767              51              51
  104        -932.801     -29.975        -932.800     -29.972             104             104
  239        -158.864     184.513        -158.868     184.510             239             239
  108        1676.924    1367.727        1676.936    1367.713             108             108
  229         504.589    -137.098         504.595    -137.100             229             229
  240         168.587     344.940         168.598     344.939             240             240
  222        -399.080    -165.752        -399.077    -165.748             222             222
   23         470.783     800.196         470.796     800.190              23              23
  156        -122.022     511.619        -122.009     511.625             156             156
   50         174.119    -190.218         174.123    -190.219              50              50
  165        -124.218    1312.178        -124.192    1312.186             165             165
  130        -285.970      -2.582        -285.963      -2.566             130             130
  156        -613.255    -283.135        -613.254    -283.116             156             156
  232       -1014.633    -729.878       -1014.651    -729.858             232             232
  187        1056.547     -58.495        1056.543     -58.513             187             187
   12        -633.867    -166.700        -633.869    -166.688              12              12
   78         570.341    -634.783         570.326    -634.799              78              78
  108         431.037     939.495         431.056     939.482             108             108
   18         283.814     800.432         283.833     800.435              18              18
   12          83.975    -603.464          83.969    -603.460              12              12
  171        -134.009     383.996        -134.000     384.000             171             171
  175         950.747    -458.998         950.747    -459.022             175             175
  134       -1300.437    1404.728       -1300.403    1404.755             134             134
  125         798.830     871.338         798.844     871.339             125             125
   45         324.267    -570.132         324.260    -570.125              45              45
   71         232.079      40.421         232.089      40.421              71              71
   40         -77.558     509.887         -77.536     509.899              40              40
  187        -188.584    -251.417        -188.584    -251.399             187             187
  163         165.183     -85.088         165.189     -85.084             163             163
   79        -592.232    -230.107        -592.231    -230.086              79              79
   81        -139.356    -120.734        -139.358    -120.732              81              81
  215        -709.750     663.943        -709.739     663.963             215             215
  184         701.758     676.596         701.772     676.591             184             184
   65        -439.391     -63.034        -439.394     -63.002              65              65
   68         870.978    -210.586         870.976    -210.598              68              68
  157        -472.753       0.529        -472.741       0.554             157             157
   50        -250.604     156.875        -250.595     156.899              50              50
   34        -634.202    -396.885        -634.217    -396.847              34              34
  181        -435.670    -663.069        -435.705    -663.048             181             181
  206         224.469    -139.495         224.450    -139.499             206             206
   84          34.682    -553.768          34.653    -553.773              84              84
   90         290.463      33.104         290.455      33.084              90              90
   80         335.790     437.688         335.803     437.668              80              80
  241        -374.854    1290.990        -374.817    1291.018             241             241
   66         291.260    -328.846         291.233    -328.830              66              66
   12          19.474     -44.735          19.453     -44.720              12              12
  253        1379.741    -496.304        1379.715    -496.348             253             253
  145         263.441     294.136         263.462     294.131             145             145
  120         446.284    -343.652         446.282    -343.665             120             120
   16        -512.590     334.634        -512.578     334.650              16              16
  158         730.396     684.246         730.418     684.224             158             158
   36         155.469     891.670         155.511     891.692              36              36
  191        -100.000      -0.049        -100.000       0.000             191             191
   36         155.558    -891.717         155.513    -891.693              36              36
  161         730.444    -684.200         730.420    -684.223             161             161
  237        -512.563    -334.670        -512.577    -334.652             237             237
  107         446.278     343.682         446.281     343.666             107             107
  202         263.486    -294.124         263.462    -294.131             202             202
  168        1379.684     496.404        1379.714     496.350             168             168
   15          19.427      44.701          19.453      44.719              15              15
   25         291.198     328.812         291.233     328.831              25              25
  250        -374.764   -1291.056        -374.815   -1291.019             250             250
  231         335.821    -437.640         335.803    -437.668             231             231
  209         290.443     -33.053         290.455     -33.083             209             209
   59          34.609     553.778          34.652     553.772              59              59
   43         224.421     139.508         224.450     139.500              43              43
  110        -435.762     663.014        -435.707     663.047             110             110
  110        -634.242     396.785        -634.218     396.846             110             110
   77        -250.580    -156.940        -250.595    -156.900              77              77
   35        -472.722      -0.599        -472.741      -0.555              35              35
   60         870.970     210.621         870.975     210.599              60              60
  162        -439.400      62.941        -439.394      63.001             162             162
  125         701.802    -676.581         701.774    -676.590             125             125
  140        -709.714    -664.006        -709.737    -663.965             140             140
  147        -139.361     120.727        -139.358     120.731             147             147
  192        -592.231     230.042        -592.231     230.085             192             192
  152         165.202      85.075         165.188      85.084             152             152
  145        -188.585     251.360        -188.584     251.399             145             145
   81         -77.483    -509.929         -77.536    -509.900              81              81
   17         232.114     -40.418         232.090     -40.420              17              17
  161         324.241     570.106         324.259     570.125             161             161
  239         798.885    -871.337         798.846    -871.337             239             239
   53       -1300.306   -1404.831       -1300.400   -1404.758              53              53
   97         950.744     459.094         950.746     459.024              97              97
   20        -133.972    -384.011        -134.000    -384.000              20              20
  214          83.947     603.447          83.968     603.459             214             214
   78         283.901    -800.443         283.835    -800.434              78              78
  128         431.125    -939.433         431.058    -939.481             128             128
  160         570.269     634.858         570.325     634.799             160             160
  247        -633.881     166.640        -633.870     166.687             247             247
  144        1056.525      58.582        1056.543      58.514             144             144
  186       -1014.725     729.772       -1014.652     729.856             186             186
  241        -613.255     283.029        -613.255     283.115             241             241
  119        -285.931       2.487        -285.963       2.565             119             119
  139        -124.063   -1312.220        -124.190   -1312.186             139             139
   45         174.142     190.223         174.123     190.219              45              45
  162        -121.939    -511.658        -122.009    -511.626             162             162
  250         470.880    -800.153         470.798    -800.189             250             250
  155        -399.059     165.724        -399.077     165.748             155             155
  240         168.676    -344.934         168.600    -344.939             240             240
   30         504.638     137.118         504.595     137.101              30              30
  215        1677.037   -1367.584        1676.938   -1367.709             215             215
  147        -158.895    -184.479        -158.868    -184.510             147             147
  156        -932.797      29.940        -932.800      29.971             156             156
  100        -204.184     649.768        -204.171     649.767             100             100
   39        -584.246     136.826        -584.290     136.874              39              39
   93          60.458      14.868          60.384      14.858              93              93
  253         631.768     446.273         631.751     446.221             253             253
  184        -527.148     574.797        -527.167     574.862             184             184
  175         555.919    -243.021         555.813    -243.039             175             175
   14         697.463     129.667         697.412     129.627              14              14
   90          99.766    -317.066          99.684    -317.070              90              90
  159        -263.059     443.346        -263.112     443.369             159             159
   67        -681.567     334.921        -681.703     335.005              67              67
  187         260.318     -87.200         260.052     -87.185             187             187
  180         798.325    -536.394         797.835    -536.447             180             180
