SINAL     NFT                         FFT                         NFT INVERSA     FFT INVERSA
-----     -----------------------     -----------------------     -----------     -----------
  127       16574.000       0.000       16574.000       0.000             127             127
  112        1468.693     -66.370        1468.696     -66.370             112             112
  199         171.858     176.371         171.863     176.371             199             199
  148        -861.681    -152.536        -861.678    -152.534             148             148
  160         -13.880    -420.980         -13.878    -420.979             160             160
  216         945.636    -341.162         945.639    -341.164             216             216
  192          59.039    -156.874          59.045    -156.875             192             192
  229        -877.484     555.704        -877.478     555.708             229             229
   33         553.858    -578.633         553.860    -578.635              33              33
  174        -612.339     365.678        -612.332     365.682             174             174
   87         126.502     161.298         126.508     161.300              87              87
  245        -839.350    -973.708        -839.352    -973.702             245             245
   43        -214.070     414.095        -214.065     414.096              43              43
  241         354.938    -223.783         354.942    -223.784             241             241
  208        -721.467     216.090        -721.461     216.097             208             208
   57        -309.703    -807.498        -309.707    -807.495              57              57
   89        -574.211     199.270        -574.208     199.272              89              89
  168         219.735     875.656         219.745     875.655             168             168
  192        -656.164    -180.317        -656.165    -180.306             192             192
   97         254.297     737.578         254.303     737.580              97              97
   86         621.142    -833.464         621.136    -833.467              86              86
  241        -547.085     425.265        -547.074     425.274             241             241
  218        -217.573     357.052        -217.567     357.063             218             218
   39         109.195    -741.271         109.187    -741.266              39              39
   68         -36.562      93.388         -36.556      93.392              68              68
  126        -480.787     130.168        -480.783     130.187             126             126
  249          74.641   -1909.213          74.610   -1909.213             249             249
  198        -309.521     122.899        -309.520     122.894             198             198
   95         362.483     379.539         362.488     379.529              95              95
  212         105.458     812.737         105.475     812.745             212             212
  117         979.705   -1194.656         979.694   -1194.667             117             117
  223        -685.066     -34.438        -685.048     -34.428             223             223
   68       -1451.000    -165.030       -1451.000    -165.000              68              68
   61        -672.754    -436.713        -672.773    -436.705              61              61
  115         181.912    1084.560         181.928    1084.555             115             115
  229        -497.244    -357.925        -497.261    -357.908             229             229
   22         819.739     712.359         819.751     712.346              22              22
   52        -276.202     499.455        -276.186     499.483              52              52
  203        -374.277   -1393.460        -374.313   -1393.436             203             203
   55        -302.809    -406.271        -302.827    -406.265              55              55
  226         319.481      92.889         319.478      92.887             226             226
   34        -494.221    -756.050        -494.247    -756.029              34              34
   45        -195.323   -1150.954        -195.372   -1150.956              45              45
   13         682.607     -99.198         682.588     -99.231              13              13
   19         635.627    -248.769         635.613    -248.803              19              19
  253         869.778     883.174         869.809     883.144             253             253
   71        -801.481    -259.484        -801.490    -259.457              71              71
  108         373.187    -243.705         373.160    -243.723             108             108
  166        1636.188     591.326        1636.208     591.273             166             166
    8         178.295    -754.585         178.290    -754.598               8               8
  206          46.613     726.983          46.651     726.969             206             206
  253        -399.344     640.402        -399.316     640.421             253             253
  249        -238.938    -753.348        -238.967    -753.346             249             249
  168        -406.759    1231.834        -406.736    1231.841             168             168
   36        1710.589     -60.703        1710.585     -60.758              36              36
   61        -279.635     992.386        -279.586     992.401              61              61
   39          23.212     196.850          23.219     196.859              39              39
   29         498.546    1541.370         498.605    1541.384              29              29
    4          53.442    -846.164          53.419    -846.123               4               4
  134         247.651    -545.490         247.639    -545.479             134             134
  241        -308.045    -904.286        -308.076    -904.269             241             241
  122         685.816     -41.469         685.823     -41.495             122             122
  102        -373.919    -629.383        -373.928    -629.371             102             102
   54          65.987      18.282          66.002      18.269              54              54
  183       -1132.000      -0.041       -1132.000       0.000             183             183
  218          66.017     -18.257          66.002     -18.270             218             218
   28        -373.939     629.358        -373.929     629.371              28              28
  205         685.831      41.526         685.823      41.496             205             205
   14        -308.113     904.249        -308.077     904.269              14              14
  231         247.625     545.465         247.638     545.478             231             231
    5          53.389     846.075          53.418     846.124               5               5
  241         498.683   -1541.399         498.608   -1541.383             241             241
    9          23.228    -196.872          23.219    -196.860               9               9
   50        -279.517    -992.420        -279.584    -992.401              50              50
  255        1710.578      60.839        1710.585      60.762             255             255
   29        -406.702   -1231.852        -406.734   -1231.841              29              29
   48        -239.009     753.342        -238.967     753.345              48              48
   70        -399.273    -640.450        -399.315    -640.421              70              70
  137          46.710    -726.945          46.651    -726.968             137             137
  214         178.280     754.618         178.288     754.599             214             214
   78        1636.241    -591.184        1636.208    -591.272              78              78
   87         373.114     243.757         373.160     243.725              87              87
  211        -801.506     259.409        -801.490     259.457             211             211
   71         869.870    -883.084         869.811    -883.142              71              71
    0         635.586     248.868         635.612     248.803              -0              -0
  248         682.549      99.300         682.587      99.233             248             248
  133        -195.475    1150.961        -195.374    1150.957             133             133
   39        -494.305     755.984        -494.250     756.028              39              39
   22         319.470     -92.880         319.478     -92.886              22              22
  138        -302.872     406.250        -302.828     406.265             138             138
  174        -374.403    1393.379        -374.316    1393.436             174             174
    8        -276.147    -499.553        -276.186    -499.484               8               8
    4         819.783    -712.310         819.752    -712.345               4               4
   20        -497.306     357.864        -497.262     357.907              20              20
   63         181.973   -1084.543         181.929   -1084.555              63              63
  188        -672.831     436.682        -672.774     436.703             188             188
  238       -1451.000     164.910       -1451.000     165.000             238             238
   91        -684.992      34.391        -685.048      34.426              91              91
  138         979.653    1194.707         979.692    1194.668             138             138
  252         105.533    -812.769         105.476    -812.744             252             252
   67         362.510    -379.494         362.489    -379.529              67              67
  144        -309.516    -122.877        -309.520    -122.894             144             144
  238          74.481    1909.212          74.606    1909.213             238             238
   76        -480.769    -130.265        -480.783    -130.187              76              76
  195         -36.532     -93.410         -36.556     -93.392             195             195
  237         109.143     741.244         109.185     741.266             237             237
  106        -217.538    -357.119        -217.568    -357.064             106             106
  243        -547.016    -425.320        -547.073    -425.275             243             243
   51         621.101     833.486         621.134     833.468              51              51
  244         254.347    -737.595         254.305    -737.580             244             244
  202        -656.175     180.238        -656.166     180.305             202             202
  129         219.819    -875.648         219.747    -875.654             129             129
   75        -574.187    -199.289        -574.208    -199.273              75              75
  158        -309.747     807.472        -309.709     807.494             158             158
  201        -721.402    -216.169        -721.460    -216.099             201             201
   76         354.966     223.800         354.941     223.785              76              76
  150        -214.014    -414.109        -214.065    -414.097             150             150
   79        -839.379     973.627        -839.354     973.700              79              79
  115         126.581    -161.327         126.509    -161.300             115             115
  173        -612.233    -365.737        -612.331    -365.683             173             173
  217         553.881     578.662         553.859     578.635             217             217
   33        -877.355    -555.795        -877.476    -555.710              33              33
  181          59.157     156.886          59.044     156.875             181             181
  222         945.713     341.235         945.638     341.166             222             222
   53         -13.823     420.954         -13.879     420.979              53              53
  244        -861.520     152.426        -861.677     152.532             244             244
  155         172.164    -176.386         171.863    -176.371             155             155
   35        1469.150      66.471        1468.696      66.374              35              35
