SINAL     NFT                         FFT                         NFT INVERSA     FFT INVERSA
-----     -----------------------     -----------------------     -----------     -----------
  134       15816.000       0.000       15816.000       0.000             134             134
  248         966.170    1052.736         966.174    1052.736             248             248
   54        -636.019     -51.058        -636.015     -51.057              54              54
  252         330.900     838.897         330.904     838.898             252             252
  240         375.917    -181.583         375.920    -181.582             240             240
  115         543.756     -82.832         543.760     -82.830             115             115
  110        -503.260   -1950.389        -503.263   -1950.386             110             110
  160        1046.849     -81.604        1046.853     -81.608             160             160
  220         -89.519    -326.387         -89.514    -326.386             220             220
  101        -475.413    -883.844        -475.413    -883.843             101             101
  122        -797.522     854.729        -797.514     854.734             122             122
   30         520.586    -521.240         520.584    -521.241              30              30
   37         368.767    -579.378         368.768    -579.382              37              37
   62        -436.860     794.631        -436.849     794.634              62              62
   73          91.567     228.121          91.573     228.124              73              73
  149        -584.348     -19.546        -584.345     -19.536             149             149
    5         128.408    -395.114         128.406    -395.111               5               5
   85         230.449    -256.405         230.451    -256.406              85              85
   98        -272.834      45.510        -272.829      45.516              98              98
  115           8.887       7.619           8.892       7.625             115             115
   44        -575.689    -377.092        -575.690    -377.077              44              44
  255        -505.470   -1671.945        -505.492   -1671.938             255             255
  161        -182.707    -684.565        -182.721    -684.572             161             161
   63         173.837     379.558         173.838     379.546              63              63
   65         981.547     557.305         981.557     557.286              65              65
  249         -51.089     660.934         -51.071     660.938             249             249
  207        -558.590    -184.979        -558.592    -184.966             207             207
   24         259.199    -173.574         259.192    -173.580              24              24
  203         575.634     719.714         575.648     719.704             203             203
    0        -217.421     306.317        -217.414     306.328              -0              -0
  160         571.151     -21.955         571.149     -21.959             160             160
   81         820.721     380.033         820.738     380.027              81              81
  248        -712.999    -447.023        -713.000    -447.000             248             248
  215        -105.455     235.332        -105.451     235.340             215             215
   78         -47.688    -149.205         -47.697    -149.196              78              78
  232         913.229     346.079         913.234     346.070             232             232
   75         682.858    -215.853         682.862    -215.850              75              75
  188         168.027   -1096.638         168.013   -1096.630             188             188
  137         176.188   -1150.408         176.172   -1150.421             137             137
   40        -119.742    1071.624        -119.705    1071.624              40              40
   33        -284.492    -342.569        -284.497    -342.550              33              33
    4         108.992    -176.541         108.988    -176.532               4               4
   71         298.069   -1132.789         298.042   -1132.792              71              71
   71         228.980    -194.650         228.982    -194.660              71              71
   67         211.844    -640.664         211.834    -640.677              67              67
  144         305.142     112.546         305.158     112.529             144             144
  220         -75.549       9.307         -75.535       9.306             220             220
   72         -85.429     237.377         -85.410     237.379              72              72
  229          67.579      -5.114          67.594      -5.111             229             229
   62        -638.794     -76.976        -638.785     -76.951              62              62
  187        -689.088     233.387        -689.087     233.421             187             187
   17        1050.862    -679.462        1050.842    -679.483              17              17
   62        -253.993   -1038.367        -254.007   -1038.366              62              62
   93        -594.391     498.211        -594.366     498.225              93              93
   80        -583.049    -723.077        -583.083    -723.055              80              80
  127         943.117    -351.287         943.104    -351.328             127             127
   87         376.460    -866.183         376.454    -866.220              87              87
   32        -540.261     378.841        -540.220     378.824              32              32
  152       -1050.112    1785.296       -1050.038    1785.331             152             152
   34        -329.069     231.209        -329.065     231.245              34              34
   32         -73.316    -480.531         -73.333    -480.519              32              32
   57        -335.784     751.777        -335.749     751.807              57              57
  116        -988.493   -1442.096        -988.560   -1442.045             116             116
   25         175.660    -348.715         175.624    -348.741              25              25
   16         722.000       0.050         722.000       0.000              16              16
  194         175.587     348.767         175.624     348.741             194             194
    2        -988.635    1441.989        -988.562    1442.044               2               2
   91        -335.708    -751.841        -335.748    -751.808              91              91
  127         -73.354     480.505         -73.334     480.519             127             127
  139        -329.060    -231.288        -329.064    -231.246             139             139
  132       -1049.946   -1785.375       -1050.036   -1785.332             132             132
  161        -540.169    -378.805        -540.219    -378.826             161             161
  143         376.445     866.268         376.453     866.220             143             143
  203         943.086     351.385         943.103     351.329             203             203
  232        -583.129     723.025        -583.083     723.055             232             232
  210        -594.328    -498.248        -594.364    -498.226             210             210
   91        -254.030    1038.364        -254.009    1038.366              91              91
  197        1050.812     679.517        1050.842     679.485             197             197
   27        -689.085    -233.475        -689.086    -233.421              27              27
   64        -638.769      76.910        -638.785      76.950              64              64
    4          67.619       5.106          67.594       5.111               4               4
  214         -85.377    -237.385         -85.409    -237.380             214             214
   82         -75.508      -9.303         -75.534      -9.305              82              82
   66         305.188    -112.496         305.158    -112.528              66              66
   52         211.815     640.701         211.834     640.677              52              52
  163         228.984     194.681         228.981     194.660             163             163
  193         297.985    1132.802         298.040    1132.794             193             193
  139         108.979     176.513         108.988     176.532             139             139
  195        -284.507     342.505        -284.497     342.549             195             195
   90        -119.617   -1071.627        -119.703   -1071.625              90              90
  174         176.130    1150.452         176.171    1150.422             174             174
  228         167.976    1096.612         168.011    1096.631             228             228
  147         682.872     215.843         682.862     215.850             147             147
   35         913.250    -346.045         913.235    -346.069              35              35
  254         -47.723     149.171         -47.698     149.196             254             254
  164        -105.442    -235.364        -105.451    -235.341             164             164
  230        -713.002     446.931        -713.000     447.000             230             230
    0         820.794    -380.002         820.739    -380.025              -0              -0
  255         571.146      21.974         571.150      21.960             255             255
  102        -217.391    -306.367        -217.414    -306.328             102             102
  140         575.702    -719.669         575.649    -719.704             140             140
  132         259.166     173.604         259.191     173.581             132             132
    8        -558.603     184.911        -558.593     184.965               8               8
   28         -50.996    -660.953         -51.070    -660.937              28              28
   79         981.603    -557.201         981.558    -557.285              79              79
  241         173.841    -379.488         173.838    -379.545             241             241
  239        -182.788     684.611        -182.722     684.573             239             239
  170        -505.615    1671.899        -505.496    1671.937             170             170
  182        -575.696     376.991        -575.691     377.075             182             182
   11           8.920      -7.657           8.892      -7.625              11              11
  235        -272.796     -45.552        -272.829     -45.516             235             235
  186         230.461     256.410         230.451     256.406             186             186
  226         128.387     395.094         128.405     395.111             226             226
   61        -584.322      19.456        -584.345      19.535              61              61
  252          91.627    -228.148          91.574    -228.124             252             252
   22        -436.743    -794.661        -436.847    -794.635              22              22
  225         368.776     579.426         368.767     579.383             225             225
  190         520.562     521.256         520.583     521.242             190             190
  162        -797.421    -854.794        -797.514    -854.735             162             162
  165        -475.408     883.822        -475.414     883.841             165             165
   24         -89.441     326.365         -89.515     326.385              24              24
   81        1046.919      81.701        1046.853      81.610              81              81
  138        -503.345    1950.310        -503.266    1950.386             138             138
  171         543.859      82.788         543.761      82.831             171             171
  116         376.010     181.533         375.920     181.582             116             116
  136         331.098    -838.925         330.906    -838.897             136             136
   80        -635.795      50.965        -636.016      51.056              80              80
   91         966.699   -1052.670         966.176   -1052.734              91              91
