SINAL     NFT                         FFT                         NFT INVERSA     FFT INVERSA
-----     -----------------------     -----------------------     -----------     -----------
   68       16070.000       0.000       16070.000       0.000              68              68
   67         564.195    -295.137         564.198    -295.137              67              67
  239         489.782     928.058         489.787     928.057             239             239
  229        -468.320    -137.095        -468.316    -137.095             229             229
  141         687.486     470.910         687.490     470.909             141             141
   54         934.255     -53.182         934.260     -53.184              54              54
  135        -429.855     336.631        -429.848     336.633             135             135
   77          55.135     354.407          55.140     354.408              77              77
  178         450.476     109.273         450.481     109.273             178             178
   33        -386.030    -636.571        -386.029    -636.568              33              33
  180        -174.636     -96.385        -174.633     -96.384             180             180
   28         460.070    -446.291         460.071    -446.296              28              28
  197        -109.249     329.152        -109.242     329.151             197             197
   44         730.203     142.445         730.211     142.439              44              44
  175        -550.642     546.539        -550.628     546.546             175             175
   39        -716.121    -368.516        -716.119    -368.507              39              39
   87        -324.869     -43.501        -324.866     -43.495              87              87
  223         133.437   -1042.860         133.431   -1042.862             223             223
  174        -910.342      51.241        -910.340      51.247             174             174
   81        1022.704    -405.186        1022.704    -405.201              81              81
   55       -1070.475     158.940       -1070.466     158.948              55              55
  161         231.983     423.279         231.990     423.275             161             161
  150         -91.730    -540.581         -91.732    -540.583             150             150
  146        -116.994     629.407        -116.981     629.406             146             146
   80         396.327    -278.313         396.332    -278.320              80              80
   78        -706.778    -526.715        -706.776    -526.713              78              78
  130        -565.463    1107.845        -565.439    1107.846             130             130
  181        -602.282     315.596        -602.275     315.602             181             181
  119        -322.486    1290.088        -322.463    1290.095             119             119
  163         -24.344     319.865         -24.336     319.875             163             163
  102        -344.470      52.834        -344.463      52.848             102             102
  188       -1066.149    -237.431       -1066.155    -237.406             188             188
  230           1.007    -105.000           1.000    -105.000             230             230
   86        -553.727     201.315        -553.726     201.326              86              86
  162        -342.245     -60.378        -342.257     -60.372             162             162
  115         640.638     109.131         640.635     109.113             115             115
  140        -130.795    1044.147        -130.771    1044.154             140             140
   41          22.324     -67.772          22.320     -67.759              41              41
  193         -24.297    -557.348         -24.314    -557.342             193             193
   63          -5.343    -493.725          -5.361    -493.733              63              63
   74         684.699     793.464         684.719     793.442              74              74
  118        -210.621    -291.237        -210.627    -291.232             118             118
   91         327.865      42.766         327.864      42.745              91              91
   16         446.481    1219.859         446.517    1219.842              16              16
  163         625.720     762.132         625.755     762.128             163             163
   11        -530.422    -262.476        -530.415    -262.453              11              11
   56        -250.594     800.713        -250.567     800.731              56              56
  251         193.217    -647.357         193.205    -647.357             251             251
  234        -411.181    1238.483        -411.134    1238.505             234             234
  230        -740.490    -375.156        -740.506    -375.111             230             230
   76         263.828    -476.165         263.805    -476.169              76              76
   34        -328.702      57.992        -328.710      58.002              34              34
  136         891.390      94.857         891.387      94.826             136             136
  227         574.453     520.376         574.482     520.363             227             227
  181         116.180    -213.528         116.190    -213.525             181             181
  217          -6.879     152.562          -6.856     152.564             217             217
   50        -175.550     -14.971        -175.532     -14.966              50              50
   55        -373.340     733.367        -373.294     733.387              55              55
  143        -963.339    -334.518        -963.341    -334.479             143             143
  169        -985.688     742.180        -985.669     742.215             169             169
  218        -739.690     683.419        -739.694     683.461             218             218
  245         966.317     182.727         966.305     182.705             245             245
  102         -70.103     561.169         -70.084     561.185             102             102
  193         622.622    1230.778         622.676    1230.791             193             193
   75        -784.000      -0.093        -784.000       0.000              75              75
    8         622.736   -1230.803         622.679   -1230.790               8               8
   53         -70.062    -561.203         -70.083    -561.185              53              53
  216         966.292    -182.679         966.305    -182.704             216             216
   49        -739.697    -683.512        -739.693    -683.463              49              49
  246        -985.645    -742.260        -985.668    -742.218             246             246
   24        -963.344     334.429        -963.341     334.477              24              24
  124        -373.235    -733.411        -373.293    -733.387             124             124
  109        -175.509      14.959        -175.532      14.965             109             109
  116          -6.825    -152.567          -6.856    -152.564             116             116
  140         116.203     213.520         116.190     213.525             140             140
   16         574.525    -520.344         574.483    -520.362              16              16
  127         891.382     -94.780         891.387     -94.825             127             127
  196        -328.722     -58.017        -328.710     -58.003             196             196
   11         263.767     476.174         263.804     476.169              11              11
  106        -740.534     375.039        -740.507     375.110             106             106
  171        -411.054   -1238.542        -411.133   -1238.505             171             171
   87         193.180     647.358         193.203     647.358              87              87
  141        -250.518    -800.762        -250.566    -800.731             141             141
   52        -530.404     262.406        -530.416     262.451              52              52
   58         625.825    -762.119         625.756    -762.128              58              58
   66         446.592   -1219.808         446.520   -1219.841              66              66
   13         327.861     -42.701         327.863     -42.745              13              13
  109        -210.640     291.222        -210.627     291.232             109             109
  122         684.764    -793.392         684.720    -793.441             122             122
  156          -5.405     493.752          -5.363     493.733             156             156
   23         -24.355     557.329         -24.315     557.343              23              23
   84          22.309      67.728          22.320      67.759              84              84
  146        -130.708   -1044.173        -130.770   -1044.154             146             146
  125         640.626    -109.061         640.635    -109.111             125             125
   21        -342.292      60.352        -342.258      60.371              21              21
  222        -553.725    -201.361        -553.726    -201.327             222             222
  133           0.979     105.001           1.000     105.000             133             133
   75       -1066.175     237.323       -1066.156     237.404              75              75
  183        -344.439     -52.898        -344.463     -52.849             183             183
  183         -24.305    -319.910         -24.335    -319.876             183             183
   65        -322.378   -1290.123        -322.461   -1290.095              65              65
  207        -602.245    -315.629        -602.274    -315.603             207             207
   51        -565.343   -1107.848        -565.438   -1107.846              51              51
  175        -706.767     526.707        -706.776     526.713             175             175
   67         396.353     278.350         396.332     278.320              67              67
  192        -116.916    -629.399        -116.979    -629.406             192             192
  191         -91.745     540.592         -91.733     540.583             191             191
  195         232.031    -423.253         231.992    -423.275             195             195
  132       -1070.420    -158.996       -1070.466    -158.949             132             132
  203        1022.702     405.297        1022.704     405.204             203             203
   46        -910.323     -51.291        -910.339     -51.249              46              46
   48         133.387    1042.875         133.429    1042.862              48              48
   35        -324.849      43.451        -324.866      43.495              35              35
  187        -716.104     368.428        -716.119     368.505             187             187
  100        -550.507    -546.606        -550.627    -546.546             100             100
   94         730.290    -142.381         730.212    -142.437              94              94
  254        -109.167    -329.143        -109.241    -329.151             254             254
  113         460.084     446.344         460.070     446.296             113             113
  203        -174.600      96.372        -174.634      96.384             203             203
  120        -386.007     636.521        -386.029     636.567             120             120
   14         450.567    -109.272         450.481    -109.273              14              14
  226          55.236    -354.423          55.141    -354.408             226             226
  205        -429.715    -336.669        -429.847    -336.633             205             205
  161         934.374      53.255         934.260      53.186             161             161
   95         687.620    -470.854         687.491    -470.907              95              95
  227        -468.186     137.053        -468.317     137.093             227             227
  127         490.098    -928.001         489.789    -928.055             127             127
  229         564.597     295.217         564.198     295.138             229             229
