SINAL     NFT                         FFT                         NFT INVERSA     FFT INVERSA
-----     -----------------------     -----------------------     -----------     -----------
   16       15550.000       0.000       15550.000       0.000              16              16
   83         551.200     -41.857         551.203     -41.858              83              83
  117         733.299     395.986         733.303     395.985             117             117
  163        -371.897     419.736        -371.892     419.737             163             163
  212         177.345    -410.914         177.347    -410.914             212             212
   88         -24.020    -486.113         -24.018    -486.113              88              88
  172         470.476     394.589         470.482     394.587             172             172
  222        -584.401    -335.442        -584.397    -335.441             222             222
  159        -218.805     157.529        -218.800     157.529             159             159
   59        -595.736     237.607        -595.731     237.610              59              59
  133          16.544      81.871          16.547      81.871             133             133
   87         111.024    -443.563         111.026    -443.566              87              87
  176         222.222     653.950         222.235     653.947             176             176
  123       -1354.560    -301.054       -1354.556    -301.045             123             123
   39        -850.396     474.912        -850.393     474.917              39              39
  193          -8.861     145.379          -8.861     145.379             193             193
  205         448.174     457.122         448.182     457.118             205             205
   30        -237.619     216.107        -237.611     216.112              30              30
   15        -956.283     406.751        -956.278     406.768              15              15
  153        -106.541   -1540.599        -106.562   -1540.596             153             153
   62         222.536    -389.413         222.528    -389.426              62              62
   94        1103.866     838.594        1103.882     838.574              94              94
  124        -243.787     147.164        -243.776     147.165             124             124
  166         183.059     378.317         183.073     378.313             166             166
  204        -848.030     385.524        -848.018     385.538             204             204
  156         105.113     380.737         105.123     380.739             156             156
   65        -334.076    -210.587        -334.073    -210.578              65              65
  181        -550.372    -469.886        -550.377    -469.882             181             181
   13          43.769     363.397          43.778     363.388              13              13
   65        -131.936     673.117        -131.915     673.114              65              65
  213       -1287.912    1049.300       -1287.892    1049.326             213             213
   29        -156.376     425.203        -156.375     425.214              29              29
  149          59.989     671.990          60.000     672.000             149             149
   74        -153.834     -53.285        -153.838     -53.268              74              74
  193         495.435     218.850         495.441     218.854             193             193
  105         -10.923    -803.220         -10.931    -803.210             105             105
  162       -1141.560    -392.669       -1141.570    -392.644             162             162
  109         331.764     209.439         331.762     209.431             109             109
   71         -41.360      -5.792         -41.362      -5.789              71              71
   66         405.995     355.659         406.006     355.654              66              66
  169         -44.685     -61.591         -44.679     -61.582             169             169
  205          29.205     294.793          29.221     294.804             205             205
  153        -564.075    -326.849        -564.080    -326.818             153             153
   90         377.556    -820.110         377.540    -820.111              90              90
   72        -779.801   -1017.576        -779.820   -1017.561              72              72
  192        -702.669     174.641        -702.668     174.650             192             192
   27          42.315    -197.500          42.304    -197.509              27              27
   22        -632.815     736.468        -632.803     736.487              22              22
  222         849.841    -592.858         849.819    -592.882             222             222
   43          74.884     120.553          74.903     120.541              43              43
  175        -876.507     763.592        -876.475     763.623             175             175
   29        -451.057     298.743        -451.053     298.774              29              29
  138        -233.571    -127.208        -233.581    -127.179             138             138
   44        -636.733    -899.170        -636.774    -899.138              44              44
  196         140.517    -528.084         140.487    -528.091             196             196
   86        -549.102    -455.278        -549.132    -455.268              86              86
  200         539.503     262.433         539.498     262.410             200             200
    5         224.871    -534.802         224.854    -534.810               5               5
   12       -1158.566    -685.776       -1158.610    -685.751              12              12
  214        1184.510     633.233        1184.511     633.174             214             214
   71           1.101    -255.925           1.083    -255.935              71              71
  226        1281.790     928.306        1281.832     928.255             226             226
  244        -609.619    -530.677        -609.630    -530.653             244             244
  221         398.530     800.957         398.561     800.941             221             221
   44        -258.000      -0.028        -258.000       0.000              44              44
  182         398.596    -800.923         398.563    -800.940             182             182
   70        -609.642     530.625        -609.631     530.652              70              70
  207        1281.879    -928.195        1281.833    -928.252             207             207
   35           1.062     255.948           1.082     255.936              35              35
  142        1184.514    -633.100        1184.512    -633.171             142             142
   17       -1158.665     685.719       -1158.611     685.749              17              17
  205         224.831     534.820         224.852     534.811             205             205
   91         539.491    -262.380         539.498    -262.409              91              91
  171        -549.175     455.253        -549.134     455.267             171             171
   39         140.445     528.102         140.487     528.092              39              39
  164        -636.835     899.090        -636.777     899.136             164             164
  107        -233.594     127.136        -233.581     127.179             107             107
   67        -451.045    -298.822        -451.052    -298.775              67              67
  187        -876.424    -763.671        -876.474    -763.623             187             187
   74          74.933    -120.523          74.903    -120.542              74              74
  110         849.780     592.923         849.818     592.882             110             110
  106        -632.779    -736.522        -632.802    -736.488             106             106
  104          42.284     197.527          42.304     197.510             104             104
  248        -702.667    -174.668        -702.668    -174.651             248             248
  151        -779.858    1017.532        -779.821    1017.560             151             151
   44         377.508     820.114         377.539     820.112              44              44
   79        -564.090     326.752        -564.080     326.817              79              79
   95          29.255    -294.828          29.221    -294.805              95              95
   50         -44.668      61.562         -44.680      61.582              50              50
   92         406.032    -355.642         406.007    -355.653              92              92
   54         -41.366       5.781         -41.362       5.789              54              54
  122         331.757    -209.410         331.763    -209.431             122             122
   62       -1141.596     392.578       -1141.570     392.643              62              62
   42         -10.954     803.182         -10.933     803.210              42              42
   87         495.459    -218.862         495.442    -218.852              87              87
  107        -153.850      53.220        -153.838      53.267             107             107
  225          60.032    -672.031          60.000    -672.000             225             225
  158        -156.371    -425.248        -156.375    -425.214             158             158
   58       -1287.820   -1049.418       -1287.890   -1049.328              58              58
    4        -131.842    -673.104        -131.915    -673.114               4               4
   44          43.812    -363.354          43.779    -363.387              44              44
   75        -550.399     469.862        -550.378     469.881              75              75
  209        -334.061     210.543        -334.073     210.578             209             209
  136         105.164    -380.745         105.124    -380.739             136             136
  246        -847.964    -385.597        -848.018    -385.538             246             246
  248         183.141    -378.291         183.074    -378.312             248             248
   45        -243.721    -147.174        -243.776    -147.165              45              45
   98        1103.965    -838.463        1103.883    -838.571              98              98
   60         222.485     389.494         222.528     389.426              60              60
  232        -106.693    1540.580        -106.566    1540.596             232             232
  173        -956.240    -406.878        -956.277    -406.769             173             173
  170        -237.556    -216.146        -237.611    -216.112             170             170
   83         448.234    -457.089         448.182    -457.118              83              83
   21          -8.861    -145.376          -8.861    -145.379              21              21
  162        -850.358    -474.968        -850.391    -474.918             162             162
  234       -1354.524     300.949       -1354.557     301.042             234             234
   66         222.360    -653.916         222.236    -653.946              66              66
  242         111.039     443.592         111.025     443.566             242             242
   74          16.589     -81.873          16.548     -81.871              74              74
  117        -595.665    -237.650        -595.731    -237.611             117             117
   78        -218.720    -157.527        -218.800    -157.529              78              78
  128        -584.330     335.403        -584.398     335.440             128             128
  239         470.616    -394.535         470.483    -394.585             239             239
  140         -23.960     486.129         -24.018     486.113             140             140
  171         177.429     410.911         177.347     410.914             171             171
   70        -371.691    -419.785        -371.891    -419.739              70              70
  247         733.572    -395.912         733.303    -395.982             247             247
  140         551.608      41.923         551.203      41.859             140             140
