SINAL     NFT                         FFT                         NFT INVERSA     FFT INVERSA
-----     -----------------------     -----------------------     -----------     -----------
  248       17261.000       0.000       17261.000       0.000             248             248
  181         359.103     663.726         359.106     663.726             181             181
  241         227.338    -669.114         227.341    -669.113             241             241
   87        -233.171   -1111.976        -233.169   -1111.976              87              87
  173         240.292     315.916         240.296     315.915             173             173
  252         104.978     859.927         104.985     859.929             252             252
  235        -337.248     250.653        -337.244     250.658             235             235
  109         920.249    -507.153         920.250    -507.152             109             109
   58         -25.993    -540.069         -25.990    -540.064              58              58
   20          32.560   -1085.640          32.558   -1085.637              20              20
   48          76.913    -259.304          76.916    -259.302              48              48
  130         557.992   -1175.043         557.990   -1175.044             130             130
  187        -911.670   -1067.559        -911.673   -1067.555             187             187
  155         -70.222    -196.260         -70.222    -196.264             155             155
  186          63.943     171.099          63.947     171.096             186             186
  202        -546.343     422.603        -546.339     422.607             202             202
  235         586.485     210.650         586.487     210.646             235             235
  176         -83.262    -208.521         -83.261    -208.520             176             176
  184         399.321    1121.947         399.337    1121.945             184             184
  100        -619.655     142.404        -619.652     142.422             100             100
  204         232.030    -438.002         232.022    -437.997             204             204
  141         357.806      64.552         357.804      64.554             141             141
   76         928.269    -233.398         928.267    -233.401              76              76
  203         436.550    -881.572         436.544    -881.574             203             203
  148         -11.479     232.431         -11.471     232.435             148             148
  172         430.607    -471.760         430.602    -471.760             172             172
  182         655.146     -71.225         655.152     -71.227             182             182
    9          16.660   -1862.943          16.638   -1862.944               9               9
   57         343.533     697.690         343.557     697.676              57              57
  113        -792.793     464.904        -792.776     464.926             113             113
  111        -126.698    -618.701        -126.708    -618.690             111             111
   49        -113.023     -81.641        -113.024     -81.632              49              49
   38          19.021    -980.003          19.000    -980.000              38              38
   96         198.580    -153.816         198.578    -153.822              96              96
  137        -122.673    -474.655        -122.683    -474.653             137             137
  212         518.799    -435.722         518.791    -435.738             212             212
   93         126.006    -142.975         126.010    -142.987              93              93
  116         -82.904     817.001         -82.876     817.003             116             116
   65        -857.500    -341.179        -857.510    -341.151              65              65
  152         240.318    -449.918         240.295    -449.923             152             152
  136         719.471    -335.504         719.461    -335.530             136             136
  114        -148.731     237.466        -148.722     237.463             114             114
   26         193.830     136.076         193.832     136.065              26              26
   68          -4.644     805.215          -4.626     805.217              68              68
   14         434.030     117.801         434.031     117.800              14              14
  213          71.076    -444.907          71.061    -444.904             213             213
   14         885.314    -316.157         885.307    -316.190              14              14
  249         144.383     302.846         144.403     302.828             249             249
  134          91.461    1350.646          91.512    1350.646             134             134
  198        -171.293     560.764        -171.270     560.794             198             198
   93        -648.864    -633.230        -648.895    -633.193              93              93
   82        1304.380     -83.607        1304.373     -83.647              82              82
   84         116.911       1.865         116.927       1.859              84              84
  170        -538.737     495.816        -538.720     495.834             170             170
   29         534.955     521.863         534.971     521.855              29              29
  233        -189.244     364.539        -189.231     364.563             233             233
   87         338.011    -204.032         338.001    -204.029              87              87
  212         261.341     230.475         261.352     230.476             212             212
  242         -48.610      30.830         -48.608      30.846             242             242
  144          92.899    -265.130          92.881    -265.129             144             144
   70        1050.801     556.904        1050.831     556.870              70              70
   98        -576.500    -243.380        -576.498    -243.357              98              98
  194         592.500    1907.194         592.579    1907.194             194             194
  109        -149.818    -472.481        -149.824    -472.432             109             109
  194        -503.000      -0.047        -503.000       0.000             194             194
   75        -149.830     472.380        -149.824     472.432              75              75
   65         592.668   -1907.192         592.582   -1907.193              65              65
   32        -576.499     243.330        -576.500     243.356              32              32
  192        1050.866    -556.829        1050.832    -556.869             192             192
  131          92.861     265.127          92.882     265.129             131             131
  184         -48.606     -30.865         -48.608     -30.846             184             184
   72         261.367    -230.477         261.352    -230.476              72              72
  246         337.987     204.027         338.001     204.030             246             246
  211        -189.212    -364.596        -189.230    -364.564             211             211
  140         534.993    -521.842         534.971    -521.854             140             140
    4        -538.694    -495.862        -538.719    -495.835               4               4
  168         116.949      -1.851         116.926      -1.859             168             168
  154        1304.361      83.711        1304.373      83.649             154             154
  253        -648.945     633.134        -648.897     633.192             253             253
   46        -171.230    -560.841        -171.268    -560.794              46              46
   97          91.598   -1350.645          91.513   -1350.646              97              97
   91         144.438    -302.796         144.404    -302.827              91              91
  129         885.294     316.253         885.307     316.192             129             129
  182          71.031     444.899          71.060     444.904             182             182
    6         434.033    -117.799         434.031    -117.800               6               6
  159          -4.586    -805.221          -4.623    -805.217             159             159
  159         193.837    -136.042         193.832    -136.065             159             159
   93        -148.703    -237.454        -148.721    -237.463              93              93
  115         719.440     335.588         719.461     335.531             115             115
  146         240.243     449.938         240.295     449.924             146             146
  238        -857.537     341.081        -857.511     341.149             238             238
  185         -82.808    -817.010         -82.875    -817.003             185             185
  244         126.020     143.018         126.010     142.986             244             244
  177         518.768     435.784         518.790     435.740             177             177
   39        -122.713     474.646        -122.683     474.652              39              39
  183         198.572     153.838         198.578     153.822             183             183
  253          18.937     979.991          19.000     980.000             253             253
  104        -113.028      81.602        -113.024      81.632             104             104
  215        -126.746     618.653        -126.710     618.689             215             215
  189        -792.717    -465.005        -792.775    -464.928             189             189
  235         343.644    -697.627         343.557    -697.676             235             235
  144          16.549    1862.950          16.635    1862.944             144             144
    5         655.178      71.233         655.153      71.227               5               5
  225         430.582     471.759         430.602     471.760             225             225
   99         -11.436    -232.455         -11.471    -232.435              99              99
  146         436.513     881.582         436.543     881.574             146             146
  230         928.259     233.420         928.267     233.402             230             230
   12         357.797     -64.565         357.804     -64.554              12              12
   44         231.973     437.971         232.021     437.997              44              44
  227        -619.635    -142.526        -619.652    -142.423             227             227
   58         399.439   -1121.938         399.339   -1121.945              58              58
  142         -83.261     208.512         -83.262     208.520             142             142
   63         586.507    -210.619         586.488    -210.646              63              63
  188        -546.302    -422.647        -546.338    -422.608             188             188
   68          63.984    -171.069          63.947    -171.096              68              68
   70         -70.221     196.294         -70.222     196.263              70              70
   91        -911.703    1067.504        -911.674    1067.553              91              91
  228         557.965    1175.062         557.989    1175.046             228             228
  164          76.941     259.275          76.915     259.302             164             164
  207          32.528    1085.599          32.556    1085.636             207             207
  118         -25.959     539.995         -25.991     540.064             118             118
  147         920.267     507.144         920.249     507.153             147             147
  137        -337.167    -250.771        -337.244    -250.659             137             137
  106         105.148    -859.964         104.986    -859.929             106             106
   68         240.430    -315.891         240.297    -315.915              68              68
  176        -233.107    1111.937        -233.171    1111.975             176             176
   33         227.526     669.051         227.340     669.113              33              33
   65         359.618    -663.765         359.108    -663.726              65              65
