SINAL     NFT                         FFT                         NFT INVERSA     FFT INVERSA
-----     -----------------------     -----------------------     -----------     -----------
   69       16113.000       0.000       16113.000       0.000              69              69
  118         176.638     240.257         176.642     240.257             118             118
   39        -448.875     539.162        -448.871     539.162              39              39
  117         256.457    1189.371         256.462    1189.371             117             117
   94        -897.766    -480.593        -897.764    -480.589              94              94
  188          75.425    -163.496          75.426    -163.496             188             188
  200         -97.562     603.502         -97.558     603.503             200             200
  107        1072.138    -977.024        1072.137    -977.027             107             107
   59         428.623     -61.558         428.629     -61.562              59              59
  109        -698.769     114.751        -698.763     114.753             109             109
   19        -207.336     146.072        -207.331     146.072              19              19
   69        -550.820     161.950        -550.816     161.953              69              69
  149        -270.010     426.462        -270.005     426.463             149             149
   87         654.561     294.878         654.568     294.875              87              87
   80        -888.621    -342.539        -888.617    -342.532              80              80
   86       -1016.200     450.706       -1016.196     450.712              86              86
  232         -61.291     392.986         -61.291     392.986             232             232
   10         378.592     816.158         378.600     816.157              10              10
  137         102.568     -90.095         102.569     -90.090             137             137
  147        -272.411    -734.304        -272.419    -734.302             147             147
  242         246.833     922.903         246.842     922.900             242             242
   72         530.501    -312.942         530.496    -312.946              72              72
  187         699.344    -293.346         699.343    -293.358             187             187
  215         787.875    1123.417         787.900    1123.407             215             215
   55        -154.301    -267.507        -154.294    -267.501              55              55
   86         131.805     661.340         131.824     661.339              86              86
    1        -381.891     681.351        -381.872     681.368               1               1
   36        -326.261    -778.733        -326.270    -778.719              36              36
  112         454.880    -254.791         454.883    -254.799             112             112
  163        -350.575     326.491        -350.558     326.497             163             163
  180        -759.045     669.464        -759.028     669.485             180             180
  181        -158.670    -100.634        -158.672    -100.621             181             181
   25        -204.003      80.985        -204.000      81.000              25              25
  220        -320.340    -658.464        -320.356    -658.449             220             220
   43         600.010    -198.929         600.008    -198.937              43              43
  120         -27.661    -971.190         -27.671    -971.194             120             120
  152        -538.768     545.588        -538.746     545.594             152             152
  243        -781.130    -317.471        -781.136    -317.458             243             243
  227        -401.330    1424.186        -401.303    1424.199             227             227
  212         265.852    -446.424         265.837    -446.418             212             212
   96        -314.338     755.043        -314.320     755.064              96              96
  246          25.187    -559.574          25.168    -559.556             246             246
   25         -27.006    -570.567         -27.025    -570.559              25              25
  246         274.433    -458.701         274.420    -458.708             246             246
   78         -40.382     359.627         -40.369     359.634              78              78
  105        -400.015    -441.112        -400.032    -441.089             105             105
   76         356.787    -476.278         356.765    -476.283              76              76
   54         808.696    -571.160         808.686    -571.184              54              54
  116        -540.715    -137.027        -540.709    -137.014             116             116
  214        -405.778    -296.526        -405.794    -296.516             214             214
  201         363.325     249.729         363.323     249.723             201             201
  102         767.337   -1244.990         767.303   -1245.016             102             102
   30        -685.064    -413.116        -685.078    -413.117              30              30
  133        1229.867     189.097        1229.875     189.031             133             133
   62         -79.738     872.229         -79.689     872.220              62              62
   86        -398.594     688.412        -398.565     688.433              86              86
  219         219.997    -294.995         219.986    -294.997             219             219
   63         882.302     400.760         882.335     400.732              63              63
  122        -431.874    -314.160        -431.861    -314.141             122             122
   75         141.725     273.611         141.761     273.608              75              75
  226       -1237.760    -580.552       -1237.763    -580.509             226             226
   47        -926.982     512.928        -926.973     512.951              47              47
    1         561.118     801.379         561.145     801.365               1               1
  252          30.754     162.771          30.783     162.788             252             252
   11       -1725.000      -0.091       -1725.000       0.000              11              11
   44          30.814    -162.807          30.784    -162.789              44              44
  116         561.175    -801.347         561.146    -801.364             116             116
  164        -926.962    -512.979        -926.972    -512.953             164             164
   32       -1237.768     580.459       -1237.764     580.508              32              32
   88         141.804    -273.604         141.762    -273.608              88              88
  120        -431.845     314.116        -431.861     314.140             120             120
  129         882.376    -400.695         882.335    -400.730             129             129
   78         219.971     294.999         219.986     294.997              78              78
  146        -398.523    -688.463        -398.563    -688.434             146             146
  120         -79.619    -872.207         -79.687    -872.220             120             120
  157        1229.888    -188.934        1229.876    -189.028             157             157
  252        -685.098     413.116        -685.078     413.116             252             252
  196         767.248    1245.059         767.301    1245.019             196             196
  211         363.320    -249.712         363.323    -249.722             211             211
  112        -405.821     296.500        -405.795     296.516             112             112
  154        -540.700     136.991        -540.709     137.014             154             154
  157         808.668     571.231         808.685     571.186             157             157
  215         356.724     476.293         356.764     476.284             215             215
  185        -400.066     441.047        -400.034     441.089             185             185
   34         -40.344    -359.646         -40.368    -359.634              34              34
   22         274.392     458.724         274.419     458.709              22              22
   15         -27.066     570.541         -27.026     570.558              15              15
  253          25.127     559.518          25.167     559.556             253             253
   85        -314.280    -755.111        -314.319    -755.064              85              85
  137         265.801     446.407         265.836     446.418             137             137
   73        -401.236   -1424.233        -401.301   -1424.200              73              73
   56        -781.155     317.424        -781.138     317.456              56              56
  184        -538.689    -545.610        -538.745    -545.594             184             184
   75         -27.701     971.203         -27.673     971.193              75              75
   53         600.002     198.962         600.007     198.938              53              53
  196        -320.404     658.405        -320.357     658.448             196             196
  120        -203.991     -81.046        -204.000     -81.000             120             120
  169        -158.677     100.576        -158.672     100.620             169             169
  105        -758.970    -669.557        -759.027    -669.486             105             105
  153        -350.498    -326.516        -350.557    -326.498             153             153
    1         454.890     254.833         454.883     254.800               1               1
  225        -326.310     778.663        -326.272     778.718             225             225
   26        -381.792    -681.437        -381.870    -681.369              26              26
   80         131.908    -661.338         131.826    -661.340              80              80
  116        -154.267     267.476        -154.294     267.501             116             116
  146         788.020   -1123.354         787.902   -1123.405             146             146
  237         699.336     293.425         699.342     293.360             237             237
  112         530.470     312.965         530.495     312.947             112             112
   87         246.893    -922.882         246.843    -922.899              87              87
  193        -272.475     734.286        -272.421     734.301             193             193
  225         102.572      90.061         102.568      90.091             225             225
  242         378.653    -816.152         378.601    -816.157             242             242
   94         -61.288    -392.988         -61.291    -392.986              94              94
  185       -1016.165    -450.773       -1016.195    -450.714             185             185
  171        -888.593     342.470        -888.618     342.531             171             171
  128         654.632    -294.835         654.568    -294.873             128             128
  207        -269.959    -426.479        -270.005    -426.463             207             207
  187        -550.767    -161.982        -550.815    -161.954             187             187
  125        -207.270    -146.074        -207.330    -146.073             125             125
   37        -698.676    -114.789        -698.762    -114.755              37              37
   68         428.720      61.622         428.629      61.563              68              68
  199        1072.111     977.102        1072.135     977.029             199             199
   93         -97.474    -603.531         -97.558    -603.503              93              93
  253          75.465     163.505          75.426     163.496             253             253
   18        -897.705     480.481        -897.765     480.589              18              18
  146         256.708   -1189.373         256.465   -1189.371             146             146
  194        -448.611    -539.171        -448.870    -539.163             194             194
  138         177.099    -240.204         176.643    -240.256             138             138
