SINAL     NFT                         FFT                         NFT INVERSA     FFT INVERSA
-----     -----------------------     -----------------------     -----------     -----------
    2       16081.000       0.000       16081.000       0.000               2               2
   61        -367.649   -1257.521        -367.646   -1257.521              61              61
  114        -409.821    -280.846        -409.818    -280.846             114             114
  219         374.629    -393.261         374.631    -393.261             219             219
  248         278.131    -309.511         278.133    -309.512             248             248
  165         813.529    -384.294         813.533    -384.296             165             165
  107       -1054.231    -780.930       -1054.228    -780.928             107             107
  207        -334.363     323.683        -334.359     323.681             207             207
   69        -237.635    1091.165        -237.627    1091.167              69              69
  108          53.517    -395.147          53.518    -395.144             108             108
  132          81.783    -528.618          81.784    -528.618             132             132
  153          58.403    -353.945          58.407    -353.946             153             153
  184        -292.514   -1077.137        -292.516   -1077.139             184             184
  181        -477.438     410.847        -477.430     410.845             181             181
  178          -6.178     279.078          -6.169     279.075             178             178
  226       -1321.132     -31.144       -1321.127     -31.136             226             226
   35        -136.280     528.038        -136.272     528.036              35              35
  132        -485.814     819.071        -485.801     819.077             132             132
   14        -892.511     174.449        -892.509     174.462              14              14
   81         -88.136     -45.930         -88.137     -45.929              81              81
   61         262.675     742.877         262.690     742.876              61              61
  198       -1046.409    -231.519       -1046.407    -231.502             198             198
   35        -412.120     -47.044        -412.118     -47.039              35              35
   36       -1047.000     823.168       -1046.988     823.185              36              36
  250        -695.443     -48.126        -695.450     -48.108             250             250
   90         270.682     -20.963         270.679     -20.961              90              90
  254        -961.199    -408.130        -961.208    -408.109             254             254
  232          44.882    -477.998          44.867    -478.000             232             232
  157        -110.689     -75.619        -110.694     -75.620             157             157
  150        -243.612     262.197        -243.611     262.199             150             150
  248        -255.307     406.464        -255.305     406.474             248             248
  159         -33.355    -389.495         -33.367    -389.489             159             159
  211        -342.987    -224.008        -343.000    -224.000             211             211
  106         178.928     116.756         178.920     116.754             106             106
  123         484.944    -575.129         484.925    -575.140             123             123
  204         467.505     -56.620         467.504     -56.637             204             204
   15        -259.482     955.943        -259.463     955.953              15              15
  230         776.702    -385.356         776.691    -385.362             230             230
  155          83.882    -480.879          83.875    -480.876             155             155
   84         166.327    -594.991         166.316    -594.998              84              84
   83         -73.517    -282.511         -73.520    -282.518              83              83
   31        -229.397     407.255        -229.388     407.258              31              31
  238         204.187    -239.610         204.177    -239.614             238             238
   12         277.839     208.707         277.846     208.703              12              12
  213         191.128    -617.620         191.114    -617.620             213             213
  161         346.186   -1364.597         346.156   -1364.627             161             161
  238        -560.277     981.980        -560.245     981.974             238             238
  249         295.864     -10.370         295.864     -10.389             249             249
   37        -161.757     872.035        -161.728     872.036              37              37
  252         831.265    -395.953         831.265    -395.984             252             252
   74        -777.543     892.427        -777.496     892.443              74              74
   99        -932.643     927.806        -932.617     927.845              99              99
  195         233.006     659.033         233.022     659.054             195             195
  110        -532.290   -1241.065        -532.336   -1241.032             110             110
  135        -222.055     550.085        -222.056     550.101             135             135
  189        1423.408   -1190.281        1423.369   -1190.323             189             189
  200        -497.402    -507.242        -497.403    -507.243             200             200
  134        -477.288     855.729        -477.256     855.737             134             134
  166        -499.019       2.641        -499.038       2.668             166             166
  101        1329.629    -528.280        1329.604    -528.335             101             101
   28         265.660     866.759         265.714     866.750              28              28
  158        -144.647    -381.470        -144.639    -381.451             158             158
    5        -916.564    -351.574        -916.570    -351.536               5               5
  240        -140.028    -436.978        -140.051    -436.981             240             240
    8         -63.000       0.014         -63.000       0.000               8               8
  129        -140.076     436.985        -140.052     436.982             129             129
  188        -916.578     351.494        -916.571     351.535             188             188
   24        -144.631     381.430        -144.640     381.451              24              24
  103         265.777    -866.739         265.715    -866.750             103             103
   88        1329.572     528.403        1329.603     528.338              88              88
  109        -499.060      -2.701        -499.038      -2.668             109             109
  187        -477.216    -855.748        -477.255    -855.737             187             187
  119        -497.404     507.245        -497.403     507.243             119             119
   91        1423.312    1190.383        1423.366    1190.326              91              91
  199        -222.055    -550.123        -222.055    -550.101             199             199
   77        -532.405    1240.984        -532.339    1241.031              77              77
  253         233.045    -659.084         233.022    -659.054             253             253
  182        -932.575    -927.907        -932.615    -927.847             182             182
   70        -777.420    -892.468        -777.494    -892.443              70              70
   34         831.265     396.037         831.265     395.987              34              34
  178        -161.680    -872.037        -161.728    -872.036             178             178
  145         295.864      10.423         295.864      10.390             145             145
  133        -560.182    -981.964        -560.242    -981.974             133             133
  118         346.098    1364.682         346.154    1364.627             118             118
    0         191.086     617.621         191.113     617.620              -0               0
   13         277.858    -208.693         277.846    -208.702              13              13
   52         204.156     239.626         204.177     239.616              52              52
  200        -229.368    -407.263        -229.387    -407.258             200             200
  147         -73.529     282.533         -73.521     282.518             147             147
  218         166.289     595.013         166.315     594.998             218             218
   46          83.857     480.870          83.874     480.877              46              46
  175         776.663     385.379         776.690     385.363             175             175
  120        -259.414    -955.978        -259.462    -955.953             120             120
   52         467.500      56.685         467.504      56.638              52              52
  159         484.869     575.171         484.923     575.142             159             159
  129         178.894    -116.750         178.919    -116.754             129             129
  181        -343.040     223.977        -343.000     224.000             181             181
   92         -33.412     389.469         -33.369     389.489              92              92
  154        -255.298    -406.506        -255.305    -406.474             154             154
   29        -243.607    -262.210        -243.611    -262.200              29              29
  180        -110.712      75.625        -110.694      75.620             180             180
    7          44.808     478.004          44.866     478.000               7               7
  217        -961.249     408.025        -961.209     408.108             217             217
   44         270.665      20.953         270.678      20.961              44              44
   99        -695.482      48.029        -695.450      48.107              99              99
  160       -1046.932    -823.271       -1046.987    -823.188             160             160
  121        -412.111      47.016        -412.118      47.039             121             121
   97       -1046.395     231.409       -1046.407     231.499              97              97
   86         262.772    -742.868         262.690    -742.876              86              86
  192         -88.145      45.924         -88.138      45.929             192             192
  131        -892.489    -174.542        -892.508    -174.463             131             131
    9        -485.713    -819.113        -485.800    -819.077               9               9
   81        -136.219    -528.018        -136.272    -528.036              81              81
    9       -1321.093      31.064       -1321.127      31.133               9               9
  128          -6.092    -279.052          -6.169    -279.074             128             128
   82        -477.351    -410.829        -477.428    -410.845              82              82
   23        -292.537    1077.154        -292.517    1077.139              23              23
  180          58.439     353.951          58.406     353.946             180             180
   26          81.792     528.615          81.783     528.619              26              26
  170          53.529     395.111          53.517     395.144             170             170
  142        -237.497   -1091.196        -237.626   -1091.167             142             142
   73        -334.278    -323.662        -334.358    -323.682              73              73
   90       -1054.184     780.875       -1054.230     780.927              90              90
    7         813.627     384.364         813.532     384.297               7               7
  125         278.212     309.533         278.133     309.512             125             125
  250         374.717     393.286         374.630     393.262             250             250
  137        -409.653     280.808        -409.818     280.846             137             137
   51        -367.325    1257.445        -367.649    1257.519              51              51
