SINAL     NFT                         FFT                         NFT INVERSA     FFT INVERSA
-----     -----------------------     -----------------------     -----------     -----------
  178       17057.000       0.000       17057.000       0.000             178             178
  153        -518.421     578.550        -518.417     578.550             153             153
   17       -1119.410    -202.082       -1119.407    -202.080              17              17
   18        -390.403     190.295        -390.400     190.295              18              18
    1        -595.275     438.680        -595.273     438.682               1               1
   35        1067.774      -4.359        1067.776      -4.362              35              35
  184        -197.326     332.999        -197.321     333.000             184             184
  156         239.121     116.942         239.125     116.941             156             156
    3        -181.894     -80.568        -181.892     -80.568               3               3
  171         131.043     719.883         131.049     719.880             171             171
  180        -349.076     818.579        -349.070     818.582             180             180
  129         646.608     596.219         646.612     596.217             129             129
   15         691.460     103.968         691.464     103.965              15              15
   75         454.803     375.161         454.812     375.158              75              75
  231        -862.231    1736.038        -862.212    1736.051             231             231
   13         147.080    -447.932         147.078    -447.925              13              13
  190         -28.679     970.847         -28.667     970.856             190             190
   79         -61.139    -542.916         -61.144    -542.904              79              79
   99          24.507    -581.062          24.501    -581.055              99              99
  160         218.739     144.924         218.742     144.928             160             160
   87        -534.011    -564.609        -534.019    -564.594              87              87
  234         716.323    -583.661         716.314    -583.666             234             234
  199        -191.615    -355.155        -191.621    -355.150             199             199
  141         670.512    -236.691         670.506    -236.699             141             141
  238         734.791     285.269         734.798     285.263             238             238
  195         384.555    -724.776         384.548    -724.778             195             195
  115         507.057     382.536         507.069     382.533             115             115
  137         158.819    -834.784         158.811    -834.780             137             137
  101         724.351    -344.297         724.355    -344.307             101             101
   78        -361.709    -664.659        -361.710    -664.654              78              78
  208          84.879     377.287          84.894     377.286             208             208
   24        -439.175    -743.656        -439.184    -743.644              24              24
  232        -111.993    -450.997        -112.000    -451.000             232             232
  225        -543.568    -241.095        -543.576    -241.092             225             225
   43         122.251     171.223         122.245     171.210              43              43
  234         771.940     870.307         771.957     870.288             234             234
    4         -47.314      75.721         -47.314      75.725               4               4
  227        1179.139     663.391        1179.157     663.369             227             227
  134        -184.687     153.038        -184.676     153.054             134             134
    7         660.340     117.574         660.348     117.573               7               7
  143         -88.503    -927.037         -88.524    -927.030             143             143
   59        1095.774     422.902        1095.793     422.875              59              59
  137         100.824    -676.588         100.821    -676.591             137             137
  158         778.826     712.542         778.866     712.517             158             158
  135        -478.467     522.662        -478.425     522.689             135             135
  112       -1082.486    -366.725       -1082.489    -366.681             112             112
  171        -538.823      57.209        -538.833      57.234             171             171
   69         675.467    -208.423         675.449    -208.430              69              69
  192        1556.669    -661.100        1556.667    -661.143             192             192
   15        -471.674    -613.180        -471.660    -613.174              15              15
  230       -1326.642     102.741       -1326.635     102.769             230             230
   23         755.864     714.118         755.889     714.091              23              23
  250        -455.413    -139.217        -455.402    -139.202             250             250
  173        -975.694     691.275        -975.676     691.305             173             173
  165         464.431     954.403         464.456     954.404             165             165
  232        -177.310     340.050        -177.299     340.089             232             232
  113         375.646    -836.874         375.618    -836.860             113             113
   25        -247.165   -1124.078        -247.202   -1124.074              25              25
  113         335.740     938.158         335.779     938.145             113             113
  214         -87.017    -657.958         -87.032    -657.945             214             214
  104        -145.379    -367.727        -145.385    -367.734             104             104
   65        -156.100    1170.366        -156.049    1170.374              65              65
  239          -5.987    -398.379          -5.993    -398.369             239             239
   80        -633.038     874.578        -632.999     874.616              80              80
   34         -49.000      -0.033         -49.000       0.000              34              34
   26        -632.956    -874.656        -632.997    -874.617              26              26
   58          -6.000     398.357          -5.993     398.368              58              58
   39        -155.990   -1170.383        -156.046   -1170.374              39              39
  254        -145.393     367.742        -145.386     367.734             254             254
  193         -87.050     657.928         -87.032     657.944             193             193
   47         335.829    -938.128         335.781    -938.144              47              47
  141        -247.250    1124.068        -247.204    1124.073             141             141
  252         375.582     836.844         375.617     836.861             252             252
  185        -177.282    -340.143        -177.298    -340.090             185             185
   44         464.493    -954.403         464.457    -954.403              44              44
  131        -975.647    -691.351        -975.674    -691.307             131             131
   41        -455.385     139.180        -455.402     139.201              41              41
  216         755.929    -714.048         755.891    -714.089             216             216
  201       -1326.622    -102.814       -1326.634    -102.770             201             201
  234        -471.637     613.163        -471.660     613.173             234             234
  232        1556.663     661.216        1556.666     661.144             232             232
  175         675.418     208.446         675.449     208.432             175             175
    1        -538.851     -57.280        -538.833     -57.235               1               1
  226       -1082.493     366.598       -1082.488     366.679             226             226
   93        -478.345    -522.740        -478.425    -522.689              93              93
  167         778.948    -712.467         778.868    -712.516             167             167
  202         100.813     676.599         100.820     676.591             202             202
  206        1095.833    -422.814        1095.794    -422.873             206             206
  192         -88.570     927.014         -88.525     927.030             192             192
   59         660.365    -117.566         660.348    -117.571              59              59
  165        -184.650    -153.092        -184.676    -153.054             165             165
   41        1179.205    -663.312        1179.159    -663.367              41              41
  125         -47.315     -75.736         -47.314     -75.725             125             125
  149         772.003    -870.235         771.958    -870.286             149             149
  121         122.230    -171.174         122.246    -171.209             121             121
  160        -543.601     241.083        -543.577     241.091             160             160
  176        -112.022     451.008        -112.000     451.000             176             176
  180        -439.215     743.607        -439.185     743.644             180             180
  199          84.943    -377.284          84.895    -377.286             199             199
  174        -361.717     664.636        -361.711     664.653             174             174
  117         724.367     344.348         724.354     344.309             117             117
  247         158.777     834.764         158.810     834.779             247             247
   60         507.118    -382.521         507.070    -382.532              60              60
  114         384.518     724.784         384.547     724.777             114             114
  176         734.827    -285.236         734.798    -285.263             176             176
  105         670.476     236.738         670.506     236.700             105             105
  246        -191.652     355.125        -191.622     355.150             246             246
  218         716.263     583.693         716.313     583.667             218             218
   65        -534.067     564.511        -534.020     564.594              65              65
  192         218.764    -144.953         218.742    -144.928             192             192
  196          24.463     581.017          24.500     581.056             196             196
   42         -61.174     542.821         -61.145     542.902              42              42
  111         -28.580    -970.922         -28.666    -970.857             111             111
  198         147.052     447.869         147.076     447.924             198             198
   12        -862.045   -1736.167        -862.210   -1736.053              12              12
  205         454.902    -375.126         454.814    -375.158             205             205
  109         691.506    -103.935         691.464    -103.964             109             109
  214         646.661    -596.197         646.613    -596.216             214             214
  156        -348.997    -818.618        -349.069    -818.582             156             156
   46         131.135    -719.853         131.050    -719.881              46              46
   18        -181.859      80.570        -181.892      80.568              18              18
   66         239.180    -116.924         239.124    -116.941              66              66
   87        -197.231    -333.013        -197.321    -332.999              87              87
  144        1067.822       4.448        1067.775       4.363             144             144
  215        -595.194    -438.728        -595.272    -438.683             215             215
  209        -390.282    -190.310        -390.400    -190.296             209             209
   48       -1119.219     201.991       -1119.407     202.080              48              48
  135        -517.904    -578.583        -518.416    -578.551             135             135
