SINAL     NFT                         FFT                         NFT INVERSA     FFT INVERSA
-----     -----------------------     -----------------------     -----------     -----------
  184       15981.000       0.000       15981.000       0.000             184             184
  214         223.794   -1161.742         223.797   -1161.742             214             214
  159          74.190    -125.090          74.194    -125.090             159             159
  184       -1326.965     152.811       -1326.962     152.813             184             184
    0         474.150    -518.455         474.151    -518.455               0              -0
  200         508.434    -720.010         508.435    -720.012             200             200
   49          34.899     391.486          34.903     391.485              49              49
   48         597.980    1211.900         597.986    1211.901              48              48
  224        1060.122    -925.460        1060.122    -925.462             224             224
  171        -196.735     -62.417        -196.730     -62.414             171             171
   43         -22.712    -707.614         -22.713    -707.613              43              43
   27         165.281    -161.764         165.283    -161.766              27              27
  196         330.139     521.837         330.145     521.836             196             196
  249         462.997     126.977         463.002     126.978             249             249
   98         142.965    -618.996         142.964    -618.994              98              98
   51          31.977     -81.193          31.979     -81.190              51              51
  223        -104.824    -856.572        -104.833    -856.570             223             223
  191        1219.563     -15.121        1219.565     -15.134             191             191
  225         628.534    -890.536         628.533    -890.546             225             225
  226        -206.047     697.654        -206.033     697.653             226             226
   98         608.773     283.156         608.781     283.152              98              98
  161         730.682    -227.632         730.690    -227.638             161             161
   92        -333.540     134.201        -333.527     134.210              92              92
  150         293.249    -994.351         293.245    -994.355             150             150
  114        -508.458     136.070        -508.445     136.072             114             114
  134        -590.327     345.510        -590.317     345.518             134             134
    2        -210.862     -23.611        -210.860     -23.609               2               2
  215        -383.958    1063.904        -383.941    1063.915             215             215
   44          90.221    -161.559          90.214    -161.551              44              44
  247         318.561     126.240         318.561     126.242             247             247
  228         617.411    -111.715         617.409    -111.717             228             228
  228        1146.064    -682.096        1146.062    -682.114             228             228
  205         143.977     217.001         144.000     217.000             205             205
  132         -16.518    -159.521         -16.503    -159.514             132             132
  156        -615.160    -251.217        -615.151    -251.197             156             156
  205        -404.863   -1305.480        -404.882   -1305.477             205             205
   76       -1037.652     610.789       -1037.638     610.802              76              76
  206         289.534      -2.991         289.532      -3.000             206             206
  254        -567.099     295.895        -567.091     295.907             254             254
   45        -211.790     263.674        -211.790     263.681              45              45
  121         137.778      88.679         137.774      88.676             121             121
   41         456.756     660.415         456.774     660.408              41              41
   72         -82.362     -48.251         -82.360     -48.241              72              72
   61         -19.727     564.945         -19.711     564.957              61              61
   35        -443.594    -743.513        -443.624    -743.493              35              35
  170        1082.475    -205.422        1082.464    -205.461             170             170
  112         -66.975     889.939         -66.944     889.937             112             112
    2          71.338     860.708          71.354     860.722               2               2
  106        1672.827     -72.539        1672.834     -72.568             106             106
   82        -212.893    -573.504        -212.890    -573.490              82              82
  228         583.905     460.144         583.938     460.129             228             228
  205        -573.032     530.801        -573.000     530.840             205             205
  243         714.938    -699.877         714.932    -699.885             243             243
   65        -696.728     338.786        -696.696     338.818              65              65
   99         298.711     300.594         298.744     300.605              99              99
  102       -1799.450    -197.543       -1799.451    -197.452             102             102
  199         294.598    -996.867         294.550    -996.859             199             199
  102         107.045    -479.871         107.031    -479.866             102             102
   61        -198.822   -1187.057        -198.859   -1187.054              61              61
  244        -271.236    -231.292        -271.240    -231.301             244             244
   94        -352.964     154.822        -352.961     154.821              94              94
   34         205.170     861.753         205.201     861.754              34              34
  216         132.847    -886.657         132.822    -886.653             216             216
   43        -424.828     -89.396        -424.820     -89.388              43              43
  166        -573.000      -0.017        -573.000       0.000             166             166
  117        -424.813      89.378        -424.821      89.387             117             117
  248         132.794     886.648         132.821     886.653             248             248
  243         205.238    -861.754         205.203    -861.753             243             243
   67        -352.958    -154.820        -352.961    -154.821              67              67
  247        -271.247     231.309        -271.241     231.300             247             247
   32        -198.905    1187.049        -198.860    1187.053              32              32
  188         107.014     479.859         107.031     479.866             188             188
   33         294.486     996.848         294.548     996.859              33              33
  105       -1799.453     197.323       -1799.452     197.448             105             105
  250         298.788    -300.621         298.744    -300.605             250             250
   69        -696.650    -338.865        -696.695    -338.820              69              69
   20         714.922     699.899         714.931     699.886              20              20
  106        -572.950    -530.900        -572.998    -530.841             106             106
   71         583.991    -460.106         583.939    -460.129              71              71
  126        -212.886     573.465        -212.890     573.489             126             126
  189        1672.844      72.619        1672.833      72.570             189             189
   44          71.388    -860.746          71.357    -860.722              44              44
   76         -66.888    -889.935         -66.943    -889.937              76              76
  177        1082.445     205.537        1082.465     205.463             177             177
  109        -443.683     743.451        -443.626     743.492             109             109
  176         -19.677    -564.982         -19.710    -564.957             176             176
   23         -82.355      48.220         -82.360      48.241              23              23
   53         456.813    -660.392         456.775    -660.407              53              53
   23         137.765     -88.668         137.774     -88.676              23              23
   85        -211.788    -263.695        -211.789    -263.680              85              85
   41        -567.071    -295.934        -567.091    -295.907              41              41
  117         289.528       3.024         289.533       3.002             117             117
  119       -1037.600    -610.838       -1037.637    -610.804             119             119
    2        -404.935    1305.467        -404.884    1305.476               2               2
  160        -615.127     251.138        -615.152     251.196             160             160
   30         -16.461     159.494         -16.503     159.514              30              30
  119         144.069    -216.997         144.000    -217.000             119             119
  153        1146.052     682.176        1146.061     682.116             153             153
   17         617.402     111.726         617.409     111.718              17              17
  187         318.561    -126.247         318.561    -126.241             187             187
  145          90.192     161.523          90.215     161.551             145             145
   50        -383.872   -1063.956        -383.939   -1063.916              50              50
  119        -210.853      23.602        -210.860      23.609             119             119
  178        -590.272    -345.553        -590.315    -345.519             178             178
  155        -508.387    -136.084        -508.444    -136.073             155             155
  113         293.225     994.375         293.244     994.356             113             113
  248        -333.463    -134.255        -333.526    -134.210             248             248
  175         730.731     227.672         730.691     227.639             175             175
  220         608.828    -283.127         608.782    -283.151             220             220
   64        -205.945    -697.649        -206.031    -697.654              64              64
   46         628.521     890.609         628.532     890.547              46              46
  154        1219.577      15.222        1219.565      15.136             154             154
  108        -104.896     856.551        -104.834     856.568             108             108
  123          31.999      81.168          31.979      81.190             123             123
   76         142.954     618.973         142.963     618.993              76              76
  218         463.045    -126.985         463.002    -126.977             218             218
   44         330.210    -521.823         330.146    -521.836              44              44
   99         165.296     161.787         165.283     161.766              99              99
   16         -22.730     707.595         -22.714     707.612              16              16
   67        -196.665      62.372        -196.730      62.414              67              67
  185        1060.114     925.488        1060.121     925.462             185             185
   58         598.115   -1211.900         597.988   -1211.899              58              58
  184          34.981    -391.464          34.903    -391.485             184             184
   49         508.437     720.060         508.433     720.013              49              49
   60         474.155     518.461         474.150     518.456              60              60
   89       -1326.833    -152.953       -1326.961    -152.816              89              89
   79          74.418     125.086          74.194     125.089              79              79
  180         224.128    1161.712         223.795    1161.742             180             180
