SINAL     NFT                         FFT                         NFT INVERSA     FFT INVERSA
-----     -----------------------     -----------------------     -----------     -----------
  113       15670.000       0.000       15670.000       0.000             113             113
  101        1570.734    -540.345        1570.737    -540.345             101             101
  148         250.007    -333.101         250.011    -333.101             148             148
  165       -1009.571    -830.183       -1009.568    -830.181             165             165
  221         257.348   -1240.842         257.349   -1240.844             221             221
  205        -717.255     654.963        -717.250     654.963             205             205
  172         396.143    1050.587         396.148    1050.587             172             172
   32         949.257    -305.065         949.260    -305.066              32              32
  221        -314.069     337.717        -314.061     337.720             221             221
  162        -169.230      76.836        -169.224      76.840             162             162
   44       -1205.588    -475.123       -1205.586    -475.112              44              44
  201        -554.943    -321.216        -554.944    -321.210             201             201
  183          40.728   -1164.914          40.721   -1164.914             183             183
  188        -647.998     -17.632        -647.996     -17.629             188             188
  246         327.516    -441.135         327.513    -441.139             246             246
  190          45.544    -329.662          45.545    -329.666             190             190
  164        -506.355     495.143        -506.347     495.146             164             164
  215        -152.910     -22.081        -152.909     -22.080             215             215
  188        -268.708     787.382        -268.698     787.388             188             188
  241        -611.397    -851.137        -611.409    -851.126             241             241
  175         204.951    -325.745         204.942    -325.751             175             175
  218         905.967     552.826         905.976     552.815             218             218
   48        -542.892    -764.762        -542.900    -764.755              48              48
  110         512.926     203.556         512.930     203.544             110             110
  216        -351.057    -138.114        -351.056    -138.115             216             216
   87         251.185    1213.732         251.204    1213.727              87              87
   30        -450.238     211.958        -450.236     211.974              30              30
   50         710.426    -158.806         710.421    -158.813              50              50
  170         113.656       7.455         113.659       7.456             170             170
   30         -79.132    -513.707         -79.143    -513.707              30              30
  138         933.641     362.153         933.647     362.132             138             138
   27         355.615     202.094         355.622     202.086              27              27
  131        1242.978     427.025        1243.000     427.000             131             131
   30         -58.006     451.298         -57.975     451.306              30              30
  193        -408.821     -35.166        -408.804     -35.149             193             193
   97        -957.526    -154.308        -957.523    -154.283              97              97
  236          73.193     622.728          73.209     622.735             236             236
  109        -272.171    -677.583        -272.181    -677.568             109             109
  129         125.732    -188.889         125.738    -188.894             129             129
  202       -1129.247     249.304       -1129.236     249.333             202             202
   15        -401.939    -230.487        -401.949    -230.475              15              15
  173        -826.025      82.817        -826.036      82.834             173             173
  148         641.614     905.706         641.626     905.695             148             148
  198         -56.973    -350.729         -56.988    -350.717             198             198
  106         339.657     -12.913         339.649     -12.921             106             106
  139         791.929     119.214         791.934     119.190             139             139
  133         492.661    1142.502         492.709    1142.498             133             133
   14        -341.899      62.696        -341.882      62.732              14              14
   98        -377.650    -326.888        -377.653    -326.854              98              98
   66        -389.469    -582.896        -389.489    -582.870              66              66
    0         484.360    -789.384         484.339    -789.401              -0              -0
   18        -466.709      75.139        -466.693      75.148              18              18
   28        -753.981     634.448        -753.957     634.482              28              28
   48        -992.809     -77.682        -992.826     -77.623              48              48
  128        -205.628   -1665.906        -205.714   -1665.896             128             128
  245         689.696     102.874         689.678     102.832             245             245
  136         995.040     557.396         995.066     557.361             136             136
  159        -756.804    -562.998        -756.816    -562.969             159             159
   39        -578.325     264.769        -578.335     264.786              39              39
   50         439.709     277.867         439.693     277.856              50              50
  189         948.422     309.020         948.429     309.002             189             189
  177        -252.874   -1210.627        -252.924   -1210.612             177             177
   78         680.552     -29.406         680.544     -29.449              78              78
   64         179.994     529.818         180.014     529.808              64              64
  208         508.000       0.012         508.000       0.000             208             208
   15         180.036    -529.797         180.015    -529.807              15              15
  161         680.535      29.497         680.543      29.450             161             161
  188        -252.983    1210.595        -252.927    1210.612             188             188
  124         948.437    -308.981         948.429    -309.001             124             124
   35         439.677    -277.841         439.694    -277.855              35              35
  135        -578.346    -264.807        -578.334    -264.786             135             135
  140        -756.834     562.931        -756.818     562.967             140             140
  209         995.100    -557.315         995.067    -557.360             209             209
   27         689.654    -102.773         689.678    -102.830              27              27
   83        -205.837    1665.883        -205.717    1665.896              83              83
   59        -992.852      77.538        -992.827      77.621              59              59
  166        -753.921    -634.533        -753.957    -634.483             166             166
  216        -466.670     -75.161        -466.693     -75.148             216             216
   74         484.306     789.425         484.338     789.400              74              74
    9        -389.523     582.827        -389.490     582.869               9               9
   26        -377.659     326.799        -377.653     326.854              26              26
   74        -341.852     -62.794        -341.882     -62.732              74              74
   27         492.799   -1142.491         492.711   -1142.498              27              27
   55         791.943    -119.142         791.934    -119.188              55              55
  123         339.633      12.938         339.649      12.922             123             123
  155         -57.019     350.693         -56.989     350.717             155             155
   44         641.650    -905.671         641.626    -905.694              44              44
    3        -826.061     -82.872        -826.036     -82.836               3               3
   58        -401.973     230.450        -401.950     230.475              58              58
   83       -1129.207    -249.402       -1129.234    -249.335              83              83
   54         125.750     188.905         125.737     188.894              54              54
  247        -272.209     677.530        -272.182     677.567             247             247
    5          73.253    -622.752          73.210    -622.735               5               5
  132        -957.515     154.216        -957.523     154.282             132             132
   56        -408.758      35.101        -408.804      35.148              56              56
  213         -57.883    -451.329         -57.972    -451.307             213             213
  148        1243.066    -426.926        1243.000    -427.000             148             148
  217         355.650    -202.061         355.624    -202.086             217             217
  146         933.669    -362.059         933.647    -362.130             146             146
   17         -79.187     513.706         -79.144     513.707              17              17
  253         113.668      -7.461         113.659      -7.456             253             253
   25         710.401     158.842         710.421     158.815              25              25
  157        -450.231    -212.033        -450.236    -211.974             157             157
  206         251.290   -1213.705         251.207   -1213.727             206             206
   53        -351.058     138.118        -351.057     138.115              53              53
  241         512.950    -203.486         512.931    -203.542             241             241
   10        -542.941     764.720        -542.901     764.754              10              10
  220         906.025    -552.751         905.977    -552.813             220             220
  202         204.891     325.784         204.941     325.752             202             202
   84        -611.484     851.061        -611.412     851.125              84              84
  229        -268.632    -787.428        -268.696    -787.389             229             229
  229        -152.901      22.074        -152.909      22.080             229             229
  159        -506.289    -495.166        -506.347    -495.146             159             159
    1          45.552     329.697          45.545     329.666               1               1
   28         327.487     441.173         327.512     441.140              28              28
   27        -647.987      17.595        -647.997      17.627              27              27
  156          40.652    1164.915          40.720    1164.914             156             156
   73        -554.955     321.135        -554.944     321.209              73              73
   30       -1205.566     474.980       -1205.588     475.111              30              30
  215        -169.129     -76.897        -169.223     -76.840             215             215
  157        -313.933    -337.769        -314.060    -337.721             157             157
   85         949.323     305.110         949.260     305.069              85              85
  207         396.280   -1050.572         396.151   -1050.586             207             207
  162        -717.118    -654.971        -717.248    -654.965             162             162
  217         257.359    1240.901         257.347    1240.844             217             217
    7       -1009.467     830.073       -1009.570     830.179               7               7
  120         250.267     333.082         250.011     333.101             120             120
  110        1571.129     540.423        1570.737     540.348             110             110
