SINAL     NFT                         FFT                         NFT INVERSA     FFT INVERSA
-----     -----------------------     -----------------------     -----------     -----------
   24       17922.000       0.000       17922.000       0.000              24              24
  249         122.609    -336.433         122.613    -336.433             249             249
  254         900.384    -201.054         900.388    -201.055             254             254
    3        -723.383     403.809        -723.378     403.810               3               3
  137         253.723    -571.851         253.726    -571.851             137             137
    4       -1060.641     -18.402       -1060.637     -18.398               4               4
  229        -217.192    -777.180        -217.192    -777.180             229             229
  236        -291.023     194.960        -291.020     194.960             236             236
  150          83.012     131.000          83.015     131.000             150             150
  203        -399.385     151.645        -399.382     151.647             203             203
  248         287.578     459.355         287.582     459.355             248             248
  195        -441.735    -869.351        -441.740    -869.348             195             195
  175        1273.424     469.400        1273.429     469.389             175             175
   51         505.287     387.949         505.297     387.947              51              51
   82        -640.553     610.985        -640.545     610.995              82              82
  239         569.099    -327.043         569.099    -327.041             239             239
  240         -28.525      94.773         -28.521      94.780             240             240
  150         531.810   -1031.094         531.802   -1031.092             150             150
   53         626.850   -1584.334         626.839   -1584.343              53              53
   75         141.041      23.005         141.050      22.999              75              75
  123        -282.461    -379.847        -282.460    -379.846             123             123
  217         277.637    -477.923         277.635    -477.931             217             217
   26         177.572     193.359         177.579     193.352              26              26
  241         600.994     231.767         601.004     231.758             241             241
  108         385.034     387.189         385.050     387.189             108             108
  163         252.043   -1222.815         252.035   -1222.816             163             163
   92         574.205    -145.933         574.220    -145.947              92              92
  177        -402.831    -269.784        -402.815    -269.781             177             177
   83        -894.636    -310.162        -894.627    -310.151              83              83
  125        -659.792    -621.646        -659.795    -621.647             125             125
  243        -795.849    1093.855        -795.827    1093.861             243             243
  107         437.887     129.735         437.896     129.729             107             107
  118        -983.011     142.978        -983.000     143.000             118             118
  242        -515.676     -39.167        -515.680     -39.152             242             242
  111         157.948    -741.116         157.928    -741.119             111             111
    0         388.703    -710.503         388.691    -710.526              -0               0
  246         103.458     577.263         103.481     577.246             246             246
   85        -373.682     514.594        -373.664     514.600              85              85
  236         147.279    -141.307         147.278    -141.315             236             236
  141         743.058     815.663         743.091     815.647             141             141
   32        -579.361    -967.147        -579.369    -967.134              32              32
  229        -279.099     189.494        -279.089     189.483             229             229
   81         475.697    1405.643         475.746    1405.631              81              81
  207         -70.733    -927.912         -70.740    -927.908             207             207
   25         460.978     770.520         461.029     770.500              25              25
  163       -1344.348    -110.282       -1344.322    -110.247             163             163
  191       -1169.114     721.024       -1169.085     721.057             191             191
    9        -147.231    -522.509        -147.239    -522.507               9               9
   58        -581.509     398.778        -581.479     398.780              58              58
  244       -1675.208    1268.930       -1675.166    1268.982             244             244
   84         -31.193     713.437         -31.174     713.459              84              84
  181        -917.460    -805.163        -917.481    -805.123             181             181
  206       -1268.125     589.935       -1268.117     589.977             206             206
  111        -289.646    -220.807        -289.674    -220.793             111             111
  167         149.351     319.420         149.354     319.410             167             167
   59        -526.316     791.705        -526.292     791.729              59              59
   18        -452.713     704.633        -452.697     704.677              18              18
    3        -464.020    -860.781        -464.066    -860.740               3               3
  237        -325.281   -1328.435        -325.352   -1328.442             237             237
  102         287.159    1483.712         287.193    1483.683             102             102
  129         585.518     677.799         585.538     677.791             129             129
  224          -0.004     365.446           0.010     365.468             224             224
  210         546.253     -34.643         546.260     -34.645             210             210
  248        -227.259      88.776        -227.239      88.802             248             248
  210        -824.000      -0.053        -824.000       0.000             210             210
   66        -227.217     -88.829        -227.238     -88.802              66              66
  248         546.266      34.648         546.259      34.646             248             248
  200           0.026    -365.491           0.010    -365.468             200             200
  151         585.561    -677.780         585.538    -677.791             151             151
  229         287.237   -1483.647         287.196   -1483.682             229             229
   86        -325.441    1328.449        -325.354    1328.441              86              86
  183        -464.124     860.688        -464.068     860.739             183             183
  202        -452.675    -704.733        -452.696    -704.677             202             202
  168        -526.257    -791.763        -526.290    -791.730             168             168
  135         149.359    -319.397         149.354    -319.410             135             135
  227        -289.714     220.775        -289.675     220.793             227             227
   76       -1268.104    -590.042       -1268.116    -589.980              76              76
   70        -917.514     805.062        -917.482     805.122              70              70
  237         -31.142    -713.493         -31.172    -713.460             237             237
  135       -1675.096   -1269.069       -1675.163   -1268.985             135             135
   59        -581.428    -398.785        -581.479    -398.780              59              59
   65        -147.254     522.505        -147.239     522.508              65              65
   60       -1169.032    -721.122       -1169.084    -721.060              60              60
   10       -1344.273     110.178       -1344.322     110.245              10              10
  177         461.129    -770.460         461.030    -770.499             177             177
  228         -70.756     927.902         -70.741     927.909             228             228
   70         475.849   -1405.606         475.748   -1405.630              70              70
  195        -279.065    -189.461        -279.087    -189.484             195             195
  231        -579.388     967.106        -579.370     967.134             231             231
   51         743.171    -815.606         743.093    -815.645              51              51
   42         147.274     141.334         147.278     141.316              42              42
  105        -373.618    -514.613        -373.662    -514.600             105             105
   19         103.540    -577.201         103.482    -577.245              19              19
  252         388.656     710.587         388.689     710.527             252             252
   97         157.872     741.130         157.927     741.120              97              97
  229        -515.692      39.107        -515.680      39.152             229             229
   62        -982.968    -143.067        -983.000    -143.000              62              62
   89         437.923    -129.705         437.896    -129.728              89              89
  174        -795.749   -1093.884        -795.825   -1093.862             174             174
  213        -659.807     621.647        -659.796     621.646             213             213
   62        -894.596     310.110        -894.627     310.150              62              62
    5        -402.755     269.768        -402.815     269.781               5               5
  141         574.278     146.007         574.220     145.948             141             141
    9         252.001    1222.825         252.034    1222.817               9               9
  173         385.122    -387.187         385.051    -387.189             173             173
   20         601.050    -231.711         601.004    -231.756              20              20
  237         177.614    -193.315         177.580    -193.351             237             237
  249         277.621     477.976         277.634     477.932             249             249
   91        -282.456     379.836        -282.460     379.845              91              91
  218         141.102     -22.959         141.050     -22.998             218             218
  128         626.763    1584.399         626.836    1584.344             128             128
  150         531.745    1031.082         531.800    1031.093             150             150
   28         -28.493     -94.834         -28.521     -94.780              28              28
  189         569.089     327.037         569.098     327.043             189             189
  161        -640.466    -611.083        -640.543    -610.996             161             161
  205         505.386    -387.919         505.297    -387.945             205             205
  161        1273.475    -469.277        1273.430    -469.387             161             161
  231        -441.808     869.308        -441.742     869.347             231             231
  145         287.637    -459.357         287.583    -459.355             145             145
  137        -399.344    -151.680        -399.382    -151.648             137             137
   26          83.064    -130.989          83.015    -131.000              26              26
  187        -290.961    -194.963        -291.021    -194.961             187             187
  242        -217.198     777.167        -217.193     777.179             242             242
   45       -1060.535      18.300       -1060.637      18.396              45              45
  183         253.819     571.849         253.726     571.852             183             183
   84        -723.156    -403.891        -723.377    -403.812              84              84
   19         900.635     201.125         900.388     201.056              19              19
  246         123.051     336.421         122.613     336.434             246             246
