SINAL     NFT                         FFT                         NFT INVERSA     FFT INVERSA
-----     -----------------------     -----------------------     -----------     -----------
   58       16877.000       0.000       16877.000       0.000              58              58
  109        -750.925    -394.121        -750.922    -394.121             109             109
   18         -86.962    -518.490         -86.959    -518.490              18              18
  155        -584.437     -91.942        -584.434     -91.941             155             155
  219        -971.322    -438.306        -971.321    -438.303             219             219
  118          17.166   -1385.670          17.165   -1385.671             118             118
   52        -153.217     569.353        -153.212     569.352              52              52
  158        -920.914    -444.007        -920.913    -444.002             158             158
  119        -615.562    -920.896        -615.566    -920.895             119             119
  192         -46.545     658.949         -46.543     658.947             192             192
  255        1136.149    -623.550        1136.145    -623.558             255             255
  168         485.397     785.429         485.406     785.425             168             168
  237         -61.755    -491.273         -61.755    -491.273             237             237
  117         398.978     988.577         398.988     988.574             117             117
  154         626.635    -525.949         626.637    -525.951             154             154
   40         140.778    -615.204         140.783    -615.209              40              40
   74       -1068.753     635.697       -1068.739     635.706              74              74
  198        -528.909     -22.528        -528.907     -22.522             198             198
  102        -658.047    -160.442        -658.049    -160.435             102             102
  169        -176.371    -199.712        -176.375    -199.714             169             169
  110         289.875     268.722         289.879     268.714             110             110
  124        -707.836     773.472        -707.826     773.480             124             124
  175         -36.686     544.038         -36.683     544.045             175             175
  132          76.198    -984.288          76.182    -984.287             132             132
   94         119.080     145.882         119.080     145.876              94              94
  205         408.885     -30.853         408.885     -30.863             205             205
  100        -382.383     438.111        -382.378     438.113             100             100
  169         924.190     512.043         924.198     512.028             169             169
  211          18.762     687.849          18.779     687.857             211             211
  201        -453.025    -908.765        -453.046    -908.755             201             201
  118        1170.155     659.731        1170.163     659.707             118             118
   13         728.490     -30.869         728.497     -30.881              13              13
   54         839.970     529.016         840.000     529.000              54              54
  136       -1184.594     402.218       -1184.572     402.249             136             136
  169        -567.901     497.803        -567.896     497.828             169             169
   18         732.413    -493.517         732.400    -493.520              18              18
  255         -44.607    -226.023         -44.609    -226.015             255             255
  221          78.298    -439.540          78.286    -439.540             221             221
  176         842.830       0.620         842.833       0.599             176             176
  118         353.160      66.187         353.175      66.181             118             118
  157         -42.388    -129.761         -42.379    -129.756             157             157
  175          53.856     -94.556          53.865     -94.554             175             175
   31        -238.561     -70.038        -238.554     -70.026              31              31
  139         131.592   -1098.182         131.571   -1098.191             139             139
   37        -568.800     578.519        -568.780     578.525              37              37
  186         601.710     -67.933         601.712     -67.951             186             186
  179          23.127      90.219          23.143      90.215             179             179
  111         410.036     -81.869         410.053     -81.886             111             111
  129        -623.302     519.690        -623.262     519.706             129             129
   26       -1073.427      72.040       -1073.416      72.075              26              26
   25        -638.929     494.127        -638.921     494.150              25              25
  239         473.172    -143.749         473.166    -143.763             239             239
  151        -604.456    1162.760        -604.413    1162.791             151             151
  200         -65.213    -167.705         -65.224    -167.676             200             200
  115         551.342    -754.021         551.326    -754.031             115             115
  245        -916.764     357.021        -916.745     357.061             245             245
  149         154.886    -492.536         154.867    -492.527             149             149
  216        -303.562    -912.009        -303.595    -911.999             216             216
  158         302.757    -650.804         302.736    -650.839             158             158
  104        -394.509     553.813        -394.486     553.803             104             104
  161         742.174     856.112         742.218     856.078             161             161
   20        -330.253     418.902        -330.210     418.919              20              20
  118        -674.385     902.766        -674.333     902.811             118             118
  216        -745.114    -192.559        -745.115    -192.504             216             216
  157        -677.000      -0.045        -677.000       0.000             157             157
   31        -745.115     192.447        -745.114     192.503              31              31
  234        -674.273    -902.860        -674.331    -902.812             234             234
  157        -330.162    -418.939        -330.210    -418.920             157             157
  253         742.270    -856.038         742.219    -856.077             253             253
  154        -394.457    -553.791        -394.485    -553.803             154             154
   19         302.710     650.881         302.735     650.839              19              19
  154        -303.638     911.986        -303.597     911.999             154             154
   74         154.840     492.515         154.866     492.527              74              74
   51        -916.717    -357.115        -916.743    -357.062              51              51
   37         551.301     754.045         551.324     754.031              37              37
  111         -65.239     167.635         -65.224     167.676             111             111
  237        -604.349   -1162.838        -604.412   -1162.792             237             237
  217         473.158     143.786         473.166     143.765             217             217
  223        -638.909    -494.189        -638.921    -494.152             223             223
  110       -1073.399     -72.132       -1073.416     -72.076             110             110
  243        -623.194    -519.734        -623.261    -519.706             243             243
  248         410.085      81.918         410.054      81.888             248             248
   94          23.171     -90.209          23.143     -90.215              94              94
  138         601.716      67.987         601.712      67.953             138             138
  193        -568.740    -578.537        -568.779    -578.526             193             193
  210         131.528    1098.210         131.569    1098.192             210             210
  128        -238.539      69.998        -238.554      70.025             128             128
   86          53.884      94.549          53.865      94.554              86              86
  170         -42.358     129.745         -42.379     129.756             170             170
   30         353.210     -66.167         353.175     -66.180              30              30
  191         842.843      -0.549         842.833      -0.599             191             191
   76          78.255     439.539          78.285     439.540              76              76
   51         -44.613     225.997         -44.609     226.016              51              51
   53         732.363     493.532         732.399     493.522              53              53
   36        -567.881    -497.900        -567.895    -497.829              36              36
  209       -1184.507    -402.342       -1184.571    -402.252             209             209
   85         840.089    -528.951         840.000    -529.000              85              85
   14         728.518      30.925         728.497      30.883              14              14
  110        1170.193    -659.623        1170.164    -659.705             110             110
   82        -453.123     908.716        -453.048     908.754              82              82
  169          18.840    -687.884          18.779    -687.857             169             169
  130         924.226    -511.967         924.198    -512.027             130             130
  237        -382.360    -438.125        -382.378    -438.114             237             237
  243         408.883      30.906         408.885      30.864             243             243
  181         119.077    -145.850         119.079    -145.876             181             181
   19          76.098     984.280          76.179     984.287              19              19
   98         -36.664    -544.082         -36.682    -544.045              98              98
  163        -707.771    -773.528        -707.825    -773.482             163             163
  236         289.904    -268.668         289.880    -268.712             236             236
   65        -176.403     199.720        -176.376     199.713              65              65
   18        -658.062     160.391        -658.049     160.435              18              18
  224        -528.893      22.477        -528.907      22.521             224             224
   58       -1068.641    -635.767       -1068.738    -635.706              58              58
  112         140.812     615.240         140.782     615.209             112             112
  107         626.645     525.974         626.636     525.952             107             107
  251         399.087    -988.548         398.990    -988.574             251             251
   67         -61.762     491.277         -61.756     491.273              67              67
  235         485.506    -785.373         485.407    -785.424             235             235
   81        1136.095     623.665        1136.144     623.560              81              81
  237         -46.523    -658.926         -46.543    -658.946             237             237
   10        -615.646     920.876        -615.568     920.894              10              10
   17        -920.911     443.917        -920.915     444.001              17              17
   57        -153.102    -569.344        -153.211    -569.353              57              57
   62          17.106    1385.687          17.162    1385.671              62              62
   71        -971.274     438.190        -971.321     438.301              71              71
   94        -584.290      91.869        -584.434      91.939              94              94
   15         -86.785     518.457         -86.959     518.490              15              15
  156        -750.509     394.010        -750.923     394.119             156             156
