SINAL     NFT                         FFT                         NFT INVERSA     FFT INVERSA
-----     -----------------------     -----------------------     -----------     -----------
   64       16108.000       0.000       16108.000       0.000              64              64
   80         123.476     108.425         123.479     108.425              80              80
  220         -43.651     232.030         -43.647     232.030             220             220
   19         789.415    -538.629         789.419    -538.630              19              19
  114       -1206.780     292.116       -1206.775     292.117             114             114
   81         138.230     633.265         138.234     633.264              81              81
   39        -303.473     140.553        -303.470     140.553              39              39
   79         271.043    1138.103         271.049    1138.102              79              79
  200         237.461      73.220         237.464      73.220             200             200
  143         896.414     397.471         896.422     397.467             143             143
  184       -1162.483     938.261       -1162.471     938.272             184             184
  128        -871.293    -836.814        -871.299    -836.805             128             128
   21         726.035    -300.827         726.033    -300.834              21              21
  210         329.333     662.132         329.341     662.129             210             210
  183         142.415     876.635         142.427     876.638             183             183
  142          82.300    -554.661          82.300    -554.655             142             142
  151        -134.923    -497.706        -134.924    -497.704             151             151
  214         440.231     401.647         440.242     401.645             214             214
  171        -445.535    -837.744        -445.537    -837.738             171             171
   95        -454.013     312.766        -454.007     312.772              95              95
  231         353.394    -412.237         353.394    -412.240             231             231
   62        -633.019    -248.434        -633.017    -248.426              62              62
    6         235.260    -753.494         235.255    -753.504               6               6
  145        -680.388    1023.338        -680.369    1023.341             145             145
   62         161.363     487.466         161.375     487.467              62              62
  116        -967.916    -127.245        -967.916    -127.228             116             116
   42         232.334     296.855         232.338     296.853              42              42
  219        -260.156      77.340        -260.155      77.348             219             219
   45         988.743     177.319         988.752     177.304              45              45
   87        -253.900     370.571        -253.878     370.580              87              87
  110        -867.378      90.316        -867.368      90.340             110             110
  109        -292.098     290.502        -292.087     290.521             109             109
  167       -1267.979    -894.038       -1268.000    -894.000             167             167
   75          32.635    -815.212          32.608    -815.212              75              75
  129         428.110    -721.346         428.097    -721.364             129             129
   25        -728.009     283.495        -728.001     283.501              25              25
  156         112.020     368.733         112.027     368.728             156             156
  169        -616.531     448.653        -616.524     448.676             169             169
  104         212.134    -741.713         212.107    -741.710             104             104
  101        1054.797    -696.204        1054.787    -696.235             101             101
   56        -588.905      52.507        -588.887      52.513              56              56
   33        -961.956    -401.474        -961.966    -401.460              33              33
  230         143.038     165.140         143.039     165.119             230             230
   78        -333.243    1114.143        -333.212    1114.146              78              78
  244        -374.647      12.061        -374.651      12.071             244             244
  157          41.019     651.012          41.034     651.006             157             157
  221         138.986    1111.431         139.026    1111.438             221             221
  139       -1312.442    -208.267       -1312.450    -208.215             139             139
  116          48.916     636.286          48.924     636.297             116             116
  137        -619.894     142.397        -619.900     142.440             137             137
  235        -180.395    -679.244        -180.436    -679.224             235             235
   92         -56.531     -61.721         -56.553     -61.711              92              92
  199         825.787    -456.531         825.763    -456.551             199             199
  242         127.477    -598.414         127.465    -598.422             242             242
  237       -1122.034      20.314       -1122.043      20.342             237             237
    5         238.108     437.935         238.100     437.924               5               5
  102          -5.945     358.257          -5.953     358.267             102             102
   24         696.806    -116.515         696.787    -116.528              24              24
  225         114.392    -269.049         114.375    -269.046             225             225
  147           5.035    -218.968           5.012    -218.967             147             147
  111         335.481     -56.470         335.457     -56.485             111             111
   79         985.409     427.952         985.413     427.923              79              79
    1         862.342    -995.160         862.310    -995.196               1               1
   23         -90.402     853.843         -90.364     853.841              23              23
  154         656.000       0.013         656.000       0.000             154             154
  131         -90.323    -853.838         -90.363    -853.841             131             131
   48         862.273     995.238         862.308     995.198              48              48
   55         985.418    -427.888         985.414    -427.921              55              55
   45         335.430      56.504         335.457      56.486              45              45
  153           4.984     218.967           5.011     218.968             153             153
  156         114.353     269.044         114.374     269.047             156             156
  102         696.763     116.546         696.786     116.530             102             102
  187          -5.962    -358.279          -5.952    -358.267             187             187
  131         238.089    -437.908         238.100    -437.923             131             131
  180       -1122.055     -20.382       -1122.043     -20.343             180             180
  175         127.445     598.434         127.462     598.422             175             175
   33         825.726     456.581         825.762     456.552              33              33
  146         -56.588      61.696         -56.554      61.710             146             146
   59        -180.499     679.191        -180.436     679.223              59              59
  149        -619.910    -142.509        -619.900    -142.441             149             149
   27          48.938    -636.315          48.924    -636.296              27              27
   38       -1312.465     208.119       -1312.451     208.212              38              38
  241         139.100   -1111.451         139.027   -1111.438             241             241
  227          41.065    -650.996          41.035    -651.006             227             227
   25        -374.657     -12.091        -374.651     -12.072              25              25
  223        -333.146   -1114.152        -333.210   -1114.146             223             223
  232         143.041    -165.073         143.039    -165.118             232             232
  127        -961.990     401.428        -961.967     401.458             127             127
  248        -588.847     -52.528        -588.887     -52.514             248             248
  201        1054.764     696.312        1054.786     696.237             201             201
   19         212.041     741.704         212.105     741.711              19              19
  104        -616.507    -448.733        -616.524    -448.677             104             104
   25         112.046    -368.717         112.028    -368.728              25              25
   21        -727.979    -283.520        -728.000    -283.502              21              21
  127         428.057     721.415         428.095     721.365             127             127
  179          32.531     815.211          32.607     815.212             179             179
  152       -1268.062     893.885       -1268.000     894.000             152             152
  176        -292.051    -290.581        -292.086    -290.522             176             176
  235        -867.334     -90.423        -867.368     -90.342             235             235
  198        -253.802    -370.616        -253.878    -370.581             198             198
   73         988.786    -177.247         988.753    -177.302              73              73
  136        -260.152     -77.375        -260.155     -77.348             136             136
   44         232.352    -296.843         232.338    -296.852              44              44
    5        -967.917     127.151        -967.916     127.225               5               5
   11         161.428    -487.471         161.375    -487.467              11              11
  225        -680.275   -1023.360        -680.367   -1023.342             225             225
  180         235.227     753.554         235.254     753.505             180             180
   44        -633.007     248.384        -633.016     248.425              44              44
  115         353.392     412.255         353.393     412.240             115             115
  240        -453.964    -312.805        -454.005    -312.772             240             240
  193        -445.551     837.695        -445.538     837.737             193             193
  143         440.314    -401.630         440.244    -401.644             143             143
   23        -134.929     497.685        -134.924     497.703              23              23
  179          82.299     554.614          82.300     554.656             179             179
  114         142.532    -876.669         142.428    -876.639             114             114
   48         329.426    -662.096         329.343    -662.128              48              48
  147         726.010     300.903         726.032     300.835             147             147
   91        -871.363     836.699        -871.300     836.804              91              91
  175       -1162.322    -938.406       -1162.469    -938.273             175             175
  139         896.537    -397.405         896.424    -397.465             139             139
   37         237.516     -73.222         237.464     -73.220              37              37
  195         271.182   -1138.082         271.051   -1138.101             195             195
  243        -303.404    -140.558        -303.469    -140.553             243             243
   62         138.352    -633.232         138.236    -633.263              62              62
  216       -1206.629    -292.172       -1206.775    -292.119             216             216
  115         789.545     538.718         789.418     538.632             115             115
  242         -43.419    -232.028         -43.647    -232.030             242             242
  113         123.915    -108.396         123.480    -108.424             113             113
