SINAL     NFT                         FFT                         NFT INVERSA     FFT INVERSA
-----     -----------------------     -----------------------     -----------     -----------
  133       16194.000       0.000       16194.000       0.000             133             133
   67         755.634     108.138         755.637     108.138              67              67
  195        -914.617     234.497        -914.613     234.498             195             195
  254          69.172    -326.507          69.174    -326.506             254             254
   54         629.394    -170.086         629.397    -170.086              54              54
  147       -1057.284     100.751       -1057.280     100.756             147             147
  230         373.929    -899.763         373.930    -899.762             230             230
   91        -897.821   -1543.724        -897.824   -1543.721              91              91
  232        -286.647    -543.125        -286.649    -543.126             232             232
  210         557.047     498.950         557.052     498.947             210             210
  108          24.685    -682.540          24.686    -682.540             108             108
   16        -656.216     -56.623        -656.214     -56.620              16              16
  245        -422.908     374.623        -422.906     374.627             245             245
   60        -166.430    -588.084        -166.438    -588.080              60              60
   40        1445.668    -768.395        1445.660    -768.408              40              40
   93         927.271    -563.562         927.273    -563.575              93              93
  205        -145.785     582.553        -145.772     582.550             205             205
   32         -94.469     327.962         -94.462     327.963              32              32
   66         507.362      52.999         507.366      52.995              66              66
  215         146.420    -467.587         146.421    -467.589             215             215
  147         314.217     213.172         314.228     213.166             147             147
  168        -192.793      33.948        -192.782      33.951             168             168
   37       -1047.800     162.718       -1047.794     162.735              37              37
  176         116.050    -388.854         116.044    -388.853             176             176
   72        -636.206    -855.164        -636.222    -855.160              72              72
  126         968.503     364.167         968.509     364.143             126             126
  217          95.738     463.775          95.753     463.771             217             217
  170        -114.082    -294.080        -114.081    -294.081             170             170
  194        -245.347     602.324        -245.332     602.323             194             194
  238        -564.283     338.196        -564.278     338.205             238             238
  124         427.596     119.266         427.596     119.256             124             124
   71         133.924     882.154         133.944     882.153              71              71
   50        -265.015     628.982        -265.000     629.000              50              50
   64         278.853    -838.164         278.837    -838.161              64              64
   69          10.009    -351.745          10.007    -351.749              69              69
  104         -74.577    -213.353         -74.576    -213.361             104             104
  211        -324.053     205.015        -324.044     205.010             211             211
   44        -374.845     266.978        -374.838     266.971              44              44
  196        -673.380    1445.537        -673.355    1445.543             196             196
  188         654.784    1638.867         654.813    1638.861             188             188
  254         274.985     464.972         274.999     464.984             254             254
   48        -294.202     395.373        -294.195     395.395              48              48
  204         548.154     931.634         548.176     931.642             204             204
  244        -329.263    -526.772        -329.283    -526.739             244             244
  109         850.398    -111.913         850.391    -111.925             109             109
  244         218.886     104.011         218.893     104.018             244             244
   82         396.635    -375.701         396.632    -375.703              82              82
   58        -582.801     100.675        -582.801     100.697              58              58
   21        1221.772     -15.420        1221.772     -15.450              21              21
  149        -214.294     -31.087        -214.287     -31.074             149             149
   17        1120.914     243.624        1120.937     243.596              17              17
  168        -709.468    -102.021        -709.453    -101.989             168             168
   62         178.750    -156.505         178.752    -156.509              62              62
   55        -457.347     639.181        -457.321     639.204              55              55
   88         436.871     281.014         436.884     281.021              88              88
  134         133.689    -711.451         133.678    -711.440             134             134
  181        -428.128    -203.001        -428.127    -202.983             181             181
   49         433.431    -284.647         433.431    -284.665              49              49
   49          72.395      56.462          72.427      56.449              49              49
  119       -1991.864     972.912       -1991.824     972.991             119             119
   32          51.527     266.538          51.513     266.556              32              32
  173         353.879    -209.836         353.865    -209.840             173             173
  191         -40.332     903.962         -40.293     903.981             191             191
   82        -335.622    -278.399        -335.637    -278.359              82              82
  238         448.000       0.001         448.000       0.000             238             238
    5        -335.655     278.316        -335.638     278.358               5               5
  187         -40.250    -904.002         -40.292    -903.982             187             187
  194         353.849     209.844         353.865     209.840             194             194
   49          51.498    -266.576          51.513    -266.556              49              49
  128       -1991.774    -973.087       -1991.822    -972.994             128             128
  126          72.466     -56.434          72.428     -56.450             126             126
   48         433.430     284.688         433.430     284.666              48              48
  177        -428.127     202.958        -428.128     202.983             177             177
   74         133.663     711.425         133.677     711.439              74              74
   36         436.902    -281.031         436.884    -281.021              36              36
   30        -457.283    -639.237        -457.320    -639.205              30              30
   63         178.756     156.514         178.752     156.509              63              63
  119        -709.430     101.937        -709.453     101.988             119             119
   89        1120.973    -243.552        1120.937    -243.595              89              89
   84        -214.276      31.053        -214.287      31.074              84              84
   12        1221.772      15.501        1221.772      15.450              12              12
  107        -582.800    -100.740        -582.800    -100.699             107             107
  252         396.625     375.707         396.631     375.703             252             252
   74         218.908    -104.029         218.894    -104.017              74              74
  162         850.377     111.950         850.390     111.926             162             162
   84        -329.321     526.675        -329.283     526.739              84              84
  208         548.224    -931.658         548.177    -931.642             208             208
   87        -294.178    -395.442        -294.194    -395.396              87              87
  134         275.029    -465.009         274.999    -464.983             134             134
    2         654.889   -1638.845         654.817   -1638.859               2               2
  207        -673.292   -1445.557        -673.352   -1445.544             207             207
  166        -374.821    -266.954        -374.838    -266.971             166             166
  175        -324.021    -204.998        -324.044    -205.011             175             175
  142         -74.573     213.382         -74.576     213.362             142             142
  249          10.000     351.761          10.006     351.749             249             249
  158         278.790     838.155         278.836     838.162             158             158
  147        -264.954    -629.054        -265.000    -629.000             147             147
  181         134.016    -882.146         133.946    -882.152             181             181
   96         427.599    -119.219         427.596    -119.255              96              96
  196        -564.259    -338.240        -564.277    -338.206             196             196
   53        -245.274    -602.320        -245.331    -602.324              53              53
  222        -114.075     294.090        -114.081     294.082             222             222
  245          95.814    -463.754          95.754    -463.771             245             245
  230         968.531    -364.040         968.510    -364.141             230             230
   40        -636.291     855.142        -636.223     855.160              40              40
   25         116.018     388.851         116.044     388.854              25              25
    5       -1047.764    -162.817       -1047.793    -162.736               5               5
  103        -192.727     -33.964        -192.782     -33.950             103             103
  144         314.288    -213.133         314.229    -213.166             144             144
   94         146.423     467.604         146.420     467.590              94              94
  187         507.395     -52.970         507.366     -52.994             187             187
  157         -94.417    -327.971         -94.462    -327.964             157             157
  201        -145.680    -582.528        -145.772    -582.550             201             201
  183         927.280     563.686         927.272     563.578             183             183
  232        1445.591     768.526        1445.659     768.410             232             232
  108        -166.520     588.046        -166.440     588.080             108             108
   12        -422.884    -374.672        -422.906    -374.628              12              12
  184        -656.189      56.584        -656.214      56.619             184             184
  196          24.683     682.538          24.684     682.540             196             196
  146         557.117    -498.895         557.053    -498.945             146             146
  186        -286.680     543.143        -286.650     543.126             186             186
  147        -897.890    1543.644        -897.827    1543.719             147             147
   57         373.925     899.731         373.928     899.762              57              57
  106       -1057.176    -100.899       -1057.279    -100.758             106             106
   33         629.511     170.100         629.397     170.087              33              33
   51          69.271     326.464          69.174     326.506              51              51
    8        -914.363    -234.621        -914.613    -234.501               8               8
  181         756.100    -108.107         755.638    -108.137             181             181
