SINAL     NFT                         FFT                         NFT INVERSA     FFT INVERSA
-----     -----------------------     -----------------------     -----------     -----------
  162       15568.000       0.000       15568.000       0.000             162             162
   47        -153.624      -0.264        -153.621      -0.264              47              47
   73        1159.135     -25.459        1159.139     -25.460              73              73
  241        -455.678     662.552        -455.673     662.554             241             241
  211         619.810    -237.804         619.813    -237.804             211             211
   81        -368.623    -426.701        -368.620    -426.700              81              81
  194         171.919    -292.883         171.922    -292.884             194             194
   47        -559.503     406.429        -559.497     406.432              47              47
  221         -69.596      49.909         -69.591      49.912             221             221
  181       -1135.596    -703.502       -1135.596    -703.494             181             181
  158          29.950    -512.391          29.947    -512.391             158             158
   26         -52.954     -63.765         -52.952     -63.766              26              26
   25         316.640     148.471         316.645     148.470              25              25
  127        -912.373    -208.165        -912.373    -208.157             127             127
  223         295.497    -597.401         295.491    -597.405             223             223
  139          99.327     939.143          99.339     939.142             139             139
   21        -799.080    -182.145        -799.082    -182.132              21              21
   60         654.917    -159.662         654.915    -159.665              60              60
  128        -201.476    -694.783        -201.481    -694.778             128             128
  167        -527.305    -794.824        -527.316    -794.821             167             167
   53         521.516     271.311         521.516     271.302              53              53
   57         434.214   -1505.687         434.196   -1505.699              57              57
  174         319.520     261.206         319.527     261.187             174             174
  123         -78.773     357.154         -78.762     357.142             123             123
   24        -762.800    1243.971        -762.785    1243.974              24              24
  227         844.475     850.959         844.484     850.944             227             227
   97        -217.277    1197.256        -217.260    1197.265              97              97
   75         928.361    -376.522         928.352    -376.535              75              75
    7         490.704    1641.455         490.737    1641.453               7               7
  168         257.277    -426.039         257.274    -426.030             168             168
  188         801.676     164.871         801.687     164.862             188             188
  170        -259.242    -528.268        -259.240    -528.263             170             170
  216        -402.011     341.999        -402.000     342.000             216             216
    5         -22.214    1264.226         -22.188    1264.229               5               5
  155          -6.057     518.264          -6.047     518.277             155             155
  171         212.060     322.627         212.067     322.637             171             171
   87          84.372    -405.879          84.362    -405.872              87              87
   93         611.237     453.024         611.253     453.017              93              93
  219        -393.042    -421.277        -393.048    -421.262             219             219
   53        -158.185     747.415        -158.174     747.423              53              53
   19         684.324     234.141         684.323     234.137              19              19
  122        1359.159    -255.799        1359.164    -255.825             122             122
   79        -353.383     295.134        -353.356     295.149              79              79
   45        -511.743     549.451        -511.726     549.477              45              45
  249         717.672     296.862         717.685     296.862             249             249
   47        -302.174    -381.315        -302.176    -381.289              47              47
  185         -16.292     284.628         -16.283     284.646             185             185
   14         349.568    -739.724         349.549    -739.718              14              14
  107         451.076    -242.126         451.083    -242.132             107             107
   58        -785.468    -269.235        -785.469    -269.199              58              58
  182          86.230    -894.066          86.196    -894.069             182             182
  160         628.510     204.253         628.521     204.229             160             160
  115        -186.191    -111.766        -186.189    -111.758             115             115
  100         947.008    -390.253         947.010    -390.288             100             100
   28        -697.076    -125.124        -697.059    -125.116              28              28
  140        -208.744    1201.084        -208.695    1201.088             140             140
   72        -155.968     296.053        -155.948     296.074              72              72
  125        -409.504     -73.171        -409.499     -73.149             125             125
  216        -510.497     742.211        -510.468     742.243             216             216
   79        -821.787    -489.826        -821.819    -489.785              79              79
   38         163.418     829.084         163.429     829.085              38              38
  148         378.758     529.984         378.770     530.002             148             148
  249         -68.867    -951.814         -68.910    -951.792             249             249
  254         274.496     413.195         274.503     413.192             254             254
  154         508.000       0.002         508.000       0.000             154             154
  149         274.512    -413.188         274.504    -413.192             149             149
  170         -68.959     951.768         -68.912     951.792             170             170
  242         378.785    -530.020         378.771    -530.001             242             242
  243         163.443    -829.087         163.430    -829.086             243             243
  133        -821.858     489.734        -821.820     489.783             133             133
   39        -510.431    -742.283        -510.467    -742.244              39              39
    7        -409.492      73.120        -409.499      73.148               7               7
  255        -155.923    -296.101        -155.948    -296.074             255             255
  118        -208.627   -1201.093        -208.693   -1201.088             118             118
   53        -697.037     125.104        -697.059     125.115              53              53
  249         947.013     390.342         947.010     390.291             249             249
  166        -186.186     111.744        -186.189     111.757             166             166
  238         628.538    -204.188         628.521    -204.227             238             238
    8          86.140     894.073          86.194     894.069               8               8
   17        -785.471     269.141        -785.469     269.197              17              17
   40         451.093     242.141         451.082     242.132              40              40
  191         349.514     739.707         349.548     739.718             191             191
  178         -16.266    -284.680         -16.283    -284.647             178             178
  156        -302.181     381.241        -302.177     381.289             156             156
   36         717.709    -296.862         717.685    -296.862              36              36
  206        -511.691    -549.530        -511.725    -549.478             206             206
   41        -353.299    -295.179        -353.355    -295.149              41              41
  108        1359.175     255.885        1359.164     255.827             108             108
   76         684.320    -234.128         684.323    -234.137              76              76
    1        -158.146    -747.442        -158.173    -747.423               1               1
  187        -393.061     421.228        -393.047     421.262             187             187
  114         611.291    -452.999         611.254    -453.016             114             114
  150          84.336     405.853          84.362     405.871             150             150
  181         212.085    -322.664         212.067    -322.637             181             181
  112          -6.017    -518.313          -6.045    -518.278             112             112
   48         -22.109   -1264.237         -22.185   -1264.229              48              48
   75        -401.966    -342.003        -402.000    -342.000              75              75
   27        -259.237     528.246        -259.241     528.263              27              27
   34         801.728    -164.829         801.688    -164.861              34              34
   63         257.259     426.005         257.273     426.031              63              63
  161         490.861   -1641.443         490.739   -1641.452             161             161
   73         928.318     376.587         928.351     376.536              73              73
   70        -217.189   -1197.302        -217.258   -1197.265              70              70
  161         844.525    -850.880         844.486    -850.942             161             161
  192        -762.714   -1243.990        -762.783   -1243.975             192             192
  123         -78.718    -357.088         -78.763    -357.142             123             123
  154         319.563    -261.091         319.528    -261.185             154             154
  102         434.094    1505.765         434.193    1505.701             102             102
  106         521.516    -271.255         521.517    -271.302             106             106
  163        -527.387     794.802        -527.319     794.820             163             163
  120        -201.514     694.750        -201.482     694.778             120             120
  146         654.900     159.688         654.914     159.667             146             146
   98        -799.097     182.044        -799.083     182.132              98              98
   42          99.433    -939.133          99.340    -939.142              42              42
   47         295.446     597.445         295.490     597.406              47              47
  134        -912.371     208.076        -912.374     208.155             134             134
  249         316.691    -148.449         316.645    -148.469             249             249
   88         -52.940      63.772         -52.953      63.765              88              88
  243          29.915     512.398          29.947     512.392             243             243
   69       -1135.616     703.379       -1135.598     703.492              69              69
   90         -69.521     -49.956         -69.591     -49.911              90              90
  175        -559.387    -406.488        -559.496    -406.433             175             175
  184         171.989     292.897         171.923     292.884             184             184
  240        -368.546     426.648        -368.621     426.698             240             240
  100         619.914     237.810         619.814     237.805             100             100
   40        -455.459    -662.617        -455.672    -662.555              40              40
   32        1159.351      25.552        1159.139      25.462              32              32
  176        -153.229       0.240        -153.621       0.264             176             176
