SINAL     NFT                         FFT                         NFT INVERSA     FFT INVERSA
-----     -----------------------     -----------------------     -----------     -----------
  221       16937.000       0.000       16937.000       0.000             221             221
  254        -360.112   -1102.650        -360.109   -1102.650             254             254
  104         506.305    -148.704         506.308    -148.703             104             104
  184        -831.557   -1680.390        -831.556   -1680.388             184             184
  110         467.468    -233.290         467.469    -233.292             110             110
  124         872.306    -652.903         872.308    -652.905             124             124
   92         500.326     287.260         500.331     287.258              92              92
  236        -237.521     435.088        -237.515     435.091             236             236
  213         447.557    -596.246         447.559    -596.247             213             213
  162       -1068.883    -260.833       -1068.881    -260.827             162             162
  247         391.438    -153.024         391.437    -153.027             247             247
   23        1064.081     489.222        1064.088     489.216              23              23
  176        -748.741     235.755        -748.736     235.763             176             176
  143        1053.819    -268.867        1053.817    -268.872             143             143
  182         857.468     403.738         857.479     403.733             182             182
   52        -586.276     398.221        -586.267     398.233              52              52
  175         583.309    -841.504         583.304    -841.504             175             175
  151          39.017      15.013          39.022      15.016             151             151
  152         518.855    -178.456         518.860    -178.456             152             152
  237        -780.558    -204.424        -780.556    -204.408             237             237
  133         633.863   -1036.043         633.851   -1036.047             133             133
  188         110.394    -171.549         110.396    -171.548             188             188
  108        -138.171    -808.891        -138.181    -808.888             108             108
  186        1059.568    -489.823        1059.569    -489.841             186             186
  154       -1031.593     128.808       -1031.586     128.821             154             154
  173         625.130    -216.013         625.126    -216.024             173             173
   57        -404.680     268.941        -404.676     268.946              57              57
  108         663.408     -67.719         663.403     -67.729             108             108
  207         942.958     164.239         942.966     164.224             207             207
   90         169.939    -406.070         169.940    -406.075              90              90
   87         354.144     556.601         354.159     556.591              87              87
  173         680.289     483.632         680.308     483.624             173             173
   89         212.983      97.997         213.000      98.000              89              89
  192        -370.567     -54.344        -370.558     -54.330             192             192
  101         399.624     321.741         399.642     321.739             101             101
  199        -887.918    -260.773        -887.920    -260.747             199             199
   61         600.151     140.922         600.155     140.910              61              61
  194         -93.698     941.440         -93.672     941.457             194             194
  180         775.108    -997.368         775.092    -997.373             180             180
   19        -471.794     184.652        -471.780     184.668              19              19
  100         379.202     187.570         379.211     187.574             100             100
  172         485.128    -389.802         485.132    -389.799             172             172
   42        -132.817    -802.035        -132.822    -802.028              42              42
   21         -55.774     171.675         -55.753     171.677              21              21
   59        -791.341     -37.042        -791.332     -37.013              59              59
  224        -660.612    -188.373        -660.621    -188.346             224             224
   74         175.660    -314.405         175.646    -314.406              74              74
  235        -162.223     180.689        -162.220     180.701             235             235
  120         164.721    -691.503         164.697    -691.504             120             120
  227          26.740      25.840          26.738      25.835             227             227
  216         544.427     400.452         544.443     400.440             216             216
  253         -84.335      -8.460         -84.328      -8.443             253             253
  159         -54.972    -239.991         -54.977    -239.974             159             159
   69        -494.361    -846.822        -494.403    -846.804              69              69
  184        1623.838     464.100        1623.850     464.047             184             184
   57         849.749    -557.109         849.761    -557.128              57              57
  243        -667.192    -465.517        -667.184    -465.495             243             243
  241         504.801    -198.658         504.817    -198.682             241             241
  165       -1159.337    -159.651       -1159.323    -159.617             165             165
  195        -209.214     168.349        -209.204     168.348             195             195
   76        -505.406     188.608        -505.396     188.620              76              76
  253        -256.368     643.842        -256.347     643.854             253             253
  112          67.740     422.324          67.755     422.336             112             112
  165         399.256     -69.575         399.272     -69.575             165             165
  190       -1659.000      -0.082       -1659.000       0.000             190             190
  214         399.287      69.575         399.271      69.575             214             214
  109          67.772    -422.350          67.756    -422.337             109             109
  252        -256.323    -643.867        -256.346    -643.854             252             252
  152        -505.385    -188.636        -505.396    -188.621             152             152
   34        -209.192    -168.347        -209.204    -168.348              34              34
   15       -1159.307     159.574       -1159.323     159.615              15              15
  253         504.837     198.714         504.817     198.684             253             253
  206        -667.174     465.465        -667.184     465.494             206             206
   58         849.774     557.157         849.759     557.130              58              58
   19        1623.867    -463.970        1623.851    -464.044              19              19
   10        -494.465     846.776        -494.405     846.802              10              10
   26         -54.985     239.950         -54.977     239.975              26              26
   93         -84.317       8.417         -84.328       8.443              93              93
  245         544.468    -400.421         544.444    -400.439             245             245
  147          26.735     -25.828          26.738     -25.835             147             147
   64         164.656     691.505         164.696     691.504              64              64
  206        -162.214    -180.724        -162.220    -180.702             206             206
  144         175.620     314.408         175.645     314.406             144             144
  223        -660.638     188.295        -660.621     188.344             223             223
   20        -791.313      36.954        -791.332      37.012              20              20
   73         -55.711    -171.681         -55.753    -171.677              73              73
   25        -132.834     802.012        -132.824     802.027              25              25
    7         485.137     389.795         485.130     389.800               7               7
   58         379.230    -187.581         379.211    -187.573              58              58
  191        -471.748    -184.706        -471.780    -184.669             191             191
  202         775.053     997.385         775.091     997.374             202             202
  135         -93.606    -941.500         -93.670    -941.458             135             135
  189         600.164    -140.879         600.156    -140.909             189             189
   58        -887.924     260.675        -887.920     260.746              58              58
   45         399.690    -321.734         399.642    -321.739              45              45
  123        -370.533      54.292        -370.558      54.330             123             123
   17         213.050     -98.010         213.000     -98.000              17              17
  154         680.370    -483.596         680.309    -483.622             154             154
  120         354.213    -556.560         354.160    -556.591             120             120
  169         169.940     406.091         169.940     406.076             169             169
  189         942.994    -164.168         942.966    -164.223             189             189
  135         663.385      67.770         663.403      67.730             135             135
  167        -404.659    -268.971        -404.675    -268.947             167             167
  139         625.111     216.074         625.126     216.026             139             139
  193       -1031.555    -128.879       -1031.586    -128.822             193             193
  186        1059.565     489.933        1059.567     489.843             186             186
  149        -138.230     808.872        -138.182     808.887             149             149
  220         110.409     171.547         110.396     171.549             220             220
   24         633.783    1036.069         633.850    1036.048              24              24
  139        -780.550     204.308        -780.557     204.406             139             139
  111         518.887     178.458         518.860     178.456             111             111
   88          39.055     -15.037          39.022     -15.016              88              88
   90         583.265     841.503         583.303     841.504              90              90
    0        -586.196    -398.333        -586.266    -398.235               0               0
   56         857.566    -403.692         857.480    -403.732              56              56
  110        1053.803     268.929        1053.817     268.874             110             110
   73        -748.693    -235.853        -748.736    -235.765              73              73
   82        1064.164    -489.142        1064.088    -489.214              82              82
  117         391.419     153.061         391.437     153.027             117             117
  132       -1068.865     260.737       -1068.882     260.825             132             132
   17         447.582     596.250         447.558     596.247              17              17
   64        -237.407    -435.141        -237.515    -435.091              64              64
   11         500.449    -287.210         500.332    -287.257              11              11
  207         872.331     652.983         872.307     652.907             207             207
  122         467.512     233.332         467.469     233.292             122             122
   56        -831.566    1680.283        -831.559    1680.386              56              56
   75         506.514     148.676         506.308     148.704              75              75
  140        -359.766    1102.533        -360.111    1102.648             140             140
