SINAL     NFT                         FFT                         NFT INVERSA     FFT INVERSA
-----     -----------------------     -----------------------     -----------     -----------
  120       16069.000       0.000       16069.000       0.000             120             120
  107        -306.150    -350.836        -306.147    -350.835             107             107
  166        -895.444    -893.395        -895.442    -893.394             166             166
  134        -420.658    -894.649        -420.657    -894.647             134             134
  152         208.956   -1223.811         208.955   -1223.813             152             152
  170         566.910     502.576         566.913     502.572             170             170
   18         570.852     518.757         570.857     518.754              18              18
  175        1336.456    1083.928        1336.465    1083.926             175             175
    3        -782.468   -1401.834        -782.469   -1401.828               3               3
  150        -257.456     258.736        -257.454     258.736             150             150
  176        1605.454    -328.870        1605.456    -328.881             176             176
  141        -175.958     386.154        -175.948     386.153             141             141
  118         -47.014    1014.314         -47.000    1014.317             118             118
  123         195.445    -301.334         195.451    -301.329             123             123
  136       -1275.646   -1054.321       -1275.649   -1054.311             136             136
  199        -387.345     803.529        -387.339     803.532             199             199
  246         492.232    -406.025         492.230    -406.026             246             246
   78         221.067     -74.845         221.072     -74.846              78              78
  177        -369.901    -364.287        -369.897    -364.282             177             177
  187       -1267.304    -399.969       -1267.309    -399.957             187             187
  154         373.604     430.939         373.607     430.933             154             154
  193        -363.967    -147.138        -363.969    -147.131             193             193
  140         126.678    -408.060         126.670    -408.063             140             140
  208          79.032      82.491          79.031      82.487             208             208
  181         162.323     240.562         162.324     240.558             181             181
  170        1016.218      98.955        1016.220      98.937             170             170
   14         545.259     927.661         545.285     927.658              14              14
   38        -747.438    -642.366        -747.442    -642.346              38              38
   75         295.815    -345.197         295.809    -345.202              75              75
   56         497.068    -295.619         497.071    -295.633              56              56
  163        -725.102     404.442        -725.090     404.452             163             163
  195         130.621    -210.075         130.614    -210.081             195             195
  164         656.983     680.017         657.000     680.000             164             164
   73         178.262     559.533         178.283     559.536              73              73
   74        -170.018    -690.055        -170.026    -690.052              74              74
   61         152.090    1137.530         152.122    1137.528              61              61
  244        -460.952      -1.348        -460.947      -1.325             244             244
   92          -4.009    -515.070          -4.021    -515.066              92              92
  236         191.037     101.828         191.043     101.820             236             236
  248         133.885     547.840         133.907     547.840             248             248
  243        -483.589     333.292        -483.576     333.318             243             243
  157         -99.998    -816.792        -100.022    -816.783             157             157
  133         486.380     407.594         486.394     407.586             133             133
  106          85.482   -1147.619          85.463   -1147.623             106             106
   24        -644.823     448.721        -644.805     448.731              24              24
   13        -195.279    -404.557        -195.293    -404.559              13              13
   49        -166.208     496.534        -166.198     496.528              49              49
   15         265.417     584.321         265.434     584.314              15              15
   91        -588.215    -236.042        -588.229    -236.027              91              91
  227         956.121     715.971         956.138     715.933             227             227
  202          92.717    1062.109          92.759    1062.118             202             202
  246        -131.094    -546.901        -131.109    -546.889             246             246
  164         326.367     835.786         326.397     835.776             164             164
   86        -180.844     191.955        -180.837     191.970              86              86
  198         521.889     764.932         521.916     764.927             198             198
   90         -26.216    -158.624         -26.222    -158.609              90              90
    1        1227.688     606.965        1227.722     606.934               1               1
  213         247.232     297.850         247.276     297.865             213             213
  128        -458.018    -285.431        -458.001    -285.395             128             128
   76        -624.620    -117.617        -624.611    -117.584              76              76
   14           3.961     283.714           3.983     283.726              14              14
   36          13.612     -47.377          13.634     -47.363              36              36
   16       -1024.101      67.196       -1024.079      67.247              16              16
  178        -566.740     411.915        -566.717     411.955             178             178
  110        -943.000      -0.066        -943.000       0.000             110             110
   91        -566.692    -411.999        -566.716    -411.956              91              91
  240       -1024.056     -67.305       -1024.079     -67.249             240             240
   98          13.658      47.348          13.634      47.363              98              98
  184           4.007    -283.740           3.983    -283.726             184             184
  220        -624.601     117.544        -624.611     117.583             220             220
   90        -457.979     285.349        -458.000     285.393              90              90
  171         247.332    -297.883         247.277    -297.865             171             171
  122        1227.766    -606.892        1227.722    -606.933             122             122
  223         -26.229     158.589         -26.222     158.609             223             223
   22         521.955    -764.921         521.917    -764.927              22              22
  146        -180.827    -191.991        -180.837    -191.970             146             146
  236         326.442    -835.762         326.398    -835.776             236             236
   72        -131.134     546.870        -131.110     546.889              72              72
  162          92.827   -1062.131          92.761   -1062.118             162             162
   72         956.167    -715.871         956.140    -715.931              72              72
   43        -588.254     236.001        -588.230     236.026              43              43
  108         265.464    -584.300         265.435    -584.313             108             108
   62        -166.178    -496.518        -166.197    -496.528              62              62
  208        -195.319     404.562        -195.294     404.559             208             208
  194        -644.768    -448.750        -644.804    -448.732             194             194
    5          85.422    1147.630          85.461    1147.623               5               5
   42         486.423    -407.568         486.395    -407.585              42              42
  196        -100.075     816.763        -100.023     816.782             196             196
  218        -483.546    -333.377        -483.575    -333.319             218             218
  171         133.958    -547.840         133.908    -547.841             171             171
   17         191.056    -101.802         191.043    -101.820              17              17
  233          -4.052     515.057          -4.022     515.066             233             233
  207        -460.934       1.265        -460.947       1.324             207             207
   33         152.212   -1137.521         152.124   -1137.528              33              33
  155        -170.048     690.041        -170.027     690.052             155             155
   61         178.345    -559.545         178.284    -559.536              61              61
  125         657.052    -679.949         657.000    -680.000             125             125
  140         130.590     210.101         130.614     210.081             140             140
  159        -725.049    -404.488        -725.089    -404.453             159             159
   53         497.077     295.682         497.070     295.634              53              53
  104         295.786     345.223         295.809     345.203             104             104
  250        -747.462     642.267        -747.444     642.345             250             250
  224         545.391    -927.642         545.287    -927.656             224             224
  227        1016.233     -98.861        1016.221     -98.935             227             227
  217         162.325    -240.540         162.324    -240.558             217             217
  247          79.028     -82.465          79.031     -82.487             247             247
  118         126.630     408.078         126.670     408.063             118             118
  198        -363.982     147.095        -363.970     147.130             198             198
   63         373.624    -430.901         373.608    -430.932              63              63
   24       -1267.336     399.879       -1267.310     399.954              24              24
   15        -369.877     364.248        -369.898     364.282              15              15
  106         221.108      74.852         221.072      74.846             106             106
  132         492.210     406.040         492.229     406.027             132             132
   77        -387.283    -803.561        -387.337    -803.534              77              77
   58       -1275.683    1054.215       -1275.650    1054.309              58              58
   71         195.501     301.292         195.450     301.330              71              71
   83         -46.863   -1014.348         -46.998   -1014.317              83              83
  100        -175.833    -386.149        -175.946    -386.154             100             100
   12        1605.478     329.016        1605.455     328.883              12              12
   45        -257.421    -258.742        -257.453    -258.737              45              45
   15        -782.498    1401.739        -782.471    1401.827              15              15
   29        1336.638   -1083.862        1336.467   -1083.923              29              29
   23         570.944    -518.693         570.857    -518.753              23              23
  223         566.998    -502.472         566.914    -502.570             223             223
   63         208.902    1223.871         208.953    1223.813              63              63
  179        -420.645     894.601        -420.659     894.647             179             179
   28        -895.322     893.275        -895.444     893.393              28              28
  188        -305.741     350.742        -306.147     350.835             188             188
