SINAL     NFT                         FFT                         NFT INVERSA     FFT INVERSA
-----     -----------------------     -----------------------     -----------     -----------
   32       18837.000       0.000       18837.000       0.000              32              32
   97        -910.304     558.508        -910.300     558.509              97              97
  116         191.671    -210.995         191.675    -210.995             116             116
   47        -898.805     255.270        -898.800     255.272              47              47
  254        -462.285    -331.870        -462.281    -331.868             254             254
  146       -1029.708    -485.925       -1029.706    -485.921             146             146
  181        -714.812    -836.965        -714.813    -836.963             181             181
  229        -441.381     -85.581        -441.379     -85.580             229             229
   13        -611.523     303.931        -611.521     303.935              13              13
   27        -505.968     202.625        -505.969     202.631              27              27
  240        1828.059   -1682.407        1828.051   -1682.416             240             240
  166        -377.094    -947.978        -377.094    -947.981             166             166
  185        -193.037     728.666        -193.029     728.664             185             185
  254         140.643    -640.830         140.643    -640.831             254             254
  239        -736.799    -115.924        -736.797    -115.922             239             239
  162        -104.804    -250.471        -104.804    -250.475             162             162
  102        -636.865     356.776        -636.861     356.777             102             102
    9        -498.112     664.819        -498.109     664.822               9               9
  132         347.493     -66.116         347.488     -66.122             132             132
  133         -20.418    1120.244         -20.410    1120.244             133             133
  199        1416.784     149.686        1416.786     149.674             199             199
   40          67.077    -227.553          67.081    -227.550              40              40
    8         122.346    -281.543         122.347    -281.546               8               8
  103        -119.977     382.311        -119.970     382.311             103             103
  227         737.648     -10.813         737.653     -10.825             227             227
   87        -512.235     832.446        -512.216     832.456              87              87
  200          21.862     150.014          21.864     150.024             200             200
  236         216.813   -1094.119         216.794   -1094.119             236             236
  194        1518.768    -166.698        1518.777    -166.730             194             194
  176        -642.481    -173.632        -642.465    -173.627             176             176
   94        -639.938     392.040        -639.922     392.045              94              94
  227        -564.252     707.769        -564.235     707.780             227             227
   18        -433.006     361.983        -433.000     362.000              18              18
  210          29.764    -598.517          29.748    -598.516             210             210
   18          81.053     667.826          81.067     667.825              18              18
   17         138.492      75.161         138.498      75.167              17              17
  101        -913.733    -564.058        -913.751    -564.036             101             101
  199         962.334     673.311         962.342     673.291             199             199
  246         519.889    -271.790         519.886    -271.792             246             246
  115        1276.841    -698.892        1276.844    -698.922             115             115
  227       -1118.748      90.345       -1118.728      90.370             227             227
  230         377.432      23.275         377.442      23.269             230             230
   25        -338.237    -695.642        -338.240    -695.635              25              25
  157        -603.201    -200.616        -603.201    -200.609             157             157
  229         632.315     107.339         632.333     107.313             229             229
    8       -1511.001    -225.702       -1510.994    -225.667               8               8
   64        -467.439      81.822        -467.443      81.821              64              64
   75         170.553     643.014         170.575     643.001              75              75
   18       -1341.132      -3.259       -1341.139      -3.224              18              18
  197         821.669     607.133         821.677     607.098             197             197
  209         148.515    1078.019         148.560    1078.021             209             209
  218        -707.726    -196.006        -707.726    -195.971             218             218
  237        -600.490      20.309        -600.499      20.327             237             237
  217         245.935     821.038         245.954     821.036             217             217
   65         119.969     -56.352         119.969     -56.345              65              65
  209        -179.729      11.933        -179.724      11.942             209             209
   48        -431.417     361.112        -431.405     361.131              48              48
    9        -565.297     573.608        -565.292     573.643               9               9
  189        1185.607    -260.324        1185.594    -260.352             189             189
  243        -389.039    -164.344        -389.032    -164.326             243             243
  186        -318.341     100.841        -318.336     100.853             186             186
   28        -347.357     393.699        -347.349     393.715              28              28
  215         346.692     693.046         346.715     693.048             215             215
  205        -110.822     -15.405        -110.820     -15.377             205             205
  238         -79.000      -0.023         -79.000       0.000             238             238
  233        -110.818      15.348        -110.820      15.377             233             233
  222         346.741    -693.051         346.716    -693.048             222             222
   84        -347.340    -393.733        -347.349    -393.715              84              84
  177        -318.329    -100.867        -318.336    -100.853             177             177
  212        -389.023     164.303        -389.032     164.325             212             212
  199        1185.578     260.389        1185.594     260.354             199             199
  149        -565.287    -573.687        -565.291    -573.644             149             149
  187        -431.388    -361.155        -431.404    -361.131             187             187
  225        -179.717     -11.954        -179.724     -11.942             225             225
   51         119.969      56.335         119.968      56.345              51              51
  161         245.982    -821.030         245.955    -821.035             161             161
  234        -600.510     -20.354        -600.498     -20.328             234             234
  115        -707.725     195.918        -707.726     195.970             115             115
  237         148.634   -1078.025         148.562   -1078.021             237             237
  252         821.691    -607.040         821.678    -607.096             252             252
   57       -1341.152       3.164       -1341.139       3.223              57              57
  190         170.615    -642.978         170.576    -643.001             190             190
  214        -467.450     -81.821        -467.443     -81.822             214             214
   38       -1510.982     225.601       -1510.994     225.666              38              38
  152         632.368    -107.263         632.333    -107.312             152             152
   24        -603.200     200.595        -603.201     200.608              24              24
  248        -338.248     695.618        -338.241     695.634             248             248
  201         377.462     -23.254         377.442     -23.267             201             201
   33       -1118.682     -90.428       -1118.727     -90.371              33              33
  182        1276.848     698.996        1276.843     698.925             182             182
  189         519.877     271.798         519.885     271.793             189             189
  220         962.361    -673.240         962.342    -673.289             220             220
  210        -913.800     563.977        -913.752     564.034             210             210
  148         138.514     -75.182         138.498     -75.166             148             148
  169          81.109    -667.821          81.068    -667.825             169             169
  193          29.703     598.513          29.746     598.516             193             193
  126        -432.983    -362.051        -433.000    -362.000             126             126
  135        -564.181    -707.817        -564.235    -707.781             135             135
   22        -639.867    -392.064        -639.921    -392.046              22              22
   47        -642.411     173.609        -642.465     173.626              47              47
   92        1518.807     166.849        1518.777     166.732              92              92
  221         216.715    1094.120         216.791    1094.119             221             221
  197          21.874    -150.065          21.864    -150.024             197             197
   24        -512.136    -832.502        -512.215    -832.458              24              24
  191         737.675      10.881         737.653      10.826             191             191
  248        -119.934    -382.311        -119.969    -382.311             248             248
  186         122.348     281.563         122.346     281.546             186             186
  169          67.098     227.541          67.080     227.551             169             169
  108        1416.798    -149.602        1416.786    -149.672             108             108
  167         -20.357   -1120.244         -20.408   -1120.244             167             167
  165         347.456      66.164         347.488      66.123             165             165
  165        -498.087    -664.843        -498.108    -664.823             165             165
  102        -636.831    -356.782        -636.861    -356.776             102             102
  124        -104.812     250.508        -104.805     250.476             124             124
  204        -736.779     115.898        -736.796     115.921             204             204
  254         140.630     640.854         140.641     640.833             254             254
  148        -192.944    -728.646        -193.028    -728.664             148             148
  197        -377.106     948.006        -377.096     947.981             197             197
  200        1827.934    1682.539        1828.048    1682.419             200             200
  182        -505.987    -202.718        -505.969    -202.632             182             182
  123        -611.490    -303.989        -611.521    -303.935             123             123
  133        -441.360      85.563        -441.380      85.579             133             133
  146        -714.839     836.906        -714.815     836.961             146             146
   78       -1029.663     485.810       -1029.708     485.919              78              78
   25        -462.189     331.789        -462.282     331.867              25              25
   60        -898.604    -255.378        -898.800    -255.273              60              60
   16         191.906     210.981         191.674     210.994              16              16
  151        -909.759    -558.603        -910.299    -558.510             151             151
