SINAL     NFT                         FFT                         NFT INVERSA     FFT INVERSA
-----     -----------------------     -----------------------     -----------     -----------
  211       17412.000       0.000       17412.000       0.000             211             211
  195         -59.138     214.369         -59.134     214.369             195             195
   54         126.271     944.757         126.276     944.757              54              54
  144        -365.221    1193.803        -365.216    1193.805             144             144
   75        1062.489    -563.739        1062.491    -563.739              75              75
  221        -217.643    -533.156        -217.639    -533.155             221             221
   28        -819.399    1136.890        -819.392    1136.894              28              28
   13         136.175    -643.736         136.175    -643.734              13              13
  152         107.164    -533.968         107.164    -533.969             152             152
  178           5.073     493.326           5.079     493.325             178             178
  233         197.521     651.812         197.527     651.811             233             233
  176        1037.371     737.520        1037.380     737.517             176             176
   62        -100.594     714.325        -100.582     714.332              62              62
   89        -337.263      68.615        -337.258      68.627              89              89
    9        -165.978    -819.777        -165.982    -819.769               9               9
  152         393.245    -616.538         393.244    -616.539             152             152
   90         -99.761    -186.261         -99.758    -186.259              90              90
   66         159.976     -76.587         159.982     -76.586              66              66
    7        -556.441    -128.045        -556.436    -128.035               7               7
  163        -544.338    -439.584        -544.342    -439.574             163             163
  148        -195.500    -852.843        -195.513    -852.845             148             148
  125         136.697    1166.055         136.709    1166.051             125             125
   40         681.202     -62.576         681.205     -62.583              40              40
  166        -777.166    1118.573        -777.149    1118.589             166             166
  189         323.008    -123.714         323.003    -123.710             189             189
   51         175.185     600.071         175.193     600.077              51              51
  118         708.859     595.208         708.872     595.215             118             118
   55        -119.592    -417.608        -119.593    -417.583              55              55
  108         -52.458   -1779.415         -52.487   -1779.404             108             108
  193          45.854    -597.363          45.843    -597.368             193             193
  196         497.292     535.887         497.305     535.880             196             196
   64        -114.682    -187.735        -114.683    -187.723              64              64
  132         545.000    -199.000         545.000    -199.000             132             132
  250        -241.625    -922.811        -241.641    -922.800             250             250
  209         823.165    -105.240         823.169    -105.257             209             209
  208         125.600    -323.611         125.609    -323.611             208             208
  215        -513.494     -91.062        -513.482     -91.048             215             215
  237       -1075.964     278.726       -1075.958     278.758             237             237
  221         348.210    -251.040         348.200    -251.040             221             221
  111        -312.204     635.659        -312.184     635.687             111             111
  160        -910.077   -1841.700        -910.133   -1841.663             160             160
  198         -61.583    -299.613         -61.610    -299.614             198             198
   32         893.608    -665.696         893.582    -665.725              32              32
  222        -296.206     337.568        -296.202     337.572             222             222
   32         772.777     232.405         772.780     232.394              32              32
   42        -375.179    -946.053        -375.207    -946.036              42              42
  119         -69.706    -162.012         -69.728    -162.016             119             119
  122        1227.732     217.015        1227.728     216.979             122             122
  108         707.753     -44.239         707.758     -44.258             108             108
  127         307.456     462.219         307.479     462.220             127             127
   30         380.295    -256.475         380.296    -256.470              30              30
    1         215.216     -83.167         215.227     -83.155               1               1
  252        -610.936   -1168.421        -610.974   -1168.392             252             252
   70         955.018      96.996         955.025      96.967              70              70
  168        -546.453    -334.514        -546.456    -334.480             168             168
  185         270.385   -1370.843         270.340   -1370.851             185             185
  122        -748.023    -119.943        -748.033    -119.921             122             122
   30         789.396   -1388.432         789.337   -1388.478              30              30
  241         -61.055     696.904         -61.029     696.885             241             241
  231         333.687     261.649         333.694     261.644             231             231
  224         381.793    -755.334         381.770    -755.345             224             224
  181        -243.139    -285.567        -243.148    -285.563             181             181
   39         186.625    -725.690         186.593    -725.708              39              39
  101         -21.038    -744.200         -21.074    -744.228             101             101
  175         706.000       0.070         706.000       0.000             175             175
  248         -21.113     744.258         -21.075     744.229             248             248
   53         186.557     725.727         186.592     725.708              53              53
  135        -243.158     285.558        -243.148     285.563             135             135
  230         381.742     755.359         381.769     755.346             230             230
   18         333.703    -261.635         333.694    -261.642              18              18
  247         -60.995    -696.861         -61.027    -696.885             247             247
  134         789.260    1388.538         789.334    1388.480             134             134
  217        -748.048     119.893        -748.034     119.921             217             217
   23         270.277    1370.862         270.337    1370.851              23              23
  101        -546.460     334.430        -546.456     334.478             101             101
  250         955.036     -96.923         955.025     -96.966             250             250
   65        -611.032    1168.349        -610.976    1168.391              65              65
  221         215.243      83.137         215.226      83.155             221             221
  116         380.296     256.463         380.295     256.471             116             116
  174         307.517    -462.221         307.479    -462.220             174             174
   92         707.767      44.290         707.758      44.259              92              92
  146        1227.722    -216.912        1227.728    -216.977             146             146
  176         -69.768     162.023         -69.728     162.016             176             176
   89        -375.263     946.005        -375.210     946.036              89              89
  217         772.786    -232.372         772.780    -232.393             217             217
   89        -296.192    -337.582        -296.201    -337.573              89              89
   18         893.528     665.786         893.581     665.726              18              18
   83         -61.667     299.617         -61.611     299.614              83              83
  120        -910.256    1841.579        -910.134    1841.662             120             120
    3        -312.138    -635.752        -312.184    -635.688               3               3
   58         348.177     251.039         348.200     251.040              58              58
   88       -1075.943    -278.840       -1075.958    -278.760              88              88
  185        -513.453      91.014        -513.483      91.048             185             185
   98         125.631     323.611         125.608     323.611              98              98
  189         823.178     105.303         823.168     105.257             189             189
  104        -241.690     922.768        -241.643     922.800             104             104
   90         544.999     199.000         545.000     199.000              90              90
  243        -114.687     187.683        -114.684     187.723             243             243
  240         497.347    -535.856         497.306    -535.880             240             240
   65          45.802     597.384          45.842     597.368              65              65
    6         -52.599    1779.361         -52.489    1779.403               6               6
  231        -119.600     417.486        -119.594     417.582             231             231
  200         708.924    -595.240         708.872    -595.214             200             200
  224         175.230    -600.104         175.195    -600.078             224             224
  254         322.982     123.690         323.003     123.710             254             254
   46        -777.062   -1118.670        -777.147   -1118.591              46              46
  218         681.218      62.619         681.204      62.584             218             218
   64         136.781   -1166.029         136.712   -1166.051              64              64
   11        -195.583     852.854        -195.513     852.844              11              11
   78        -544.368     439.517        -544.343     439.574              78              78
  239        -556.411     127.970        -556.437     128.034             239             239
  104         160.016      76.579         159.981      76.586             104             104
  225         -99.735     186.238         -99.758     186.258             225             225
  159         393.226     616.545         393.243     616.539             159             159
  193        -166.023     819.695        -165.984     819.768             193             193
  186        -337.210     -68.736        -337.258     -68.628             186             186
  248        -100.458    -714.404        -100.581    -714.332             248             248
  212        1037.486    -737.470        1037.382    -737.515             212             212
   14         197.597    -651.806         197.527    -651.812              14              14
  112           5.150    -493.309           5.079    -493.325             112             112
  216         107.163     533.984         107.163     533.969             216             216
   73         136.160     643.699         136.173     643.734              73              73
  201        -819.231   -1136.986        -819.390   -1136.896             201             201
  145        -217.556     533.136        -217.640     533.155             145             145
  171        1062.561     563.765        1062.490     563.740             171             171
  135        -364.985   -1193.888        -365.214   -1193.806             135             135
  250         126.581    -944.737         126.277    -944.757             250             250
    6         -58.660    -214.342         -59.134    -214.369               6               6
