SINAL     NFT                         FFT                         NFT INVERSA     FFT INVERSA
-----     -----------------------     -----------------------     -----------     -----------
   91       15539.000       0.000       15539.000       0.000              91              91
   15        -205.363    -245.021        -205.360    -245.021              15              15
   16         655.642      69.713         655.645      69.712              16              16
   81        -314.958    1083.338        -314.952    1083.338              81              81
  103       -1522.538    -424.596       -1522.536    -424.593             103             103
   74         -35.706    -194.184         -35.705    -194.185              74              74
  132         462.439     228.603         462.442     228.600             132             132
   92         271.719     527.477         271.723     527.474              92              92
  108         184.734     314.568         184.739     314.564             108             108
  103        -101.856    1124.909        -101.847    1124.908             103             103
   81          59.343     469.381          59.348     469.382              81              81
  207          47.156    -113.508          47.157    -113.508             207             207
  250         407.984     370.600         407.990     370.596             250             250
   14         730.525     402.177         730.535     402.170              14              14
  207        -542.654     678.528        -542.639     678.531             207             207
   97        -916.904    1193.381        -916.888    1193.392              97              97
  134        -898.549     780.929        -898.541     780.948             134             134
  145         128.250   -1275.862         128.236   -1275.858             145             145
  154        -916.567     174.563        -916.567     174.572             154             154
   79         351.136    -515.918         351.125    -515.925              79              79
  136         112.398     671.277         112.403     671.270             136             136
   14        1057.214     559.099        1057.222     559.086              14              14
  248         201.129     542.695         201.143     542.695             248             248
  146         -99.560     418.461         -99.552     418.468             146             146
  207         972.446    -404.888         972.446    -404.900             207             207
   16        -178.537     169.740        -178.522     169.738              16              16
  137        -311.394    1383.286        -311.361    1383.294             137             137
   93        -743.450      20.967        -743.445      20.990              93              93
   84        -467.004     -64.046        -467.006     -64.031              84              84
   16        -127.353      97.140        -127.357      97.147              16              16
  193         881.688    -211.548         881.689    -211.564             193             193
  176       -1043.234     359.440       -1043.223     359.457             176             176
   32         236.985     943.999         237.000     944.000              32              32
  210          51.956     172.227          51.957     172.238             210             210
    2         693.268      58.829         693.271      58.823               2               2
  135         323.879     157.141         323.895     157.142             135             135
   29        -482.848       2.737        -482.837       2.757              29              29
  134        -588.726     204.165        -588.720     204.189             134             134
  227          61.781    -201.545          61.774    -201.536             227             227
  137         -24.311    -505.759         -24.320    -505.756             137             137
  238          29.726     297.122          29.742     297.121             238             238
   53       -1549.912     429.484       -1549.910     429.533              53              53
   89        1141.735     -86.039        1141.721     -86.059              89              89
  232        -526.084      77.656        -526.083      77.679             232             232
   67         324.264     302.620         324.264     302.627              67              67
   40         507.965    -830.444         507.942    -830.447              40              40
   73         -55.761      27.882         -55.761      27.889              73              73
  201        1147.541    -455.183        1147.538    -455.210             201             201
  185        -273.470    -433.059        -273.459    -433.052             185             185
  228       -1136.665    -173.916       -1136.667    -173.886             228             228
   25          17.270     190.411          17.268     190.407              25              25
   66        -154.312     186.222        -154.312     186.230              66              66
  242         532.756    -313.708         532.746    -313.729             242             242
   18        -634.357     676.287        -634.337     676.305              18              18
  213         837.372     791.489         837.397     791.481             213             213
  194         -28.936   -1249.782         -28.967   -1249.771             194             194
   34        -214.952     452.586        -214.927     452.585              34              34
   94        -495.112     823.113        -495.083     823.148              94              94
   31        -170.597    -646.613        -170.633    -646.585              31              31
  119         892.585    -690.017         892.563    -690.050             119             119
  111        -489.029    -217.489        -489.024    -217.485             111             111
  225        -530.441     739.245        -530.415     739.259             225             225
   40        -566.736     477.419        -566.740     477.450              40              40
  143        1109.760     488.398        1109.766     488.375             143             143
  179         -61.000      -0.030         -61.000       0.000             179             179
   42        1109.774    -488.346        1109.767    -488.372              42              42
   22        -566.743    -477.485        -566.739    -477.452              22              22
  209        -530.385    -739.275        -530.414    -739.260             209             209
  176        -489.018     217.480        -489.024     217.485             176             176
  250         892.535     690.092         892.562     690.052             250             250
   90        -170.679     646.550        -170.634     646.584              90              90
  158        -495.046    -823.193        -495.083    -823.149             158             158
   47        -214.895    -452.586        -214.926    -452.586              47              47
  180         -29.012    1249.756         -28.969    1249.771             180             180
  135         837.433    -791.469         837.398    -791.480             135             135
  115        -634.307    -676.334        -634.336    -676.307             115             115
  221         532.732     313.760         532.746     313.730             221             221
  209        -154.313    -186.242        -154.312    -186.230             209             209
   61          17.265    -190.400          17.269    -190.407              61              61
  151       -1136.669     173.837       -1136.667     173.885             151             151
  181        -273.441     433.039        -273.459     433.052             181             181
   86        1147.531     455.261        1147.537     455.212              86              86
  217         -55.760     -27.902         -55.760     -27.889             217             217
  168         507.896     830.453         507.939     830.448             168             168
  105         324.265    -302.641         324.264    -302.627             105             105
  174        -526.081     -77.727        -526.083     -77.681             174             174
  107        1141.694      86.102        1141.721      86.060             107             107
  139       -1549.903    -429.640       -1549.909    -429.536             139             139
   13          29.777    -297.118          29.742    -297.121              13              13
  138         -24.344     505.748         -24.321     505.755             138             138
    3          61.760     201.513          61.774     201.535               3               3
  124        -588.705    -204.250        -588.720    -204.190             124             124
  108        -482.808      -2.808        -482.837      -2.757             108             108
   43         323.938    -157.146         323.896    -157.142              43              43
   11         693.282     -58.805         693.271     -58.822              11              11
   32          51.960    -172.268          51.958    -172.237              32              32
   85         237.044    -944.002         237.000    -944.000              85              85
   34       -1043.189    -359.518       -1043.223    -359.460              34              34
  241         881.689     211.619         881.688     211.565             241             241
    6        -127.367     -97.170        -127.356     -97.147               6               6
   29        -467.017      63.980        -467.007      64.031              29              29
   76        -743.425     -21.080        -743.444     -20.991              76              76
  165        -311.230   -1383.329        -311.360   -1383.295             165             165
   77        -178.459    -169.731        -178.521    -169.738              77              77
    0         972.448     404.957         972.446     404.901              -0               0
   44         -99.510    -418.500         -99.550    -418.467              44              44
  192         201.210    -542.693         201.143    -542.695             192             192
  221        1057.266    -559.010        1057.224    -559.083             221             221
  253         112.431    -671.238         112.404    -671.270             253             253
  254         351.059     515.968         351.124     515.926             254             254
  116        -916.567    -174.633        -916.567    -174.574             116             116
  179         128.142    1275.832         128.233    1275.858             179             179
   85        -898.484    -781.082        -898.541    -780.948              85              85
   78        -916.757   -1193.481        -916.886   -1193.394              78              78
   92        -542.510    -678.561        -542.638    -678.532              92              92
  190         730.633    -402.099         730.536    -402.168             190             190
  253         408.049    -370.549         407.990    -370.595             253             253
  199          47.176     113.512          47.158     113.508             199             199
   73          59.418    -469.394          59.350    -469.382              73              73
   10        -101.715   -1124.903        -101.845   -1124.908              10              10
   82         184.815    -314.515         184.739    -314.564              82              82
   76         271.815    -527.416         271.725    -527.473              76              76
  135         462.496    -228.515         462.442    -228.598             135             135
  190         -35.699     194.220         -35.707     194.186             190             190
  120       -1522.482     424.470       -1522.537     424.591             120             120
  146        -314.683   -1083.347        -314.950   -1083.338             146             146
  223         655.870     -69.603         655.646     -69.710             223             223
  205        -204.978     245.042        -205.361     245.021             205             205
