SINAL     NFT                         FFT                         NFT INVERSA     FFT INVERSA
-----     -----------------------     -----------------------     -----------     -----------
  226       33451.000       0.000       33451.000       0.000             226             226
  122         416.977     962.440         416.984     962.440             122             122
  236        -614.216    -712.432        -614.211    -712.432             236             236
   59        1287.561     393.060        1287.568     393.058              59              59
  154         582.260      -9.564         582.268      -9.565             154             154
  181          52.370    -796.467          52.374    -796.467             181             181
   67         972.307      18.927         972.315      18.922              67              67
  226         568.818     215.951         568.827     215.947             226             226
   28         -57.211    2132.811         -57.191    2132.814              28              28
  152        -266.126     -15.739        -266.118     -15.730             152             152
  177         307.818   -1363.152         307.819   -1363.150             177             177
   80        -895.430     689.663        -895.417     689.672              80              80
  200        -902.612   -1721.473        -902.621   -1721.463             200             200
   83        -246.284     483.072        -246.282     483.074              83              83
  198        1620.093    -731.301        1620.091    -731.313             198             198
  125        -711.443    -256.439        -711.440    -256.435             125             125
  243        1266.674     533.318        1266.683     533.305             243             243
   38         227.586    -261.759         227.590    -261.758              38              38
   14         638.399    -285.287         638.400    -285.293              14              14
  191         726.912    -868.484         726.910    -868.497             191             191
   37         427.277    1443.451         427.302    1443.446              37              37
  151        1001.338    -920.505        1001.336    -920.515             151             151
  151         -66.382     934.160         -66.361     934.163             151             151
  124        1520.266    -711.677        1520.269    -711.692             124             124
  129        -552.427    -476.089        -552.418    -476.083             129             129
   43         181.222     -11.115         181.229     -11.121              43              43
  223         317.375    -337.278         317.378    -337.287             223             223
  133         237.885     253.578         237.897     253.567             133             133
  118         907.670     804.287         907.698     804.273             118             118
  119        -400.744    -676.610        -400.741    -676.605             119             119
  121        -234.221     827.038        -234.200     827.037             121             121
   88         407.420     274.914         407.426     274.909              88              88
  242        1051.934    -118.565        1051.941    -118.591             242             242
  102         186.862     956.137         186.895     956.131             102             102
  148        1127.166     280.418        1127.191     280.399             148             148
  140        -607.658      52.522        -607.640      52.534             140             140
   27         797.982    1196.443         798.021    1196.430              27              27
  215         517.749    -214.868         517.765    -214.872             215             215
  111         626.841     979.542         626.897     979.532             111             111
   55       -1021.830     761.747       -1021.783     761.792              55              55
  112        -793.061    -389.097        -793.062    -389.057             112             112
   32         346.895    -409.141         346.892    -409.143              32              32
  136         223.956      14.940         223.976      14.937             136             136
   57        -647.778      59.419        -647.756      59.437              57              57
  115       -1128.006     630.324       -1127.986     630.362             115             115
   79        -105.011      63.528        -105.022      63.541              79              79
  182        1052.915     428.559        1052.928     428.537             182             182
  103         107.474     235.282         107.492     235.289             103             103
  117         988.721     463.643         988.756     463.624             117             117
  197        -581.434     898.806        -581.381     898.851             197             197
   38        -219.741    -113.299        -219.736    -113.252              38              38
  154         497.917   -1585.971         497.882   -1585.970             154             154
   92        -708.418    -119.881        -708.406    -119.861              92              92
  189        -284.763    -253.101        -284.774    -253.097             189             189
   23         674.584    1500.215         674.636    1500.210              23              23
  222        1121.130   -1458.662        1121.109   -1458.681             222             222
  233        -544.263     212.574        -544.214     212.588             233             233
  247        -886.657     860.157        -886.606     860.204             247             247
  100        -860.401     -39.133        -860.405     -39.068             100             100
   96         859.593   -1235.442         859.558   -1235.461              96              96
  110        -937.911      34.363        -937.887      34.394             110             110
  222       -1304.421     484.500       -1304.416     484.564             222             222
  184        1040.411    -425.714        1040.387    -425.736             184             184
   97       -1032.208    -401.858       -1032.226    -401.806              97              97
   68         465.053    -857.971         465.000    -858.000              68              68
   77         806.178     580.111         806.209     580.063              77              77
  238         -64.742     718.940         -64.693     718.953             238             238
   95        -351.976     334.437        -351.957     334.482              95              95
   37         -77.684    -658.359         -77.724    -658.334              37              37
   93        1613.891      -3.839        1613.912      -3.896              93              93
  151        -841.052    -808.095        -841.051    -808.052             151             151
  149        -413.905     202.317        -413.884     202.334             149             149
  126        -701.222     124.499        -701.218     124.550             126             126
   32          45.992   -1373.066          45.919   -1373.075              32              32
  207         -50.101    1084.471         -50.050    1084.468             207             207
  242        -614.344    -815.350        -614.397    -815.311             242             242
  111         242.152    -638.698         242.095    -638.739             111             111
  134         628.443    1197.272         628.486    1197.221             134             134
   89         966.722     689.157         966.764     689.126              89              89
  228        -102.529     -99.977        -102.521     -99.950             228             228
   75         291.355    -324.186         291.336    -324.201              75              75
  128        1270.446     645.972        1270.505     645.909             128             128
  127        -234.276     254.879        -234.223     254.912             127             127
  168         277.893     184.162         277.943     184.177             168             168
   61       -1293.785    -247.296       -1293.776    -247.185              61              61
  150        -128.409   -1818.795        -128.513   -1818.790             150             150
  134        -414.004     395.523        -413.990     395.521             134             134
   39         -83.561    -994.386         -83.640    -994.409              39              39
  141        1426.265     628.313        1426.311     628.185             141             141
  235        -109.834    1291.464        -109.719    1291.467             235             235
  135         124.668     180.107         124.729     180.122             135             135
  252       -2152.442    -401.518       -2152.452    -401.389             252             252
  201        -553.952    -229.587        -554.014    -229.579             201             201
   64         778.959     748.093         778.983     748.023              64              64
   94       -1025.644     360.947       -1025.647     360.991              94              94
   13         777.636    1387.976         777.676    1387.933              13              13
  141         984.040     319.444         984.059     319.409             141             141
   76         190.600     413.341         190.639     413.354              76              76
  109         750.803    -659.158         750.792    -659.210             109             109
  179        -777.422     933.633        -777.333     933.665             179             179
  170        -106.988     395.640        -106.952     395.644             170             170
    5       -1031.128    1033.995       -1031.070    1034.072               5               5
   72        -315.660    -259.728        -315.717    -259.718              72              72
   40         -32.249    2118.569         -32.159    2118.573              40              40
   37         982.741     709.260         982.762     709.241              37              37
   24        -151.430     787.188        -151.396     787.240              24              24
   26         936.433     740.058         936.463     740.042              26              26
  148         341.121     535.199         341.156     535.219             148             148
  159         809.807    1383.681         809.916    1383.690             159             159
  115        -634.438    1062.962        -634.369    1063.124             115             115
  121         690.387     -40.164         690.351     -40.061             121             121
  234         807.445   -2592.577         807.241   -2592.557             234             234
  244        1945.230    -514.383        1945.226    -514.519             244             244
  249          69.852   -1146.216          69.832   -1146.242             249             249
  146         496.677     525.212         496.766     525.135             146             146
   50          64.425     957.835          64.551     957.828              50              50
  143        -168.677    1431.685        -168.524    1431.760             143             143
   25          -6.897    -462.514          -6.888    -462.432              25              25
   89        -634.578    -915.530        -634.617    -915.469              89              89
   29        -290.864     473.513        -290.829     473.514              29              29
    4         934.836    1972.879         935.028    1972.860               4               4
  225       -1038.914     -15.257       -1038.861     -15.064             225             225
   26       -1072.048   -1236.753       -1072.159   -1236.616              26              26
  206         802.035     -59.119         802.035     -59.186             206             206
   33       -1025.511     945.292       -1025.416     945.397              33              33
  120        -507.951     737.676        -507.918     737.791             120             120
  220         -64.777    -221.120         -64.831    -221.032             220             220
  175         598.447    -346.332         598.409    -346.327             175             175
  196        -253.000      -0.062        -253.000       0.000             196             196
   74         598.371     346.322         598.409     346.327              74              74
   98         -64.887     220.941         -64.832     221.032              98              98
  110        -507.882    -737.915        -507.917    -737.794             110             110
   79       -1025.312    -945.512       -1025.414    -945.400              79              79
  171         802.032      59.260         802.034      59.187             171             171
  151       -1072.284    1236.463       -1072.161    1236.614             151             151
  117       -1038.801      14.844       -1038.861      15.061             117             117
  196         935.251   -1972.837         935.031   -1972.859             196             196
  177        -290.785    -473.517        -290.827    -473.515             177             177
    9        -634.666     915.393        -634.619     915.466               9               9
   99          -6.877     462.335          -6.888     462.432              99              99
   37        -168.337   -1431.850        -168.522   -1431.760              37              37
  131          64.710    -957.819          64.554    -957.828             131             131
   77         496.877    -525.039         496.768    -525.135              77              77
   25          69.803    1146.277          69.829    1146.243              25              25
  125        1945.219     514.696        1945.225     514.520             125             125
  224         806.964    2592.531         807.235    2592.557             224             224
   75         690.302      39.924         690.351      40.061              75              75
   13        -634.273   -1063.347        -634.367   -1063.128              13              13
  250         810.069   -1383.700         809.919   -1383.688             250             250
  165         341.205    -535.247         341.156    -535.219             165             165
   42         936.509    -740.018         936.465    -740.041              42              42
  255        -151.346    -787.316        -151.395    -787.241             255             255
  134         982.794    -709.212         982.763    -709.240             134             134
   68         -32.019   -2118.581         -32.154   -2118.574              68              68
  205        -315.805     259.700        -315.718     259.717             205             205
  168       -1030.977   -1034.192       -1031.067   -1034.074             168             168
  189        -106.894    -395.651        -106.951    -395.644             189             189
  170        -777.190    -933.718        -777.331    -933.667             170             170
   87         750.775     659.293         750.791     659.210              87              87
  129         190.704    -413.376         190.640    -413.355             129             129
  244         984.090    -319.350         984.059    -319.409             244             244
  186         777.751   -1387.856         777.680   -1387.931             186             186
  240       -1025.651    -361.071       -1025.647    -360.994             240             240
   68         779.030    -747.895         778.985    -748.020              68              68
  102        -554.125     229.566        -554.014     229.579             102             102
  135       -2152.473     401.148       -2152.453     401.384             135             135
  185         124.842    -180.150         124.730    -180.122             185             185
   43        -109.498   -1291.470        -109.715   -1291.466              43              43
   57        1426.397    -627.937        1426.311    -628.183              57              57
  195         -83.797     994.457         -83.642     994.411             195             195
  142        -413.960    -395.522        -413.989    -395.523             142             142
   94        -128.727    1818.782        -128.516    1818.791              94              94
   70       -1293.758     246.958       -1293.776     247.184              70              70
  220         278.049    -184.209         277.945    -184.176             220             220
  120        -234.107    -254.985        -234.222    -254.914             120             120
  195        1270.633    -645.770        1270.506    -645.906             195             195
  188         291.294     324.231         291.335     324.200             188             188
  196        -102.503      99.891        -102.522      99.950             196             196
  208         966.866    -689.053         966.767    -689.125             208             208
  183         628.590   -1197.098         628.488   -1197.219             183             183
  105         241.956     638.837         242.094     638.740             105             105
  251        -614.527     815.214        -614.399     815.310             251             251
  182         -49.920   -1084.459         -50.047   -1084.467             182             182
  240          45.733    1373.098          45.916    1373.075             240             240
   64        -701.208    -124.680        -701.218    -124.551              64              64
  132        -413.826    -202.381        -413.882    -202.335             132             132
  152        -841.051     807.936        -841.052     808.050             152             152
  253        1613.966       4.056        1613.911       3.899             253             253
   46         -77.836     658.264         -77.724     658.334              46              46
  240        -351.902    -334.607        -351.956    -334.482             240             240
  126         -64.553    -718.990         -64.691    -718.953             126             126
   35         806.301    -579.920         806.209    -580.062              35              35
  171         464.840     858.086         465.000     858.000             171             171
  111       -1032.282     401.644       -1032.227     401.804             111             111
  103        1040.310     425.809        1040.387     425.737             103             103
   17       -1304.397    -484.772       -1304.415    -484.566              17              17
  247        -937.807     -34.500        -937.887     -34.396             247             247
   32         859.433    1235.529         859.556    1235.462              32              32
   60        -860.415      38.841        -860.404      39.066              60              60
   48        -886.418    -860.375        -886.603    -860.206              48              48
  227        -544.043    -212.638        -544.215    -212.588             227             227
  203        1121.024    1458.758        1121.106    1458.684             203             203
  143         674.841   -1500.190         674.640   -1500.209             143             143
   42        -284.816     253.081        -284.774     253.097              42              42
  167        -708.361     119.778        -708.406     119.859             167             167
    7         497.734    1585.968         497.879    1585.971               7               7
  238        -219.714     113.055        -219.736     113.251             238             238
  100        -581.157    -899.044        -581.380    -898.852             100             100
  203         988.909    -463.542         988.757    -463.624             203             203
  191         107.572    -235.323         107.493    -235.290             191             191
   27        1052.990    -428.431        1052.929    -428.536              27              27
   53        -105.072     -63.597        -105.021     -63.540              53              53
  186       -1127.888    -630.546       -1127.985    -630.363             186             186
  210        -647.645     -59.532        -647.756     -59.439             210             210
   37         224.083     -14.917         223.977     -14.936              37              37
  250         346.875     409.151         346.891     409.143             250             250
   86        -793.070     388.835        -793.063     389.055              86              86
  189       -1021.514    -762.051       -1021.781    -761.794             189             189
  248         627.222    -979.473         626.899    -979.531             248             248
  133         517.861     214.906         517.765     214.874             133             133
  174         798.266   -1196.346         798.024   -1196.428             174             174
  119        -607.522     -52.616        -607.638     -52.536             119             119
  168        1127.357    -280.267        1127.192    -280.396             168             168
   89         187.123    -956.094         186.898    -956.131              89              89
  230        1051.992     118.769        1051.941     118.591             230             230
   15         407.481    -274.862         407.428    -274.908              15              15
  107        -234.038    -827.032        -234.199    -827.038             107             107
  221        -400.721     676.562        -400.742     676.605             221             221
   48         907.934    -804.141         907.700    -804.270              48              48
  167         238.007    -253.469         237.899    -253.566             167             167
   13         317.406     337.380         317.378     337.289              13              13
   20         181.304      11.177         181.230      11.122              20              20
  115        -552.335     476.017        -552.419     476.082             115             115
  157        1520.296     711.867        1520.268     711.695             157             157
   62         -66.121    -934.195         -66.358    -934.163              62              62
   26        1001.306     920.642        1001.334     920.518              26              26
  164         427.611   -1443.373         427.305   -1443.444             164             164
   45         726.862     868.672         726.908     868.498              45              45
  126         638.421     285.373         638.400     285.294             126             126
  112         227.635     261.752         227.587     261.758             112             112
  236        1266.807    -533.112        1266.683    -533.305             236             236
  154        -711.407     256.360        -711.441     256.433             154             154
  166        1620.038     731.550        1620.089     731.316             166             166
  166        -246.229    -483.103        -246.281    -483.075             166             166
  108        -902.824    1721.275        -902.624    1721.463             108             108
  203        -895.106    -689.893        -895.415    -689.675             203             203
  161         307.831    1363.114         307.816    1363.151             161             161
  194        -265.884      15.472        -266.117      15.729             194             194
  137         -56.538   -2132.896         -57.187   -2132.814             137             137
  153         569.201    -215.785         568.829    -215.945             153             153
   72         972.628     -18.710         972.314     -18.920              72              72
   55          52.601     796.466          52.372     796.466              55              55
   17         582.743       9.593         582.268       9.566              17              17
  240        1288.163    -392.864        1287.569    -393.055             240             240
  144        -613.500     712.275        -614.212     712.430             144             144
  247         418.926    -962.414         416.986    -962.439             247             247
