SINAL     NFT                         FFT                         NFT INVERSA     FFT INVERSA
-----     -----------------------     -----------------------     -----------     -----------
  165       31862.000       0.000       31862.000       0.000             165             165
  240         873.903     678.273         873.910     678.273             240             240
   29        1070.959    -827.150        1070.966    -827.151              29              29
   61        -282.216     335.616        -282.208     335.617              61              61
   52         -91.053    -197.085         -91.045    -197.085              52              52
   80        -372.361     -57.667        -372.353     -57.667              80              80
   63        -711.843     938.368        -711.832     938.370              63              63
   73        -732.353     700.938        -732.344     700.942              73              73
   67       -1142.401    -235.584       -1142.397    -235.577              67              67
  105         -84.227     266.577         -84.223     266.577             105             105
  253         677.231     419.535         677.240     419.532             253             253
  203        -433.075    -578.352        -433.069    -578.350             203             203
  239       -1302.661     621.515       -1302.651     621.522             239             239
   38        -900.050    1034.317        -900.044    1034.325              38              38
  219         -18.637     431.053         -18.638     431.057             219             219
  196         960.825    -519.627         960.818    -519.635             196             196
   78         815.934    1862.507         815.958    1862.504              78              78
  218        -550.491    -853.671        -550.498    -853.655             218             218
  135         735.222    -660.544         735.213    -660.554             135             135
   73         372.797    1100.749         372.809    1100.744              73              73
  234        1841.482     664.262        1841.497     664.246             234             234
   44        -394.885     155.945        -394.876     155.958              44              44
  225        1538.243     513.027        1538.256     513.017             225             225
   47         -13.107   -1055.069         -13.110   -1055.062              47              47
  159         328.206    -104.958         328.212    -104.966             159             159
  107         192.473    1255.988         192.497    1255.991             107             107
  118        1570.267    -802.811        1570.265    -802.828             118             118
  233        -356.006     512.730        -355.982     512.738             233             233
  206         512.470    -123.967         512.476    -123.975             206             206
  156         852.530    2612.700         852.592    2612.705             156             156
   86         610.339   -1418.247         610.340   -1418.225              86              86
  116       -1411.768   -1881.421       -1411.785   -1881.389             116             116
  140         515.694    -711.887         515.692    -711.912             140             140
  115       -1340.069    1392.194       -1340.031    1392.216             115             115
  178         372.882     841.629         372.902     841.637             178             178
  193        -169.099    -890.624        -169.113    -890.610             193             193
  195         388.848     682.929         388.872     682.925             195             195
  242          58.819     279.129          58.841     279.142             242             242
   11        -362.482     323.575        -362.460     323.608              11              11
    7        -399.613   -1442.717        -399.636   -1442.692               7               7
   91       -1371.502    -537.850       -1371.518    -537.821              91              91
    8          17.014     372.772          17.007     372.767               8               8
  210         602.376     927.065         602.392     927.063             210             210
   75         307.903    -902.803         307.878    -902.795              75              75
   47         219.604     -64.745         219.601     -64.749              47              47
  174         136.989     351.027         136.996     351.033             174             174
   16         366.066    -717.416         366.035    -717.422              16              16
  125        1397.177     462.997        1397.189     462.955             125             125
  136        1107.169     461.865        1107.200     461.840             136             136
  151        1329.489     731.386        1329.552     731.366             151             151
  199       -1219.841    -114.684       -1219.815    -114.615             199             199
  115         569.781    -877.382         569.768    -877.389             115             115
  195        -135.085    1144.129        -135.022    1144.153             195             195
  169        -161.235    -605.804        -161.231    -605.767             169             169
  162        -996.490     -45.552        -996.479     -45.492             162             162
   99        -666.611    -838.484        -666.654    -838.438              99              99
   21        1678.549    -130.943        1678.553    -130.984              21              21
   25        -538.568    -149.550        -538.540    -149.495              25              25
   76       -1069.681   -2306.231       -1069.763   -2306.180              76              76
  228         630.734    -228.078         630.728    -228.115             228             228
  181        -713.973    -566.530        -713.990    -566.513             181             181
  163         386.170     241.212         386.180     241.188             163             163
   88        -138.186     590.960        -138.153     590.981              88              88
   65        -341.359   -1125.487        -341.405   -1125.463              65              65
   23         468.964     705.013         469.000     705.000              23              23
   11        -859.865    -352.342        -859.881    -352.279              11              11
    3         650.589   -1082.858         650.538   -1082.881               3               3
  218        -352.672      72.745        -352.666      72.756             218             218
  253        -273.373     407.866        -273.370     407.900             253             253
   14          39.666   -1290.489          39.577   -1290.472              14              14
  226        1972.101   -1445.703        1972.032   -1445.825             226             226
   88         144.173    1440.259         144.260    1440.228              88              88
   23         433.556     316.678         433.579     316.673              23              23
  180        1497.035     186.322        1497.080     186.273             180             180
  164        -673.623    -358.525        -673.598    -358.479             164             164
   70         428.585     894.508         428.660     894.519              70              70
   99       -1067.185   -1077.516       -1067.219   -1077.421              99              99
  180         255.585   -1197.428         255.523   -1197.434             180             180
  196         736.769    -859.088         736.749    -859.150             196             196
  236        -395.066     575.798        -395.009     575.798             236             236
   75         452.829     167.542         452.870     167.523              75              75
  140        -419.537    -295.021        -419.505    -295.003             140             140
   95       -1422.193     933.173       -1422.126     933.254              95              95
   15        -529.182     699.523        -529.157     699.598              15              15
   54         260.771    -829.570         260.734    -829.541              54              54
    2       -1407.118     111.224       -1407.113     111.339               2               2
  114        -433.596   -1177.472        -433.696   -1177.411             114             114
   75        -433.778    -938.970        -433.883    -938.936              75              75
   27        1562.730   -1110.086        1562.640   -1110.188              27              27
  191        -208.225    -237.967        -208.244    -237.986             191             191
   48         931.100     957.993         931.141     957.947              48              48
  208        1040.572    -323.567        1040.573    -323.579             208             208
   98         455.947   -1801.389         455.881   -1801.405              98              98
  137        -142.510    -800.424        -142.520    -800.453             137             137
   18         -42.931      89.945         -42.898      89.916              18              18
  121        -219.605     -23.966        -219.584     -23.965             121             121
  148         -79.705    -205.903         -79.692    -205.912             148             148
   22       -1007.624     395.232       -1007.598     395.298              22              22
   84         665.791    -935.436         665.733    -935.480              84              84
  145        -243.698    -686.997        -243.709    -687.029             145             145
   37       -1504.598     507.848       -1504.578     507.884              37              37
   54         399.223    1542.438         399.289    1542.395              54              54
  234         -63.068    1046.279         -63.015    1046.313             234             234
   60         116.840    1714.037         116.933    1714.134              60              60
  235          57.113   -2245.222          56.933   -2245.129             235             235
  142         907.585   -1454.122         907.465   -1454.184             142             142
  131        1169.196    -420.083        1169.188    -420.183             131             131
   78         104.438    -220.762         104.458    -220.773              78              78
   66         343.640    -940.972         343.600    -941.017              66              66
   72         565.166     441.821         565.243     441.767              72              72
   59        -319.855    -768.403        -319.859    -768.379              59              59
  142        -353.698   -1469.617        -353.770   -1469.663             142             142
  213        -424.159    1656.222        -424.030    1656.187             213             213
  154         741.767     523.239         741.836     523.185             154             154
  157        -465.618     329.310        -465.537     329.340             157             157
   11        -350.942    1614.879        -350.768    1614.951              11              11
  157       -1899.037    -325.733       -1899.050    -325.499             157             157
   16        -509.983   -1106.802        -510.108   -1106.710              16              16
   87         170.369   -1326.398         170.246   -1326.411              87              87
  184          86.364    -622.219          86.333    -622.264             184             184
  207       -1242.022     388.206       -1241.999     388.288             207             207
  135        -161.310    -649.778        -161.394    -649.762             135             135
  136        -786.321   -1199.999        -786.465   -1199.993             136             136
   49         667.069    1070.455         667.110    1070.352              49              49
   16        -331.698    -167.475        -331.737    -167.461              16              16
  155        -165.383     589.312        -165.392     589.321             155             155
  171         549.194    -378.478         549.103    -378.518             171             171
  165        1058.338     -74.821        1058.300     -74.923             165             165
  177         856.000       0.089         856.000       0.000             177             177
  255        1058.263      75.031        1058.301      74.925             255             255
   54         549.006     378.563         549.101     378.520              54              54
  214        -165.399    -589.331        -165.391    -589.322             214             214
   54        -331.778     167.447        -331.737     167.462              54              54
   33         667.158   -1070.239         667.112   -1070.351              33              33
   19        -786.626    1199.985        -786.467    1199.992              19              19
   34        -161.490     649.744        -161.396     649.762              34              34
  175       -1241.971    -388.382       -1241.998    -388.289             175             175
  150          86.292     622.317          86.330     622.265             150             150
  113         170.098    1326.428         170.243    1326.412             113             113
  242        -510.261    1106.598        -510.111    1106.708             242             242
  223       -1899.067     325.214       -1899.051     325.497             223             223
  172        -350.549   -1615.040        -350.764   -1614.952             172             172
  128        -465.436    -329.378        -465.536    -329.341             128             128
  180         741.925    -523.116         741.837    -523.183             180             180
   71        -423.860   -1656.144        -424.028   -1656.188              71              71
   29        -353.871    1469.722        -353.774    1469.662              29              29
  191        -319.865     768.346        -319.859     768.378             191             191
  228         565.349    -441.693         565.245    -441.766             228             228
   45         343.545     941.078         343.600     941.018              45              45
   23         104.486     220.790         104.458     220.774              23              23
  156        1169.177     420.326        1169.188     420.185             156             156
  253         907.289    1454.274         907.461    1454.185             253             253
  158          56.666    2244.993          56.930    2245.129             158             158
   37         117.077   -1714.278         116.937   -1714.134              37              37
   47         -62.934   -1046.365         -63.013   -1046.313              47              47
  175         399.392   -1542.327         399.291   -1542.394             175             175
  192       -1504.545    -507.944       -1504.577    -507.886             192             192
  218        -243.728     687.080        -243.711     687.029             218             218
   85         665.636     935.551         665.730     935.481              85              85
  114       -1007.556    -395.407       -1007.599    -395.299             114             114
  218         -79.671     205.928         -79.692     205.912             218             218
  139        -219.545      23.966        -219.583      23.966             139             139
   73         -42.840     -89.866         -42.897     -89.916              73              73
   17        -142.543     800.503        -142.523     800.453              17              17
  173         455.760    1801.436         455.879    1801.406             173             173
   92        1040.572     323.606        1040.572     323.581              92              92
   51         931.220    -957.859         931.143    -957.945              51              51
   92        -208.282     238.021        -208.245     237.985              92              92
  243        1562.466    1110.388        1562.639    1110.191             243             243
  164        -434.092     938.867        -433.886     938.935             164             164
   79        -433.897    1177.289        -433.698    1177.410              79              79
  211       -1407.103    -111.576       -1407.113    -111.343             211             211
   81         260.657     829.481         260.733     829.541              81              81
  207        -529.101    -699.755        -529.155    -699.599             207             207
  135       -1421.980    -933.427       -1422.124    -933.256             135             135
  152        -419.435     294.964        -419.505     295.002             152             152
  237         452.960    -167.483         452.870    -167.524             237             237
   71        -394.876    -575.801        -395.006    -575.800              71              71
  124         736.703     859.294         736.748     859.152             124             124
   27         255.376    1197.450         255.521    1197.434              27              27
   94       -1067.302    1077.193       -1067.221    1077.419              94              94
   24         428.843    -894.545         428.662    -894.518              24              24
   24        -673.537     358.367        -673.599     358.479              24              24
  253        1497.192    -186.144        1497.079    -186.269             253             253
   62         433.635    -316.658         433.579    -316.673              62              62
   71         144.493   -1440.143         144.263   -1440.226              71              71
  173        1971.845    1446.154        1972.028    1445.829             173             173
  255          39.332    1290.426          39.574    1290.472             255             255
   34        -273.359    -407.992        -273.369    -407.900              34              34
    2        -352.648     -72.785        -352.665     -72.756               2               2
  113         650.388    1082.946         650.536    1082.882             113             113
  252        -859.929     352.094        -859.883     352.277             252             252
  142         469.107    -704.960         469.000    -705.000             142             142
  187        -341.549    1125.394        -341.407    1125.464             187             187
   13        -138.049    -591.050        -138.153    -590.982              13              13
   59         386.213    -241.111         386.181    -241.188              59              59
   24        -714.045     566.453        -713.990     566.511              24              24
   65         630.704     228.243         630.727     228.117              65              65
  152       -1070.054    2306.000       -1069.768    2306.177             152             152
   12        -538.445     149.300        -538.540     149.493              12              12
  229        1678.565     131.138        1678.553     130.986             229             229
  231        -666.814     838.266        -666.655     838.437             231             231
  223        -996.436      45.257        -996.479      45.489             223             223
   55        -161.216     605.622        -161.231     605.766              55              55
  183        -134.767   -1144.244        -135.019   -1144.153             183             183
  102         569.713     877.419         569.766     877.390             102             102
  207       -1219.702     114.326       -1219.814     114.612             207             207
  165        1329.820    -731.278        1329.554    -731.364             165             165
  174        1107.337    -461.727        1107.201    -461.839             174             174
   75        1397.250    -462.757        1397.190    -462.952              75              75
  192         365.892     717.448         366.035     717.422             192             192
   12         137.026    -351.063         136.996    -351.033              12              12
  100         219.592      64.769         219.602      64.749             100             100
  217         307.748     902.761         307.875     902.797             217             217
   10         602.482    -927.057         602.395    -927.063              10              10
  162          16.970    -372.745          17.006    -372.768             162             162
   33       -1371.613     537.652       -1371.520     537.818              33              33
  183        -399.777    1442.549        -399.640    1442.692             183             183
  161        -362.334    -323.800        -362.459    -323.610             161             161
   67          58.968    -279.225          58.841    -279.143              67              67
  185         389.020    -682.899         388.873    -682.924             185             185
   19        -169.204     890.518        -169.115     890.609              19              19
   64         373.034    -841.688         372.905    -841.636              64              64
   71       -1339.765   -1392.368       -1340.028   -1392.219              71              71
  207         515.677     712.092         515.692     711.912             207             207
   77       -1411.933    1881.138       -1411.789    1881.386              77              77
  131         610.332    1418.060         610.337    1418.226             131             131
  231         853.104   -2612.734         852.598   -2612.703             231             231
  143         512.528     124.049         512.477     123.976             143             143
   27        -355.776    -512.811        -355.981    -512.740              27              27
  243        1570.248     802.996        1570.265     802.831             243             243
  116         192.724   -1256.020         192.500   -1255.990             116             116
    3         328.265     105.044         328.211     104.966               3               3
  210         -13.154    1054.985         -13.113    1055.061             210             210
  171        1538.407    -512.901        1538.258    -513.015             171             171
  187        -394.775    -156.109        -394.876    -155.958             187             187
   57        1841.666    -664.040        1841.497    -664.242              57              57
  123         372.965   -1100.669         372.811   -1100.743             123             123
   96         735.088     660.693         735.211     660.555              96              96
  231        -550.606     853.437        -550.501     853.655             231             231
  198         816.318   -1862.450         815.960   -1862.503             198             198
   33         960.707     519.777         960.817     519.636              33              33
  244         -18.649    -431.147         -18.637    -431.058             244             244
   43        -899.905   -1034.495        -900.041   -1034.327              43              43
  250       -1302.452    -621.677       -1302.650    -621.523             250             250
  254        -432.967     578.290        -433.071     578.349             254             254
  205         677.455    -419.459         677.240    -419.531             205             205
   27         -84.103    -266.592         -84.223    -266.578              27              27
  181       -1142.288     235.354       -1142.397     235.575             181             181
  111        -731.973    -701.110        -732.342    -700.944             111             111
   94        -711.343    -938.446        -711.831    -938.372              94              94
  111        -371.939      57.678        -372.352      57.666             111             111
  131         -90.567     197.094         -91.046     197.086             131             131
  158        -281.463    -335.626        -282.206    -335.616             158             158
  183        1071.773     827.324        1070.964     827.152             183             183
   82         875.709    -678.147         873.911    -678.271              82              82
