SINAL     NFT                         FFT                         NFT INVERSA     FFT INVERSA
-----     -----------------------     -----------------------     -----------     -----------
  125       34487.000       0.000       34487.000       0.000             125             125
   78        -163.047     271.891        -163.040     271.891              78              78
  115         774.663     513.356         774.670     513.357             115             115
  237         702.410   -1580.507         702.415   -1580.507             237             237
  214        1061.775   -1048.761        1061.782   -1048.765             214             214
  173        -937.032    -112.540        -937.023    -112.540             173             173
  118        -380.661     494.476        -380.654     494.474             118             118
  203        1301.241    1565.857        1301.254    1565.851             203             203
   50         437.894     807.091         437.911     807.091              50              50
  108       -1793.524     630.378       -1793.511     630.391             108             108
   30         -41.640     531.241         -41.632     531.246              30              30
  152        1090.938    -565.944        1090.943    -565.947             152             152
  177        -489.563     784.105        -489.546     784.113             177             177
  161          20.022    -449.183          20.030    -449.176             161             161
  177        -766.180    -733.473        -766.176    -733.465             177             177
  247        -589.379     240.189        -589.370     240.197             247             247
   67        -507.094    -100.560        -507.089    -100.551              67              67
  183        -191.741     344.742        -191.733     344.752             183             183
   28         776.769    -942.723         776.768    -942.723              28              28
  193       -1275.137   -1032.334       -1275.140   -1032.317             193             193
  192        -145.951    -625.195        -145.958    -625.196             192             192
  192         999.389     773.097         999.405     773.087             192             192
   43         164.474   -1262.982         164.469   -1262.979              43              43
  239         151.350    -568.986         151.354    -568.991             239             239
  176         757.257    -309.521         757.273    -309.536             176             176
  244        -948.379    -523.067        -948.363    -523.057             244             244
  229       -1454.213    -243.054       -1454.204    -243.039             229             229
  181        -997.127    -460.615        -997.132    -460.612             181             181
  107           1.301    1249.061           1.327    1249.050             107             107
   78        -385.904     797.301        -385.878     797.310              78              78
   21        -964.780     484.549        -964.762     484.574              21              21
  232        -712.705     185.699        -712.696     185.721             232             232
  156       -1636.099     600.017       -1636.093     600.070             156             156
  136         302.717   -2462.234         302.654   -2462.237             136             136
  213         -47.025     524.469         -47.015     524.456             213             213
  115          88.337    -353.617          88.334    -353.629             115             115
   54       -1354.698     936.862       -1354.682     936.885              54              54
   76         589.967     362.269         589.962     362.253              76              76
   62         723.887    1561.370         723.928    1561.363              62              62
  104        -464.515     195.341        -464.507     195.380             104             104
  185         430.402   -1038.233         430.376   -1038.231             185             185
   93          47.863     535.825          47.883     535.838              93              93
    1         312.632   -2082.385         312.588   -2082.391               1               1
  106        -103.051    -212.324        -103.041    -212.348             106             106
  255        -672.338    1133.930        -672.294    1133.932             255             255
  178        -327.160    1230.015        -327.118    1230.035             178             178
   98        -205.105    -117.868        -205.094    -117.846              98              98
   66       -2057.983     784.352       -2057.968     784.435              66              66
  106         713.039   -1457.654         712.980   -1457.663             106             106
  126        -847.530     435.001        -847.519     435.025             126             126
    3        -313.709     171.249        -313.718     171.271               3               3
   42        -612.227    -163.743        -612.261    -163.710              42              42
   62        2065.628     -43.146        2065.621     -43.197              62              62
   47        -725.341   -1089.522        -725.363   -1089.489              47              47
   26         -94.725   -1105.751         -94.767   -1105.767              26              26
  239          90.414     416.712          90.426     416.682             239             239
   35         110.220     878.179         110.255     878.169              35              35
    0        -985.728     514.803        -985.721     514.853              -0              -0
  164         937.304    -446.860         937.276    -446.882             164             164
  143        -410.320    -651.540        -410.346    -651.531             143             143
   78         205.438    -493.576         205.406    -493.617              78              78
  185         571.438    1603.370         571.496    1603.327             185             185
  119         424.740     203.675         424.758     203.650             119             119
  235        -471.393    1852.777        -471.317    1852.797             235             235
   66         770.932    1465.990         771.000    1466.000              66              66
   77        -577.260     620.432        -577.222     620.524              77              77
   94         -72.252   -1430.984         -72.309   -1430.935              94              94
  120       -1146.191    -382.313       -1146.225    -382.252             120             120
  153         923.586      65.836         923.566      65.814             153             153
  157           3.663    -846.698           3.618    -846.689             157             157
  225         891.033     225.530         891.042     225.489             225             225
   82         743.107     228.762         743.153     228.744              82              82
  251       -1823.238    -911.701       -1823.270    -911.622             251             251
  226         -17.109    1768.038         -17.056    1768.047             226             226
  189         417.265      74.682         417.248      74.715             189             189
  250         862.717    -864.817         862.680    -864.824             250             250
  148        -164.196    -481.666        -164.205    -481.648             148             148
   31        -269.042     134.771        -269.037     134.800              31              31
   60         634.325    -465.610         634.313    -465.620              60              60
  255       -1455.921    -415.760       -1455.952    -415.675             255             255
  158        1081.404    -563.357        1081.353    -563.413             158             158
   64          22.807     -38.468          22.812     -38.477              64              64
   41         143.662     528.301         143.697     528.303              41              41
  220        -633.381     142.153        -633.382     142.219             220             220
  111         718.009    -808.463         717.957    -808.479             111             111
   67        -321.576    -599.406        -321.604    -599.391              67              67
  204        -225.611    -324.183        -225.642    -324.191             204             204
  147        -127.889     988.735        -127.864     988.741             147             147
   67         817.260     474.957         817.261     474.950              67              67
  113        1135.189    -458.854        1135.173    -458.877             113             113
   34         337.858    -669.579         337.852    -669.577              34              34
  146        -309.471    -380.722        -309.474    -380.694             146             146
   43         297.162    -192.880         297.162    -192.879              43              43
  154         -56.328   -1353.110         -56.390   -1353.112             154             154
  126         421.525    -415.415         421.531    -415.487             126             126
  109        -703.814    1089.886        -703.712    1089.904             109             109
  231        -781.954     568.002        -781.908     568.070             231             231
  221        -855.815      52.417        -855.826      52.495             221             221
  230        -206.447     556.369        -206.436     556.426             230             230
  128          45.959   -1142.526          45.881   -1142.499             128             128
  122       -1236.106     305.109       -1236.115     305.204             122             122
  199         387.943    -612.853         387.860    -612.854             199             199
  210        -123.381     -90.657        -123.410     -90.630             210             210
  118        -450.119   -1067.780        -450.233   -1067.752             118             118
  170         720.639     443.461         720.631     443.403             170             170
  144        -463.969      34.439        -464.011      34.491             144             144
  112        1339.520    -460.828        1339.449    -460.907             112             112
   63         805.859     359.559         805.900     359.527              63              63
  175        -650.449   -1199.471        -650.536   -1199.421             175             175
  173         864.038    1142.309         864.108    1142.267             173             173
   62        -373.854    -692.746        -373.905    -692.658              62              62
   78         241.468   -1311.028         241.359   -1311.028              78              78
  237        -391.151    -706.310        -391.241    -706.300             237             237
  103        1698.758    -165.565        1698.741    -165.709             103             103
   43        -739.601     469.448        -739.545     469.521              43              43
   92        -364.748   -1158.711        -364.866   -1158.663              92              92
  171         104.145    -510.114         104.051    -510.134             171             171
  247        1171.271    -521.618        1171.204    -521.724             247             247
  240         197.216    -204.590         197.196    -204.622             240             240
  238         268.440    -643.612         268.372    -643.668             238             238
  104         589.467    1401.100         589.560    1401.060             104             104
   18         448.319    -288.867         448.294    -288.823              18              18
  129        -325.554   -1860.066        -325.736   -1860.002             129             129
  147        1648.415   -1671.042        1648.257   -1671.209             147             147
  172         968.491    -783.254         968.467    -783.402             172             172
  255         213.498    -105.318         213.536    -105.381             255             255
    1        -273.699   -1139.428        -273.771   -1139.449               1               1
  148         154.951   -1654.367         154.820   -1654.498             148             148
  220          55.000       0.179          55.000       0.000             220             220
  232         154.678    1654.634         154.815    1654.500             232             232
   20        -273.849    1139.471        -273.773    1139.449              20              20
   87         213.576     105.450         213.536     105.383              87              87
  176         968.437     783.563         968.465     783.404             176             176
  231        1648.080    1671.397        1648.253    1671.214             231             231
  205        -325.939    1859.931        -325.739    1860.002             205             205
   90         448.267     288.774         448.294     288.824              90              90
  120         589.670   -1401.015         589.562   -1401.060             120             120
   61         268.292     643.734         268.371     643.669              61              61
  153         197.173     204.659         197.196     204.622             153             153
   40        1171.122     521.852        1171.202     521.727              40              40
  235         103.937     510.158         104.050     510.134             235             235
  215        -365.016    1158.604        -364.870    1158.662             215             215
  118        -739.476    -469.614        -739.544    -469.522             118             118
  216        1698.719     165.896        1698.740     165.714             216             216
   63        -391.358     706.288        -391.242     706.300              63              63
  161         241.209    1311.028         241.354    1311.028             161             161
   53        -373.975     692.541        -373.906     692.658              53              53
  234         864.203   -1142.206         864.109   -1142.264             234             234
  153        -650.659    1199.350        -650.539    1199.420             153             153
   37         805.957    -359.482         805.900    -359.525              37              37
  217        1339.348     461.022        1339.449     460.910             217             217
    1        -464.071     -34.567        -464.012     -34.491               1               1
   56         720.620    -443.317         720.631    -443.402              56              56
   90        -450.408    1067.709        -450.237    1067.751              90              90
  149        -123.455      90.589        -123.410      90.630             149             149
  229         387.729     612.859         387.857     612.856             229             229
   89       -1236.129    -305.354       -1236.115    -305.206              89              89
  151          45.753    1142.456          45.877    1142.499             151             151
  121        -206.418    -556.517        -206.435    -556.425             121             121
   54        -855.844     -52.625        -855.827     -52.497              54              54
  127        -781.830    -568.184        -781.907    -568.070             127             127
  142        -703.536   -1089.940        -703.711   -1089.906             142             142
  141         421.540     415.614         421.530     415.488             141             141
   47         -56.508    1353.114         -56.395    1353.112              47              47
  118         297.164     192.878         297.163     192.880             118             118
   90        -309.481     380.642        -309.475     380.693              90              90
  137         337.839     669.574         337.851     669.577             137             137
  238        1135.139     458.923        1135.171     458.879             238             238
  152         817.263    -474.934         817.261    -474.949             152             152
   35        -127.811    -988.752        -127.862    -988.741              35              35
   22        -225.706     324.205        -225.643     324.190              22              22
  131        -321.664     599.359        -321.607     599.390             131             131
  250         717.851     808.512         717.957     808.480             250             250
  140        -633.385    -142.359        -633.382    -142.220             140             140
   92         143.773    -528.305         143.699    -528.302              92              92
   57          22.822      38.498          22.811      38.477              57              57
   46        1081.240     563.538        1081.352     563.414              46              46
  145       -1456.022     415.478       -1455.953     415.671             145             145
   36         634.284     465.647         634.312     465.622              36              36
  199        -269.026    -134.869        -269.038    -134.801             199             199
  183        -164.227     481.603        -164.206     481.646             183             183
  253         862.587     864.844         862.678     864.826             253             253
  200         417.208     -74.795         417.248     -74.714             200             200
  239         -16.920   -1768.073         -17.053   -1768.048             239             239
   88       -1823.354     911.415       -1823.271     911.619              88              88
   94         743.271    -228.696         743.153    -228.743              94              94
  212         891.068    -225.380         891.042    -225.487             212             212
  177           3.491     846.664           3.614     846.689             177             177
  245         923.510     -65.752         923.566     -65.813             245             245
   78       -1146.325     382.074       -1146.226     382.248              78              78
  232         -72.477    1430.794         -72.312    1430.935             232             232
  116        -577.108    -620.796        -577.221    -620.525             116             116
  220         771.203   -1466.029         771.000   -1466.000             220             220
  117        -471.074   -1852.863        -471.313   -1852.798             117             117
  164         424.816    -203.573         424.758    -203.650             164             164
   82         571.690   -1603.188         571.499   -1603.326              82              82
  208         205.299     493.748         205.405     493.616             208             208
   45        -410.440     651.499        -410.349     651.530              45              45
   65         937.177     446.959         937.275     446.883              65              65
  105        -985.695    -515.032        -985.720    -514.855             105             105
   80         110.385    -878.133         110.256    -878.168              80              80
   87          90.470    -416.572          90.426    -416.681              87              87
  236         -94.933    1105.825         -94.770    1105.766             236             236
   75        -725.456    1089.354        -725.367    1089.486              75              75
  228        2065.590      43.407        2065.620      43.200             228             228
   73        -612.402     163.574        -612.262     163.708              73              73
  133        -313.757    -171.360        -313.718    -171.271             133             133
   18        -847.475    -435.130        -847.519    -435.026              18              18
  219         712.718    1457.705         712.978    1457.663             219             219
  169       -2057.892    -784.820       -2057.966    -784.440             169             169
  217        -205.046     117.744        -205.094     117.845             217             217
  146        -326.917   -1230.130        -327.115   -1230.035             146             146
  167        -672.079   -1133.953        -672.293   -1133.935             167             167
  162        -102.987     212.465        -103.041     212.348             162             162
  130         312.349    2082.422         312.583    2082.390             130             130
  255          47.994    -535.906          47.885    -535.836             255             255
    1         430.237    1038.217         430.376    1038.231               1               1
   86        -464.456    -195.599        -464.506    -195.381              86              86
  177         724.172   -1561.320         723.930   -1561.362             177             177
  246         589.932    -362.153         589.962    -362.251             246             246
  165       -1354.584    -937.028       -1354.681    -936.887             165             165
  153          88.312     353.706          88.333     353.630             153             153
  107         -46.948    -524.370         -47.014    -524.456             107             107
  129         302.218    2462.263         302.648    2462.239             129             129
   15       -1636.050    -600.442       -1636.092    -600.070              15              15
   15        -712.628    -185.891        -712.696    -185.723              15              15
  212        -964.623    -484.772        -964.761    -484.576             212             212
  223        -385.669    -797.386        -385.877    -797.311             223             223
   61           1.553   -1248.964           1.330   -1249.050              61              61
   21        -997.175     460.579        -997.133     460.610              21              21
   72       -1454.121     242.885       -1454.204     243.036              72              72
  142        -948.215     522.958        -948.364     523.055             142             142
  109         757.425     309.682         757.273     309.536             109             109
   53         151.392     569.045         151.354     568.991              53              53
  217         164.406    1262.949         164.467    1262.979             217             217
   82         999.588    -772.969         999.407    -773.086              82              82
  127        -146.057     625.214        -145.960     625.197             127             127
   95       -1275.192    1032.092       -1275.141    1032.314              95              95
  100         776.749     942.728         776.766     942.724             100             100
   90        -191.625    -344.894        -191.733    -344.752              90              90
    9        -507.021     100.405        -507.090     100.549               9               9
   62        -589.208    -240.326        -589.368    -240.198              62              62
  236        -766.107     733.292        -766.177     733.462             236             236
  176          20.166     449.046          20.028     449.176             176             176
  225        -489.181    -784.285        -489.544    -784.114             225             225
  110        1091.053     566.034        1090.942     565.949             110             110
  176         -41.438    -531.384         -41.631    -531.248             176             176
  226       -1793.144    -630.774       -1793.510    -630.395             226             226
  197         438.436    -807.087         437.913    -807.091             197             197
   97        1301.793   -1565.605        1301.258   -1565.848              97              97
  217        -380.308    -494.406        -380.653    -494.475             217             217
  106        -936.581     112.525        -937.024     112.537             106             106
  251        1062.179    1049.023        1061.780    1048.766             251             251
   68         702.780    1580.542         702.412    1580.509              68              68
  236         775.628    -513.353         774.671    -513.355             236             236
   10        -161.209    -271.956        -163.039    -271.891              10              10
