SINAL     NFT                         FFT                         NFT INVERSA     FFT INVERSA
-----     -----------------------     -----------------------     -----------     -----------
  211       32363.000       0.000       32363.000       0.000             211             211
  247        1485.375    1470.995        1485.382    1470.995             247             247
  173          83.918    -169.031          83.925    -169.031             173             173
  224         737.103     159.829         737.110     159.828             224             224
   51        1112.986      56.970        1112.993      56.969              51              51
  146         385.035    -307.199         385.043    -307.199             146             146
   61         602.934     134.656         602.944     134.654              61              61
   18        -245.557    -889.997        -245.551    -889.997              18              18
  215        -745.637     909.730        -745.626     909.731             215             215
   72        1012.188    1628.811        1012.203    1628.807              72              72
  222         148.484     353.809         148.495     353.812             222             222
   97         187.344     138.045         187.354     138.045              97              97
  162        -433.579    2420.584        -433.555    2420.596             162             162
  208         849.626    -470.961         849.631    -470.953             208             208
   59        -805.557    -452.485        -805.550    -452.467              59              59
   83       -1172.168   -1593.957       -1172.181   -1593.940              83              83
  202         887.270    -747.419         887.261    -747.429             202             202
  225         977.176     260.091         977.184     260.083             225             225
   74         178.697   -1036.481         178.691   -1036.483              74              74
   42        1373.909     -94.511        1373.915     -94.534              42              42
  216         305.747    1739.739         305.781    1739.738             216             216
  197        -770.487    -170.114        -770.489    -170.093             197             197
  248        2445.196    -444.731        2445.194    -444.757             248             248
   62         798.907    -133.117         798.924    -133.125              62              62
  243         248.156     142.915         248.177     142.912             243             243
  111         -63.517    1226.777         -63.486    1226.788             111             111
   37        1053.614     -79.835        1053.626     -79.831              37              37
   40         952.023    -927.162         952.034    -927.163              40              40
   90        -299.295   -1146.448        -299.284   -1146.442              90              90
   71       -1424.628     623.537       -1424.599     623.564              71              71
  223        -824.047    -851.942        -824.061    -851.923             223             223
   45         559.280     780.211         559.296     780.203              45              45
   62         426.179     386.553         426.198     386.561              62              62
  141         344.077    -527.781         344.082    -527.771             141             141
   14        -182.885    -227.272        -182.876    -227.251              14              14
  113         965.614    -940.864         965.618    -940.870             113             113
   31       -1931.860   -1509.320       -1931.878   -1509.276              31              31
   75         233.591    -190.651         233.586    -190.666              75              75
  132          47.121     526.639          47.140     526.643             132             132
  247         745.586   -1037.574         745.578   -1037.585             247             247
  148       -1431.060    -867.992       -1431.072    -867.965             148             148
   98         534.338    -129.475         534.332    -129.507              98              98
   88         403.263     391.250         403.280     391.222              88              88
   54         626.929    1461.695         626.986    1461.679              54              54
   51        -197.350     307.307        -197.318     307.329              51              51
  148        -571.367     497.248        -571.342     497.283             148             148
  138         289.929    -553.925         289.922    -553.916             138             138
  253        -166.725      43.079        -166.712      43.095             253             253
  117         401.510    -771.501         401.504    -771.510             117             117
  213        -473.270     629.552        -473.228     629.568             213             213
   39        -808.912     732.022        -808.882     732.076              39              39
   78         226.140   -1774.750         226.086   -1774.744              78              78
  154        -198.177     710.445        -198.147     710.457             154             154
   31         193.439   -1312.714         193.403   -1312.714              31              31
  140         201.242      46.772         201.260      46.756             140             140
  141        -448.351    -641.075        -448.359    -641.078             141             141
  143          60.109    1494.911          60.179    1494.898             143             143
  178        -765.244     557.093        -765.206     557.136             178             178
  182       -1595.369     614.021       -1595.361     614.101             182             182
  233         404.670     738.135         404.667     738.158             233             233
  249         415.885    -251.967         415.860    -251.932             249             249
  150         636.478   -1871.359         636.397   -1871.369             150             150
   23        1097.914     643.056        1097.945     643.016              23              23
   56        1096.979    -535.397        1096.988    -535.423              56              56
   35         196.957     -92.002         197.000     -92.000              35              35
   38        -562.228     307.765        -562.178     307.815              38              38
  169        -150.740   -1201.296        -150.761   -1201.268             169             169
   67        -880.230    -707.513        -880.235    -707.483              67              67
  114        -596.542     358.042        -596.514     358.065             114             114
   45        -346.725     -43.453        -346.708     -43.425              45              45
   58       -1596.793    -161.926       -1596.796    -161.842              58              58
    6       -1197.004     186.216       -1197.030     186.293               6               6
  144         -88.660    -999.422         -88.754    -999.403             144             144
  146         692.847    -449.286         692.800    -449.328             146             146
   61          80.673     666.248          80.691     666.254              61              61
  195         597.554    -884.196         597.509    -884.211             195             195
   39        -826.574     111.711        -826.586     111.759              39              39
  199         833.106    -869.709         833.031    -869.747             199             199
  193        1201.447       7.225        1201.449       7.157             193             193
  156         371.348    -149.053         371.361    -149.071             156             156
  156         122.566    -391.284         122.563    -391.297             156             156
  232         149.315      67.281         149.335      67.263             232             232
  234        -494.698    -262.079        -494.714    -262.067             234             234
   55        1086.424     160.761        1086.440     160.676              55              55
    8        -499.479    1544.107        -499.381    1544.137               8               8
  119         996.601     231.621         996.634     231.603             119             119
  196        -273.297     219.000        -273.236     219.052             196             196
  151       -1434.288    -715.570       -1434.316    -715.468             151             151
   42        -603.912     368.702        -603.921     368.758              42              42
  123         287.169   -1515.729         287.053   -1515.747             123             123
  129         201.532     132.707         201.522     132.652             129             129
   35         437.124     787.218         437.161     787.161              35              35
   17         207.037    1838.056         207.144    1838.060              17              17
  152         215.792    1016.049         215.848    1016.108             152             152
   92         353.486    -498.023         353.450    -497.975              92              92
   52        1062.973    -606.327        1062.957    -606.364              52              52
  191        -210.270     600.516        -210.198     600.560             191             191
    5         128.967    -289.402         128.976    -289.368               5               5
  119       -1031.138      52.244       -1031.137      52.343             119             119
   49        1250.522     440.716        1250.558     440.694              49              49
   51       -1132.762   -1133.715       -1132.818   -1133.603              51              51
  177         624.939     965.744         625.007     965.741             177             177
   55        -900.380     469.888        -900.340     470.056              55              55
  196        -655.454   -1734.308        -655.612   -1734.159             196             196
   68        1145.857   -1637.688        1145.716   -1637.710              68              68
  116         625.462   -2022.297         625.343   -2022.334             116             116
  136         -33.715    -345.406         -33.713    -345.403             136             136
  107        -332.961   -2068.048        -333.096   -2068.041             107             107
   60        -255.833      19.105        -255.852      19.088              60              60
   73        1069.259    -183.419        1069.250    -183.473              73              73
    8        -124.991   -2258.673        -125.117   -2258.677               8               8
  216        -270.397    -772.688        -270.435    -772.741             216             216
   49        -575.323      68.794        -575.326      68.783              49              49
  243         235.675    -631.789         235.613    -631.856             243             243
   15         335.872     170.516         335.897     170.430              15              15
   58        -796.199    1139.723        -796.118    1139.775              58              58
  107        -403.226   -1015.103        -403.357   -1015.073             107             107
  212        1326.618     -95.705        1326.577     -95.849             212             212
  210        1099.066     385.511        1099.138     385.391             210             210
  149        -794.599    1125.856        -794.480    1125.935             149             149
   79         591.325    -665.910         591.303    -665.915              79              79
   83       -1443.338   -1289.965       -1443.427   -1289.882              83              83
  185         147.374     633.821         147.404     633.770             185             185
   97       -1527.831    -494.182       -1527.934    -494.090              97              97
  236        1548.942     493.124        1548.909     492.962             236             236
   21         514.729     380.720         514.751     380.661              21              21
  149         514.502     878.189         514.572     878.165             149             149
  171         286.757    -393.320         286.727    -393.319             171             171
   27         291.000       0.024         291.000       0.000              27              27
   13         286.697     393.319         286.727     393.320              13              13
  220         514.647    -878.137         514.574    -878.164             220             220
   79         514.776    -380.597         514.752    -380.660              79              79
  191        1548.875    -492.786        1548.909    -492.960             191             191
   20       -1528.048     493.985       -1527.936     494.087              20              20
   19         147.438    -633.713         147.405    -633.769              19              19
    3       -1443.531    1289.787       -1443.430    1289.880               3               3
  136         591.276     665.923         591.302     665.917             136             136
  155        -794.337   -1126.027        -794.476   -1125.936             155             155
  111        1099.222    -385.247        1099.138    -385.389             111             111
  196        1326.528      96.025        1326.577      95.853             196             196
  229        -403.516    1015.036        -403.359    1015.072             229             229
  119        -796.013   -1139.841        -796.114   -1139.776             119             119
  157         335.926    -170.320         335.896    -170.428             157             157
   22         235.532     631.942         235.611     631.858              22              22
  107        -575.330     -68.769        -575.326     -68.783             107             107
  173        -270.486     772.812        -270.436     772.742             173             173
   81        -125.293    2258.682        -125.122    2258.677              81              81
  214        1069.237     183.547        1069.250     183.475             214             214
  129        -255.877     -19.066        -255.852     -19.089             129             129
   35        -333.290    2068.030        -333.100    2068.041              35              35
  108         -33.712     345.396         -33.715     345.401             108             108
  209         625.167    2022.390         625.339    2022.335             209             209
  118        1145.507    1637.745        1145.714    1637.712             118             118
   37        -655.851    1733.936        -655.615    1734.158              37              37
   50        -900.279    -470.315        -900.340    -470.059              50              50
   98         625.113    -965.738         625.009    -965.741              98              98
   59       -1132.909    1133.425       -1132.821    1133.600              59              59
  200        1250.619    -440.656        1250.560    -440.692             200             200
   13       -1031.135     -52.505       -1031.137     -52.345              13              13
   87         128.992     289.310         128.975     289.367              87              87
  213        -210.078    -600.634        -210.198    -600.561             213             213
  234        1062.928     606.430        1062.956     606.365             234             234
  166         353.386     497.893         353.450     497.976             166             166
  148         215.950   -1016.212         215.850   -1016.108             148             148
  254         207.339   -1838.065         207.146   -1838.059             254             254
  186         437.232    -787.058         437.163    -787.161             186             186
  152         201.505    -132.552         201.523    -132.652             152             152
  134         286.831    1515.779         287.049    1515.747             134             134
   86        -603.940    -368.867        -603.922    -368.759              86              86
    7       -1434.372     715.265       -1434.318     715.465               7               7
   75        -273.116    -219.156        -273.235    -219.053              75              75
   59         996.703    -231.562         996.635    -231.600              59              59
  127        -499.177   -1544.201        -499.379   -1544.138             127             127
  233        1086.474    -160.494        1086.440    -160.673             233             233
   82        -494.749     262.040        -494.715     262.067              82              82
  235         149.377     -67.225         149.335     -67.263             235             235
  150         122.555     391.326         122.563     391.297             150             150
  163         371.391     149.114         371.361     149.072             163             163
  193        1201.453      -6.998        1201.449      -7.155             193             193
   23         832.851     869.840         833.028     869.749              23              23
  198        -826.613    -111.874        -826.586    -111.760             198             198
   45         597.397     884.247         597.506     884.211              45              45
  233          80.738    -666.269          80.692    -666.254             233             233
   60         692.678     449.434         692.798     449.328              60              60
   83         -88.993     999.353         -88.755     999.403              83              83
   27       -1197.096    -186.496       -1197.029    -186.295              27              27
  159       -1596.804     161.616       -1596.796     161.839             159             159
  143        -346.663      43.350        -346.709      43.425             143             143
  227        -596.435    -358.131        -596.513    -358.066             227             227
  173        -880.251     707.395        -880.237     707.480             173             173
  230        -150.821    1201.187        -150.762    1201.267             230             230
  185        -562.032    -307.965        -562.178    -307.818             185             185
  151         197.129      91.994         197.000      92.000             151             151
  140        1097.017     535.510        1096.988     535.426             140             140
   77        1098.045    -642.884        1097.946    -643.014              77              77
  149         636.125    1871.402         636.392    1871.370             149             149
   70         415.776     251.822         415.859     251.934              70              70
  230         404.663    -738.232         404.669    -738.157             230             230
   28       -1595.331    -614.380       -1595.360    -614.104              28              28
  156        -765.071    -557.289        -765.205    -557.138             156             156
  238          60.434   -1494.853          60.181   -1494.898             238             238
  103        -448.386     641.085        -448.359     641.077             103             103
  216         201.330     -46.696         201.261     -46.755             216             216
  109         193.255    1312.715         193.399    1312.714             109             109
   80        -198.025    -710.504        -198.146    -710.457              80              80
   42         225.856    1774.716         226.082    1774.743              42              42
   88        -808.759    -732.304        -808.881    -732.078              88              88
  230        -473.051    -629.639        -473.227    -629.571             230             230
  205         401.475     771.548         401.503     771.510             205             205
   26        -166.650     -43.174        -166.711     -43.097              26              26
  254         289.888     553.875         289.921     553.916             254             254
  147        -571.219    -497.459        -571.341    -497.287             147             147
   72        -197.166    -307.432        -197.318    -307.328              72              72
  232         627.282   -1461.595         626.991   -1461.678             232             232
  208         403.377    -391.080         403.282    -391.221             208             208
  156         534.297     129.674         534.332     129.507             156             156
    3       -1431.143     867.815       -1431.073     867.963               3               3
  111         745.530    1037.650         745.577    1037.587             111             111
   43          47.250    -526.664          47.142    -526.642              43              43
  231         233.555     190.757         233.585     190.666             231             231
   29       -1931.993    1508.999       -1931.880    1509.273              29              29
   17         965.638     940.912         965.616     940.871              17              17
  160        -182.816     227.118        -182.876     227.251             160             160
  180         344.111     527.702         344.080     527.770             180             180
  157         426.330    -386.615         426.198    -386.560             157             157
  238         559.425    -780.141         559.298    -780.202             238             238
   73        -824.176     851.773        -824.062     851.922              73              73
  228       -1424.359    -623.799       -1424.597    -623.569             228             228
  212        -299.202    1146.385        -299.286    1146.441             212             212
  101         952.115     927.179         952.032     927.164             101             101
  129        1053.735      79.810        1053.627      79.834             129             129
  194         -63.186   -1226.894         -63.483   -1226.789             194             194
  205         248.375    -142.886         248.176    -142.912             205             205
   89         799.101     133.223         798.924     133.128              89              89
   48        2445.171     445.065        2445.193     444.762              48              48
   29        -770.501     169.838        -770.489     170.090              29              29
  131         306.200   -1739.726         305.784   -1739.737             131             131
  137        1373.992      94.830        1373.915      94.536             137             137
    4         178.591    1036.502         178.688    1036.483               4               4
   81         977.289    -259.957         977.184    -260.081              81              81
  164         887.111     747.574         887.260     747.429             164             164
    3       -1172.421    1593.644       -1172.184    1593.937               3               3
  229        -805.442     452.132        -805.551     452.465             229             229
  236         849.726     470.812         849.631     470.954             236             236
  235        -433.015   -2420.828        -433.550   -2420.595             235             235
  181         187.585    -138.049         187.355    -138.047             181             181
  137         148.779    -353.893         148.496    -353.812             137             137
  239        1012.646   -1628.679        1012.207   -1628.805             239             239
   37        -745.274    -909.751        -745.625    -909.732              37              37
  180        -245.351     890.009        -245.553     889.998             180             180
  214         603.355    -134.577         602.945    -134.653             214             214
   66         385.425     307.234         385.043     307.200              66              66
  198        1113.489     -56.838        1112.994     -56.966             198             198
  119         737.707    -159.747         737.110    -159.828             119             119
  246          84.797     168.970          83.925     169.030             246             246
  100        1487.359   -1470.745        1485.385   -1470.992             100             100
