SINAL     NFT                         FFT                         NFT INVERSA     FFT INVERSA
-----     -----------------------     -----------------------     -----------     -----------
   84       31814.000       0.000       31814.000       0.000              84              84
  249         362.768     288.829         362.775     288.830             249             249
   37          91.868   -1637.057          91.873   -1637.057              37              37
   84         761.594    -880.318         761.599    -880.320              84              84
   19         483.560    -948.084         483.566    -948.087              19              19
  176        -895.119     334.354        -895.110     334.354             176             176
    6         672.718     254.786         672.727     254.782               6               6
  173        -926.668     334.849        -926.658     334.851             173             173
  219        -702.220    -122.065        -702.214    -122.065             219             219
   18       -1743.932    1230.748       -1743.923    1230.754              18              18
  127         528.846    1412.679         528.854    1412.679             127             127
   33           5.191    -656.610           5.187    -656.607              33              33
  151        1649.318    -318.623        1649.317    -318.637             151             151
  233        1072.359     361.078        1072.370     361.067             233             233
  251         346.126      21.053         346.135      21.045             251             251
  131        1182.524    1018.837        1182.544    1018.822             131             131
  184        -256.152    1426.951        -256.124    1426.953             184             184
  255          -7.040    1455.726          -7.014    1455.733             255             255
  173        -232.554     694.854        -232.539     694.870             173             173
  108         578.389   -1141.406         578.385   -1141.406             108             108
  164          44.949     527.943          44.968     527.943             164             164
  165        -248.692     457.170        -248.675     457.180             165             165
  255          13.684    -314.471          13.692    -314.464             255             255
  145       -1096.665    -419.276       -1096.664    -419.260             145             145
   79         563.318     375.716         563.329     375.706              79              79
  193         172.590     689.625         172.616     689.628             193             193
  170       -1264.823      37.848       -1264.812      37.876             170             170
  241        -761.550    -429.015        -761.559    -429.002             241             241
  148         533.905    1053.604         533.923    1053.594             148             148
   84        -437.441     953.223        -437.420     953.242              84              84
    5         538.240     475.955         538.255     475.965               5               5
  232        -781.378    -202.749        -781.373    -202.713             232             232
   78        -962.952    -868.316        -962.974    -868.283              78              78
   42         -65.408    -246.509         -65.425    -246.501              42              42
   61        -122.645     302.317        -122.654     302.333              61              61
   97         998.966    -641.805         998.940    -641.809              97              97
  219         474.166   -1088.062         474.131   -1088.069             219             219
   67        2626.409     384.198        2626.433     384.144              67              67
   15       -1791.084    -975.042       -1791.097    -974.988              15              15
  182        1428.963    -789.033        1428.935    -789.066             182             182
   86         655.898    -502.320         655.888    -502.339              86              86
  142        2059.079    -643.355        2059.086    -643.415             142             142
  216        -833.006     240.209        -832.970     240.227             216             216
  238         -73.759    -339.346         -73.761    -339.342             238             238
  119         468.717    -361.966         468.712    -361.979             119             119
  211         622.552    -786.249         622.542    -786.276             211             211
  114           8.365    -402.268           8.366    -402.290             114             114
   48        1021.767    1134.245        1021.820    1134.205              48              48
  210        -953.844     303.649        -953.822     303.690             210             210
   31        1125.868    -351.576        1125.861    -351.596              31              31
  156         697.586   -1904.541         697.552   -1904.579             156             156
  119          87.888     566.763          87.937     566.728             119             119
  196        -221.762     -41.015        -221.736     -41.034             196             196
  156        -405.193     955.099        -405.141     955.088             156             156
    8        -466.522    1289.420        -466.467    1289.430               8               8
   20         -80.708     779.829         -80.675     779.836              20              20
   93         -85.751    1402.277         -85.694    1402.298              93              93
  178        -399.966     725.366        -399.946     725.418             178             178
    6        1087.197      15.427        1087.195      15.426               6               6
  242        1259.023      55.241        1259.060      55.238             242             242
    7       -1134.197   -1457.820       -1134.221   -1457.748               7               7
   11        -652.889    -918.843        -652.934    -918.819              11              11
  218         913.683    -433.837         913.654    -433.878             218             218
   85        1414.124   -1274.592        1414.093   -1274.679              85              85
   54         361.910    1324.050         362.000    1324.000              54              54
   23        1157.784    1680.355        1157.907    1680.328              23              23
  182        -843.309    -811.408        -843.287    -811.343             182             182
   17        -416.286    -105.572        -416.255    -105.550              17              17
   91        -961.497      34.297        -961.476      34.342              91              91
  197          95.653     190.170          95.673     190.170             197             197
  200          43.684     152.680          43.719     152.686             200             200
  178       -1138.930     301.453       -1138.904     301.517             178             178
   84         294.653     450.747         294.674     450.760              84              84
  160        -170.502       2.619        -170.498       2.669             160             160
  160        1157.947   -1304.200        1157.910   -1304.235             160             160
  203          57.004    -133.558          57.060    -133.562             203             203
  115       -1973.522    -168.611       -1973.507    -168.506             115             115
   18         248.944    -539.127         248.909    -539.139              18              18
  251         176.821     669.614         176.870     669.621             251             251
   70         435.605    -996.151         435.597    -996.146              70              70
   50       -1752.239    -890.920       -1752.263    -890.832              50              50
  152        -220.112    -503.407        -220.161    -503.411             152             152
  189        1340.324    -347.901        1340.327    -347.989             189             189
  247        -910.496    -499.709        -910.478    -499.686             247             247
   52       -1168.141      47.294       -1168.148      47.330              52              52
  198        1362.274    -392.562        1362.254    -392.672             198             198
   11         333.000     420.135         333.081     420.071              11              11
  146        -725.486    1074.627        -725.366    1074.646             146             146
  121       -1438.920     154.300       -1438.880     154.363             121             121
   17       -1203.610    1522.465       -1203.530    1522.521              17              17
  132        -705.662    1897.630        -705.585    1897.727             132             132
  128         449.924    -865.490         449.848    -865.459             128             128
   29        1124.861     166.004        1124.907     165.957              29              29
   94       -1461.746     368.770       -1461.685     368.893              94              94
  214        -550.140    -855.435        -550.189    -855.386             214             214
   84       -1190.126    1295.989       -1190.069    1296.096              84              84
  118          27.105   -1496.320          26.976   -1496.282             118             118
  141         -96.782    -181.460         -96.821    -181.462             141             141
  101         150.460     267.976         150.446     267.974             101             101
  210         968.958    -380.169         968.926    -380.224             210             210
   82         480.928     420.926         480.979     420.898              82              82
   45        -138.128     430.958        -138.079     430.996              45              45
  132         470.780    -187.415         470.796    -187.411             132             132
  166        -871.070     174.247        -871.043     174.346             166             166
  206         -61.227    -704.905         -61.293    -704.860             206             206
   37         687.674    -745.166         687.616    -745.200              37              37
  114        1226.439    -367.823        1226.458    -367.914             114             114
   66        -438.004     665.515        -437.902     665.564              66              66
   56         554.495      69.670         554.558      69.709              56              56
  109        -547.770   -3013.127        -547.900   -3013.083             109             109
  136       -1681.459      82.902       -1681.423      82.952             136             136
  106        -662.940     817.519        -662.910     817.561             106             106
    6         910.232    -427.527         910.209    -427.568               6               6
   70        -357.410    -388.306        -357.393    -388.265              70              70
   97        -540.885    -998.114        -540.931    -998.078              97              97
   58        -354.574    -797.105        -354.617    -797.125              58              58
   12         125.631     604.671         125.708     604.629              12              12
  109        -614.988    -109.597        -614.957    -109.547             109             109
  205         -70.680    -635.810         -70.674    -635.819             205             205
  134       -1988.704    -283.462       -1988.705    -283.348             134             134
  126        -313.790      13.146        -313.811      13.128             126             126
   81        -191.942     441.240        -191.898     441.222              81              81
    7       -1089.956     805.035       -1089.889     805.124               7               7
  156        -940.099     115.876        -940.130     115.986             156             156
  176         254.430    -896.421         254.319    -896.436             176             176
  221         271.177    -121.385         271.168    -121.437             221             221
  240         106.555     244.750         106.606     244.722             240             240
   38        -707.625     207.267        -707.575     207.320              38              38
  106        -962.000      -0.084        -962.000       0.000             106             106
   86        -707.523    -207.379        -707.574    -207.323              86              86
  249         106.659    -244.691         106.606    -244.721             249             249
  189         271.156     121.493         271.167     121.438             189             189
  131         254.199     896.454         254.318     896.437             131             131
  126        -940.164    -116.107        -940.130    -115.988             126             126
  100       -1089.813    -805.225       -1089.887    -805.126             100             100
   82        -191.846    -441.202        -191.896    -441.222              82              82
  163        -313.836     -13.107        -313.811     -13.128             163             163
  214       -1988.707     283.210       -1988.706     283.344             214             214
  148         -70.670     635.829         -70.675     635.819             148             148
  219        -614.920     109.487        -614.957     109.547             219             219
   68         125.802    -604.579         125.709    -604.629              68              68
   28        -354.673     797.148        -354.618     797.125              28              28
   70        -540.990     998.033        -540.932     998.077              70              70
   75        -357.372     388.211        -357.393     388.264              75              75
   99         910.179     427.623         910.209     427.570              99              99
  167        -662.865    -817.619        -662.907    -817.562             167             167
  134       -1681.375     -83.024       -1681.423     -82.955             134             134
  112        -548.085    3013.022        -547.907    3013.082             112             112
   20         554.645     -69.761         554.558     -69.708              20              20
   83        -437.757    -665.635        -437.899    -665.566              83              83
  246        1226.485     368.047        1226.458     367.916             246             246
  147         687.532     745.252         687.616     745.201             147             147
  164         -61.390     704.795         -61.294     704.860             164             164
  253        -870.998    -174.495        -871.041    -174.348             253             253
   47         470.821     187.406         470.796     187.412              47              47
   84        -138.003    -431.056        -138.078    -430.997              84              84
  219         481.061    -420.854         480.980    -420.898             219             219
   31         968.874     380.316         968.926     380.227              31              31
  123         150.424    -267.970         150.447    -267.973             123             123
   70         -96.884     181.466         -96.821     181.461              70              70
  117          26.758    1496.221          26.974    1496.283             117             117
  117       -1189.965   -1296.283       -1190.065   -1296.099             117             117
    3        -550.276     855.298        -550.190     855.384               3               3
  249       -1461.576    -369.116       -1461.684    -368.897             249             249
  243        1124.987    -165.871        1124.906    -165.956             243             243
  103         449.708     865.403         449.847     865.459             103             103
   76        -705.437   -1897.905        -705.581   -1897.727              76              76
  150       -1203.376   -1522.630       -1203.526   -1522.524             150             150
   62       -1438.805    -154.486       -1438.880    -154.365              62              62
  224        -725.125   -1074.685        -725.362   -1074.647             224             224
  114         333.243    -419.943         333.082    -420.070             114             114
  131        1362.214     392.897        1362.254     392.675             131             131
  253       -1168.164     -47.405       -1168.149     -47.331             253             253
  184        -910.443     499.635        -910.479     499.684             184             184
  206        1340.334     348.179        1340.327     347.993             206             206
   96        -220.264     503.419        -220.160     503.410              96              96
   95       -1752.318     890.637       -1752.265     890.831              95              95
   84         435.578     996.139         435.596     996.147              84              84
  208         176.984    -669.638         176.871    -669.621             208             208
  116         248.829     539.168         248.909     539.139             116             116
  167       -1973.472     168.252       -1973.507     168.503             167             167
  199          57.194     133.571          57.060     133.562             199             199
    7        1157.817    1304.324        1157.907    1304.238               7               7
   76        -170.485      -2.793        -170.497      -2.669              76              76
  197         294.729    -450.791         294.675    -450.759             197             197
   55       -1138.835    -301.689       -1138.902    -301.520              55              55
  161          43.814    -152.703          43.719    -152.686             161             161
  160          95.727    -190.173          95.674    -190.171             160             160
   86        -961.420     -34.468        -961.476     -34.343              86              86
   28        -416.166     105.487        -416.253     105.549              28              28
  230        -843.225     811.153        -843.288     811.341             230             230
  204        1158.272   -1680.247        1157.911   -1680.326             204             204
  145         362.269   -1323.850         362.000   -1324.000             145             145
  234        1413.990    1274.957        1414.091    1274.683             234             234
  198         913.560     434.013         913.653     433.880             198             198
  133        -653.082     918.734        -652.936     918.816             133             133
   82       -1134.305    1457.506       -1134.223    1457.746              82              82
   18        1259.184     -55.218        1259.060     -55.235              18              18
   27        1087.186     -15.418        1087.195     -15.424              27              27
  144        -399.873    -725.601        -399.944    -725.419             144             144
  242         -85.487   -1402.373         -85.692   -1402.298             242             242
  142         -80.550    -779.861         -80.673    -779.835             142             142
   20        -466.255   -1289.469        -466.465   -1289.431              20              20
  239        -404.933    -955.046        -405.137    -955.089             239             239
   70        -221.632      41.104        -221.735      41.033              70              70
  227          88.143    -566.585          87.940    -566.727             227             227
   80         697.404    1904.738         697.548    1904.581              80              80
  166        1125.835     351.687        1125.862     351.599             166             166
   55        -953.725    -303.869        -953.822    -303.691              55              55
   32        1022.068   -1134.016        1021.823   -1134.202              32              32
   26           8.366     402.393           8.364     402.290              26              26
  223         622.498     786.400         622.542     786.277             223             223
  232         468.690     362.045         468.713     361.980             232             232
   34         -73.777     339.322         -73.762     339.343              34              34
   44        -832.790    -240.322        -832.970    -240.229              44              44
  173        2059.119     643.745        2059.085     643.421             173             173
   89         655.836     502.444         655.888     502.340              89              89
  205        1428.773     789.265        1428.934     789.070             205             205
   77       -1791.175     974.662       -1791.098     974.984              77              77
  175        2626.572    -383.808        2626.432    -384.139             175             175
  234         473.914    1088.108         474.130    1088.069             234             234
   52         998.766     641.845         998.937     641.812              52              52
  124        -122.710    -302.438        -122.653    -302.333             124             124
  124         -65.542     246.448         -65.427     246.500             124             124
   30        -963.137     868.045        -962.975     868.282              30              30
   66        -781.340     202.436        -781.374     202.711              66              66
    1         538.374    -476.038         538.256    -475.964               1               1
  112        -437.251    -953.404        -437.419    -953.244             112             112
   85         534.084   -1053.514         533.925   -1053.595              85              85
   29        -761.645     428.889        -761.560     429.001              29              29
    1       -1264.713     -38.136       -1264.813     -37.879               1               1
   72         172.860    -689.643         172.617    -689.627              72              72
  171         563.433    -375.606         563.329    -375.705             171             171
   22       -1096.658     419.085       -1096.665     419.257              22              22
   56          13.777     314.391          13.692     314.464              56              56
  242        -248.473    -457.297        -248.674    -457.181             242             242
  249          45.203    -527.948          44.970    -527.943             249             249
  136         578.322    1141.406         578.382    1141.407             136             136
  152        -232.324    -695.088        -232.537    -694.870             152             152
   49          -6.641   -1455.832          -7.011   -1455.733              49              49
  169        -255.698   -1426.986        -256.122   -1426.953             169             169
  179        1182.890   -1018.547        1182.547   -1018.819             179             179
   17         346.286     -20.909         346.135     -21.045              17              17
  145        1072.578    -360.834        1072.370    -361.064             145             145
  213        1649.302     318.946        1649.318     318.640             213             213
   61           5.075     656.538           5.185     656.607              61              61
   62         529.066   -1412.657         528.857   -1412.677              62              62
   46       -1743.661   -1230.950       -1743.921   -1230.757              46              46
   11        -702.015     122.054        -702.214     122.064              11              11
  140        -926.288    -334.934        -926.657    -334.852             140             140
  222         673.098    -254.579         672.728    -254.779             222             222
  245        -894.669    -334.358        -895.109    -334.355             245             245
  193         483.932     948.297         483.565     948.087             193             193
   90         762.036     880.503         761.598     880.322              90              90
  114          92.438    1637.001          91.871    1637.057             114             114
  223         364.508    -288.892         362.775    -288.828             223             223
