SINAL     NFT                         FFT                         NFT INVERSA     FFT INVERSA
-----     -----------------------     -----------------------     -----------     -----------
    0       32097.000       0.000       32097.000       0.000               0              -0
  202        -915.680    1192.774        -915.673    1192.775             202             202
  155        1817.263   -1615.546        1817.268   -1615.547             155             155
   50        -221.433    -670.867        -221.427    -670.867              50              50
   49         655.558     170.043         655.567     170.040              49              49
  108        -843.319    -201.177        -843.310    -201.177             108             108
   74        -921.334    1190.558        -921.323    1190.559              74              74
  183        -870.080    1171.757        -870.070    1171.763             183             183
  194         494.078    -417.054         494.083    -417.054             194             194
  211       -1575.172      94.845       -1575.165      94.854             211             211
  149         522.610    -275.995         522.611    -276.000             149             149
    6         645.519    1208.907         645.534    1208.902               6               6
   20        -666.340     628.180        -666.327     628.188              20              20
  139         473.972      45.149         473.981      45.148             139             139
   68         -89.742     864.917         -89.723     864.920              68              68
  247        -267.507     689.896        -267.488     689.908             247             247
  183       -1797.963   -1158.744       -1797.967   -1158.718             183             183
  106        -249.128    -160.176        -249.129    -160.173             106             106
  199         943.225     403.544         943.240     403.538             199             199
  242       -1482.440    -518.335       -1482.433    -518.312             242             242
  205        -725.421   -1014.436        -725.428   -1014.428             205             205
   91        -594.896     -81.604        -594.889     -81.606              91              91
  215       -1575.252    1575.668       -1575.227    1575.686             215             215
  152       -1563.058     833.871       -1563.056     833.901             152             152
  129         371.853     901.909         371.856     901.921             129             129
   41         167.294   -1132.735         167.276   -1132.724              41              41
  103         -59.535     402.484         -59.527     402.491             103             103
   82       -1241.832     109.799       -1241.837     109.832              82              82
  243         755.219     130.802         755.210     130.807             243             243
  141         474.064    -744.549         474.049    -744.537             141             141
  190         561.160   -2027.993         561.128   -2028.000             190             190
  243        -825.739     -63.842        -825.738     -63.835             243             243
   88        -878.198     884.885        -878.202     884.912              88              88
   89        2906.257    -971.902        2906.225    -971.951              89              89
   38        1283.509     456.121        1283.544     456.106              38              38
  138       -1276.438   -1288.642       -1276.453   -1288.600             138             138
  197         996.381      83.636         996.385      83.630             197             197
  112         328.093   -2635.596         328.043   -2635.600             112             112
   65         953.131     222.982         953.156     222.951              65              65
  135        -142.368   -1675.676        -142.381   -1675.682             135             135
   68        -438.179     524.665        -438.142     524.659              68              68
  215        -951.877     668.800        -951.846     668.834             215             215
  142        -347.809    -952.058        -347.829    -952.037             142             142
   88        -724.648    -409.498        -724.657    -409.474              88              88
   98          74.663    -778.016          74.640    -778.013              98              98
  211         -69.024   -1677.425         -69.066   -1677.434             211             211
   80          19.360    -940.633          19.341    -940.672              80              80
   26        -472.359    1604.691        -472.304    1604.683              26              26
   62        -322.092     150.285        -322.085     150.302              62              62
   24        -212.707    -402.496        -212.717    -402.489              24              24
   12       -1028.358      99.041       -1028.370      99.071              12              12
   11        1262.997      88.578        1262.991      88.543              11              11
  116         -66.967    -978.758         -66.989    -978.761             116             116
  227        -224.265     779.929        -224.239     779.932             227             227
  164         451.367    -390.237         451.358    -390.244             164             164
  246        -561.246    -446.324        -561.262    -446.307             246             246
   12         283.529     122.465         283.516     122.454              12              12
   11        2242.669     225.465        2242.696     225.403              11              11
   72        -414.110   -1827.827        -414.133   -1827.810              72              72
    0        -475.498    -208.840        -475.482    -208.844              -0               0
  153        -222.733    -588.734        -222.735    -588.750             153             153
    6        -997.260     903.637        -997.220     903.664               6               6
  244          62.792    -755.004          62.753    -755.012             244             244
  242         815.525    -182.087         815.532    -182.148             242             242
   95        -663.075    1397.978        -663.000    1398.000              95              95
   26         335.147    -187.988         335.149    -187.987              26              26
  124         142.577     109.997         142.610     110.001             124             124
   36       -1146.046    -287.179       -1146.048    -287.118              36              36
  139         667.043    -434.761         667.032    -434.788             139             139
  190        -160.524     144.332        -160.486     144.348             190             190
  172        -945.203   -1138.786        -945.235   -1138.740             172             172
  208        -471.353    -812.329        -471.388    -812.337             208             208
  149         -96.376     347.928         -96.355     347.904             149             149
   59         -79.128     105.005         -79.110     104.992              59              59
   40         -98.968     816.490         -98.904     816.495              40              40
  248        -824.852    -353.164        -824.844    -353.115             248             248
   14       -1077.364    -194.318       -1077.364    -194.271              14              14
  121       -1594.235     -19.244       -1594.265     -19.180             121             121
   18         776.495    1010.411         776.516    1010.382              18              18
   76         -41.838    -518.471         -41.853    -518.450              76              76
  145       -1460.849     657.325       -1460.834     657.430             145             145
   30         464.042   -1068.276         463.950   -1068.259              30              30
   87        -138.352   -1996.027        -138.486   -1996.035              87              87
    5        1443.190    -205.156        1443.174    -205.281               5               5
    2         135.120     356.288         135.164     356.255               2               2
  252         538.579    -192.350         538.603    -192.398             252             252
  251        -163.198     896.287        -163.096     896.301             251             251
   15       -1048.616   -1116.815       -1048.637   -1116.750              15              15
    8       -1639.482    -452.342       -1639.512    -452.284               8               8
   68        -162.929    1049.583        -162.892    1049.586              68              68
   15        -271.204   -1020.633        -271.267   -1020.618              15              15
  161       -1186.544     243.476       -1186.553     243.526             161             161
   74        -112.223    -304.483        -112.294    -304.489              74              74
    4        1573.056     158.882        1573.066     158.778               4               4
  148       -1028.802    -535.811       -1028.813    -535.763             148             148
  170        -372.637    -828.674        -372.706    -828.715             170             170
   30         714.065    2002.997         714.201    2002.912              30              30
   17       -1921.376     702.738       -1921.344     702.884              17              17
  207         515.216      -8.197         515.166      -8.205             207             207
  170         422.369     -16.972         422.358     -16.988             170             170
  207          60.302     264.705          60.327     264.714             207             207
  123        -822.467     441.416        -822.454     441.510             123             123
  122         320.890    -797.997         320.807    -797.974             122             122
  101         398.407   -1138.225         398.327   -1138.242             101             101
  183        -159.675   -1483.150        -159.777   -1483.196             183             183
  163         158.957    1505.938         159.053    1505.887             163             163
   93          -1.963     183.974          -1.954     184.003              93              93
  197         -36.647    -538.878         -36.690    -538.849             197             197
   28         103.056   -1330.885         102.955   -1330.910              28              28
  112         328.373    -240.435         328.356    -240.512             112             112
   18         385.509     338.270         385.556     338.204              18              18
  173        -735.320     171.280        -735.298     171.308             173             173
  143         396.841     588.441         396.886     588.412             143             143
  106        -309.075    -618.768        -309.102    -618.751             106             106
  179        -848.095    -279.320        -848.137    -279.314             179             179
  146         959.966    2084.258         960.112    2084.183             146             146
  102        -641.804      34.458        -641.790      34.569             102             102
  175         -39.256    -405.868         -39.300    -405.825             175             175
  161          11.738    -664.418          11.678    -664.410             161             161
  110         293.228     404.732         293.261     404.731             110             110
  243         632.351    -887.760         632.334    -887.778             243             243
  177       -1651.821    -494.085       -1651.818    -493.942             177             177
   16       -2010.799   -1248.999       -2010.972   -1248.840              16              16
   62         803.315   -1557.949         803.090   -1558.078              62              62
  181        1089.640     422.827        1089.652     422.666             181             181
  164        -336.987      78.977        -336.988      78.983             164             164
  232         -71.617    -832.869         -71.733    -832.893             232             232
  212        1080.912    -830.102        1080.811    -830.267             212             212
  181         645.000       0.158         645.000       0.000             181             181
  183        1080.705     830.440        1080.809     830.271             183             183
  126         -71.856     832.918         -71.735     832.893             126             126
  133        -336.990     -78.988        -336.989     -78.982             133             133
   51        1089.665    -422.492        1089.652    -422.664              51              51
  249         802.841    1558.222         803.086    1558.081             249             249
  234       -2011.165    1248.662       -2010.974    1248.838             234             234
  234       -1651.814     493.777       -1651.819     493.938             234             234
  156         632.312     887.800         632.332     887.779             156             156
   72         293.300    -404.728         293.262    -404.730              72              72
  176          11.607     664.401          11.678     664.410             176             176
  185         -39.351     405.774         -39.300     405.825             185             185
  185        -641.771     -34.701        -641.789     -34.569             185             185
  194         960.298   -2084.088         960.117   -2084.180             194             194
  102        -848.189     279.304        -848.136     279.312             102             102
   72        -309.138     618.730        -309.104     618.751              72              72
   44         396.943    -588.372         396.886    -588.411              44              44
   26        -735.270    -171.346        -735.299    -171.309              26              26
  218         385.619    -338.114         385.557    -338.203             218             218
  147         328.332     240.619         328.355     240.513             147             147
  201         102.812    1330.947         102.952    1330.911             201             201
  124         -36.753     538.810         -36.692     538.850             124             124
    1          -1.938    -184.041          -1.952    -184.001               1               1
  189         159.194   -1505.811         159.056   -1505.885             189             189
   45        -159.929    1483.263        -159.780    1483.196              45              45
   17         398.203    1138.271         398.324    1138.245              17              17
  251         320.679     797.940         320.805     797.975             251             251
  227        -822.432    -441.654        -822.453    -441.510             227             227
  181          60.367    -264.729          60.327    -264.715             181             181
  227         422.340      17.014         422.357      16.989             227             227
  184         515.086       8.220         515.166       8.207             184             184
  107       -1921.291    -703.126       -1921.342    -702.887             107             107
  155         714.431   -2002.770         714.203   -2002.912             155             155
   55        -372.828     828.780        -372.708     828.714              55              55
  240       -1028.832     535.676       -1028.813     535.761             240             240
  206        1573.083    -158.588        1573.066    -158.773             206             206
   48        -112.423     304.499        -112.295     304.488              48              48
  218       -1186.571    -243.621       -1186.554    -243.528             218             218
  185        -271.384    1020.588        -271.268    1020.617             185             185
  205        -162.819   -1049.592        -162.889   -1049.585             205             205
   35       -1639.571     452.169       -1639.513     452.281              35              35
  105       -1048.682    1116.620       -1048.639    1116.748             105             105
  134        -162.893    -896.329        -163.095    -896.301             134             134
  220         538.649     192.497         538.602     192.401             220             220
   44         135.255    -356.186         135.164    -356.254              44              44
  237        1443.140     205.547        1443.173     205.285             237             237
   37        -138.774    1996.051        -138.489    1996.034              37              37
   89         463.750    1068.224         463.948    1068.261              89              89
    7       -1460.799    -657.661       -1460.833    -657.430               7               7
    0         -41.890     518.402         -41.855     518.449              -0              -0
  236         776.569   -1010.313         776.519   -1010.380             236             236
  209       -1594.339      19.023       -1594.266      19.176             209             209
  124       -1077.366     194.157       -1077.365     194.269             124             124
  237        -824.825     352.994        -824.845     353.113             237             237
  142         -98.745    -816.507         -98.903    -816.495             142             142
  170         -79.064    -104.955         -79.109    -104.991             170             170
  255         -96.302    -347.841         -96.355    -347.904             255             255
  138        -471.483     812.353        -471.390     812.335             138             138
  142        -945.324    1138.616        -945.238    1138.739             142             142
  181        -160.382    -144.393        -160.486    -144.348             181             181
  109         667.000     434.864         667.031     434.789             109             109
   70       -1146.052     286.945       -1146.048     287.116              70              70
   32         142.704    -110.011         142.610    -110.000              32              32
    9         335.156     187.985         335.149     187.988               9               9
  125        -662.774   -1398.066        -663.000   -1398.000             125             125
   16         815.551     182.338         815.532     182.149              16              16
  215          62.628     755.034          62.752     755.012             215             215
  174        -997.088    -903.755        -997.218    -903.666             174             174
  235        -222.747     588.802        -222.736     588.749             235             235
  145        -475.428     208.854        -475.482     208.843             145             145
  123        -414.218    1827.750        -414.136    1827.810             123             123
   14        2242.792    -225.171        2242.697    -225.397              14              14
  250         283.469    -122.413         283.516    -122.454             250             250
    1        -561.326     446.239        -561.263     446.305               1               1
  235         451.320     390.270         451.357     390.244             235             235
   39        -224.132    -779.945        -224.237    -779.931              39              39
  238         -67.080     978.775         -66.990     978.762             238             238
   16        1262.964     -88.397        1262.990     -88.539              16              16
  128       -1028.414     -99.199       -1028.368     -99.074             128             128
  245        -212.761     402.459        -212.718     402.489             245             245
   16        -322.056    -150.374        -322.085    -150.301              16              16
  108        -472.050   -1604.651        -472.302   -1604.684             108             108
  199          19.250     940.849          19.339     940.672             199             199
  141         -69.278    1677.476         -69.070    1677.435             141             141
   90          74.527     777.994          74.639     778.012              90              90
   86        -724.709     409.351        -724.659     409.473              86              86
   55        -347.929     951.929        -347.829     952.036              55              55
   90        -951.682    -669.010        -951.845    -668.833              90              90
  224        -437.940    -524.631        -438.141    -524.660             224             224
  197        -142.465    1675.717        -142.384    1675.682             197             197
   15         953.303    -222.770         953.157    -222.950              15              15
   78         327.730    2635.628         328.036    2635.603              78              78
   12         996.407     -83.585         996.385     -83.628              12              12
   47       -1276.559    1288.322       -1276.456    1288.596              47              47
   87        1283.776    -456.007        1283.545    -456.104              87              87
  137        2906.010     972.295        2906.222     971.958             137             137
   64        -878.231    -885.100        -878.202    -884.912              64              64
   46        -825.736      63.771        -825.738      63.833              46              46
   55         560.865    2028.051         561.124    2028.000              55              55
   44         473.921     744.441         474.046     744.537              44              44
  191         755.133    -130.845         755.210    -130.806             191             191
  179       -1241.885    -110.132       -1241.837    -109.835             179             179
   59         -59.448    -402.561         -59.526    -402.492              59              59
  186         167.082    1132.627         167.270    1132.724             186             186
  180         371.886    -902.034         371.857    -901.920             180             180
   38       -1563.024    -834.232       -1563.054    -833.905              38              38
  225       -1574.943   -1575.903       -1575.224   -1575.690             225             225
  162        -594.816      81.620        -594.890      81.605             162             162
   54        -725.515    1014.333        -725.430    1014.427              54              54
   98       -1482.351     518.001       -1482.434     518.308              98              98
  152         943.444    -403.452         943.242    -403.536             152             152
   71        -249.142     160.119        -249.130     160.171              71              71
  207       -1798.033    1158.322       -1797.968    1158.716             207             207
   96        -267.163    -690.111        -267.486    -689.909              96              96
  212         -89.389    -864.999         -89.722    -864.921             212             212
   42         474.134     -45.124         473.981     -45.148              42              42
  182        -666.063    -628.364        -666.326    -628.190             182             182
   12         645.907   -1208.778         645.537   -1208.901              12              12
  132         522.639     276.128         522.611     276.002             132             132
  150       -1574.996     -95.115       -1575.166     -94.857             150             150
  210         494.230     417.067         494.082     417.055             210             210
  147        -869.678   -1171.967        -870.067   -1171.764             147             147
  228        -920.808   -1190.634        -921.320   -1190.560             228             228
  222        -842.881     201.142        -843.311     201.175             222             222
  195         656.125    -169.844         655.567    -170.040             195             195
   59        -220.886     670.916        -221.428     670.867              59              59
  104        1817.828    1615.772        1817.264    1615.551             104             104
    3        -913.851   -1193.012        -915.671   -1192.777               3               3
