SINAL     NFT                         FFT                         NFT INVERSA     FFT INVERSA
-----     -----------------------     -----------------------     -----------     -----------
  225       35181.000       0.000       35181.000       0.000             225             225
   16        1284.965    -126.400        1284.972    -126.400              16              16
  133         896.594    -896.218         896.601    -896.219             133             133
  161        1365.562     335.244        1365.571     335.241             161             161
  226       -1659.532    1138.980       -1659.520    1138.984             226             226
   83        1094.532     730.008        1094.542     730.006              83              83
  199       -1239.924    -454.607       -1239.917    -454.602             199             199
  123         -47.448    -293.975         -47.444    -293.975             123             123
  156        -263.460     540.837        -263.453     540.838             156             156
  252        1878.122     406.573        1878.131     406.567             252             252
   53         697.813    -942.389         697.821    -942.391              53              53
  213       -1056.664    -120.124       -1056.654    -120.119             213             213
  108        -514.981     445.293        -514.971     445.298             108             108
   21         476.128    -384.685         476.132    -384.685              21              21
  239        -519.890   -1148.713        -519.894   -1148.710             239             239
   86         779.340    -514.243         779.339    -514.258              86              86
  218        1145.534     363.035        1145.549     363.014             218             218
   84          86.241    1389.620          86.271    1389.614              84              84
  103        -205.722    1223.593        -205.695    1223.600             103             103
  126          16.154    -445.926          16.165    -445.921             126             126
  177       -1703.096     199.706       -1703.084     199.728             177             177
  136          30.403     241.717          30.408     241.720             136             136
  253        -569.459    -397.181        -569.461    -397.172             253             253
  184         -57.362     640.131         -57.356     640.136             184             184
    1         883.939    -737.110         883.933    -737.120               1               1
  249        -901.580    -575.536        -901.587    -575.529             249             249
   65        1109.221     890.096        1109.236     890.073              65              65
  217         138.410     -48.973         138.415     -48.976             217             217
  164        1042.070    1046.726        1042.099    1046.715             164             164
  233         500.419   -1344.237         500.417   -1344.244             233             233
  193       -1319.206     543.734       -1319.180     543.751             193             193
  134       -1140.904     187.666       -1140.910     187.687             134             134
  250        1468.157    -274.746        1468.145    -274.784             250             250
   70        -311.974    1024.216        -311.952    1024.218              70              70
   39        1423.450     231.185        1423.455     231.157              39              39
  221        1411.503     347.682        1411.532     347.654             221             221
  153        -212.416     286.959        -212.385     286.970             153             153
  239         247.142    -680.889         247.147    -680.898             239             239
   88        -284.683    1061.775        -284.636    1061.777              88              88
   54        -597.200     622.642        -597.171     622.670              54              54
  235        -170.399   -1073.935        -170.416   -1073.928             235             235
  142        -506.673     462.735        -506.652     462.741             142             142
   11        -850.013    -533.889        -850.032    -533.876              11              11
   88         402.241     735.767         402.248     735.743              88              88
  164        1329.270    -189.437        1329.274    -189.494             164             164
  251        -317.841    2357.627        -317.758    2357.629             251             251
  174         415.193       4.761         415.208       4.756             174             174
  126        -262.543    1528.397        -262.479    1528.412             126             126
   79       -1312.256      72.675       -1312.259      72.729              79              79
   22        1065.084     928.312        1065.103     928.290              22              22
  253         503.699     -38.859         503.708     -38.863             253             253
    0         310.378     592.110         310.407     592.108              -0              -0
  158        1356.887    -145.006        1356.915    -145.048             158             158
  250        -917.472    1023.307        -917.395    1023.338             250             250
  185       -1290.197     471.910       -1290.167     471.961             185             185
  160        -644.091    1286.875        -644.057    1286.910             160             160
  243         537.329     930.816         537.360     930.831             243             243
  251        -180.041     -61.769        -180.036     -61.728             251             251
  122         657.433     105.445         657.457     105.446             122             122
  152       -1169.823       5.513       -1169.803       5.580             152             152
  228        -650.626    -323.192        -650.639    -323.154             228             228
   59       -1328.986     530.647       -1328.992     530.710              59              59
   30         820.999     -19.589         820.966     -19.603              30              30
  223         382.232     331.180         382.234     331.184             223             223
  129         415.036    -553.996         415.000    -554.000             129             129
   70        1689.784    -341.212        1689.788    -341.295              70              70
  188        -859.308    1121.658        -859.235    1121.686             188             188
   27         346.783     867.748         346.827     867.748              27              27
   53        -683.811     770.492        -683.784     770.549              53              53
   21        1646.075     249.375        1646.094     249.329              21              21
   82         -46.909     674.436         -46.835     674.464              82              82
   32       -1452.183    1115.084       -1452.128    1115.206              32              32
  163        1097.024   -1198.177        1096.966   -1198.180             163             163
   94         324.306     -28.946         324.344     -28.945              94              94
  120        -974.209     209.089        -974.163     209.160             120             120
   72       -1463.560    -312.906       -1463.578    -312.816              72              72
   89        -575.618     461.696        -575.631     461.742              89              89
   39         774.152     474.149         774.159     474.151              39              39
  198        -133.999    -694.655        -134.024    -694.615             198             198
  168        -868.784    -159.457        -868.801    -159.406             168             168
   61        -281.162     920.433        -281.148     920.474              61              61
  196         180.093     506.682         180.082     506.737             196             196
  169        1109.072   -1148.667        1109.002   -1148.664             169             169
  220        -117.704   -1567.284        -117.776   -1567.271             220             220
  190        -452.857     -28.556        -452.868     -28.548             190             190
   99        -199.547     494.351        -199.546     494.372              99              99
  125         -82.212    -245.692         -82.261    -245.662             125             125
  178        -149.920    -716.617        -150.022    -716.607             178             178
   94        2076.470     158.709        2076.437     158.575              94              94
  247        1179.378    1484.306        1179.477    1484.273             247             247
   75         -78.227   -1579.736         -78.322   -1579.703              75              75
   67        1769.608     630.570        1769.647     630.460              67              67
   51         513.472     733.781         513.547     733.792              51              51
  105         491.699   -1287.736         491.639   -1287.745             105             105
   34        1442.892     793.208        1442.979     793.130              34              34
  180         527.256    -322.062         527.312    -322.062             180             180
  175        -670.171    -358.842        -670.145    -358.784             175             175
  223        1215.926    -143.973        1215.979    -144.037             223             223
  208        -648.312    -666.558        -648.255    -666.522             208             208
  229       -1742.837     325.366       -1742.754     325.462             229             229
  245       -2442.569      32.060       -2442.591      32.205             245             245
   35         111.771    1374.058         111.807    1374.069              35              35
    5        -435.928    -131.000        -435.971    -130.921               5               5
  153         192.045    -303.479         191.990    -303.456             153             153
  129         663.154   -1152.565         663.076   -1152.619             129             129
  126        -465.332     667.939        -465.273     667.948             126             126
  225        -812.473    -189.306        -812.506    -189.263             225             225
  218        -231.455     936.842        -231.436     936.850             218             218
  165          22.641    -142.782          22.578    -142.792             165             165
  167         811.161     980.064         811.195     979.981             167             167
  131         526.089    1891.283         526.220    1891.269             131             131
  227        -199.447    1463.389        -199.348    1463.490             227             227
  107        -708.122     578.579        -708.144     578.756             107             107
   44        2231.618   -1412.357        2231.476   -1412.438              44              44
  191         651.706      53.004         651.740      52.997             191             191
   42         736.826    -766.844         736.817    -766.873              42              42
  144        -765.207     786.628        -765.117     786.720             144             144
   60        -113.355    -424.870        -113.396    -424.800              60              60
  221         376.200    -625.880         376.160    -625.875             221             221
  238        -736.794    -574.817        -736.842    -574.760             238             238
   52        -191.857      59.827        -191.900      59.827              52              52
   40         998.468     702.747         998.500     702.676              40              40
   50        -106.165     362.635        -106.138     362.668              50              50
  103        -164.703    1411.625        -164.628    1411.715             103             103
  146         980.292   -1118.548         980.174   -1118.540             146             146
   85         469.940    -396.530         469.912    -396.540              85              85
   28         -45.810    -386.679         -45.858    -386.667              28              28
   66        1187.625     577.384        1187.675     577.308              66              66
   53        -399.000      -0.083        -399.000       0.000              53              53
  236        1187.724    -577.229        1187.674    -577.307             236             236
   39         -45.908     386.653         -45.858     386.666              39              39
   42         469.881     396.549         469.911     396.539              42              42
   16         980.047    1118.535         980.173    1118.542              16              16
   45        -164.543   -1411.816        -164.625   -1411.717              45              45
  195        -106.107    -362.704        -106.137    -362.668             195             195
  145         998.537    -702.594         998.502    -702.674             145             145
  172        -191.949     -59.828        -191.900     -59.828             172             172
  164        -736.900     574.690        -736.844     574.757             164             164
  107         376.111     625.870         376.159     625.876             107             107
   81        -113.445     424.717        -113.397     424.800              81              81
   76        -765.006    -786.833        -765.116    -786.721              76              76
  238         736.804     766.908         736.816     766.873             238             238
   53         651.783     -52.988         651.740     -52.997              53              53
  184        2231.293    1412.542        2231.473    1412.440             184             184
   27        -708.172    -578.987        -708.144    -578.758              27              27
  244        -199.215   -1463.625        -199.346   -1463.492             244             244
  226         526.400   -1891.249         526.224   -1891.268             226             226
  171         811.243    -979.869         811.196    -979.981             171             171
   49          22.492     142.805          22.578     142.792              49              49
  191        -231.406    -936.863        -231.434    -936.851             191             191
  154        -812.554     189.203        -812.507     189.263             154             154
  101        -465.187    -667.962        -465.271    -667.949             101             101
  231         662.959    1152.699         663.074    1152.619             231             231
  205         191.907     303.423         191.988     303.456             205             205
  204        -436.035     130.801        -435.971     130.920             204             204
  122         111.865   -1374.087         111.810   -1374.070             122             122
   34       -2442.626     -32.436       -2442.591     -32.209              34              34
  232       -1742.622    -325.620       -1742.754    -325.467             232             232
  188        -648.162     666.464        -648.255     666.521             188             188
   87        1216.065     144.145        1215.979     144.040              87              87
  213        -670.103     358.687        -670.145     358.784             213             213
  227         527.404     322.064         527.311     322.063             227             227
  129        1443.132    -792.989        1442.981    -793.126             129             129
  229         491.530    1287.760         491.637    1287.745             229             229
   17         513.683    -733.809         513.549    -733.791              17              17
   68        1769.721    -630.255        1769.648    -630.457              68              68
  118         -78.502    1579.644         -78.325    1579.703             118             118
  189        1179.667   -1484.207        1179.480   -1484.270             189             189
  233        2076.376    -158.316        2076.437    -158.573             233             233
  226        -150.225     716.586        -150.025     716.606             226             226
   14         -82.362     245.603         -82.262     245.662              14              14
   53        -199.544    -494.416        -199.545    -494.373              53              53
  209        -452.889      28.530        -452.868      28.547             209             209
   68        -117.932    1567.241        -117.780    1567.270              68              68
  237        1108.851    1148.661        1109.000    1148.665             237             237
  237         180.061    -506.860         180.084    -506.739             237             237
   56        -281.114    -920.563        -281.146    -920.474              56              56
  207        -868.843     159.284        -868.803     159.402             207             207
  152        -134.086     694.522        -134.027     694.614             152             152
  105         774.176    -474.155         774.159    -474.151             105             105
  143        -575.659    -461.855        -575.630    -461.744             143             143
   51       -1463.625     312.593       -1463.579     312.812              51              51
  207        -974.051    -209.338        -974.163    -209.162             207             207
  119         324.439      28.942         324.345      28.945             119             119
    0        1096.814    1198.190        1096.964    1198.181              -0               0
  155       -1451.981   -1115.531       -1452.125   -1115.210             155             155
  241         -46.636    -674.541         -46.834    -674.465             241             241
   35        1646.145    -249.201        1646.094    -249.326              35              35
  132        -683.706    -770.708        -683.782    -770.549             132             132
  174         346.955    -867.747         346.830    -867.748             174             174
  122        -859.024   -1121.769        -859.232   -1121.688             122             122
   89        1689.800     341.543        1689.786     341.298              89              89
  145         414.893     554.011         415.000     554.000             145             145
  252         382.240    -331.198         382.233    -331.185             252             252
   63         820.863      19.653         820.966      19.605              63              63
  163       -1329.008    -530.922       -1328.991    -530.714             163             163
   64        -650.681     323.029        -650.638     323.154              64              64
  182       -1169.734      -5.811       -1169.802      -5.583             182             182
   96         657.540    -105.446         657.457    -105.445              96              96
   42        -180.021      61.585        -180.037      61.728              42              42
  153         537.474    -930.885         537.361    -930.831             153             153
  111        -643.920   -1287.050        -644.053   -1286.913             111             111
   95       -1290.056    -472.159       -1290.167    -471.964              95              95
  106        -917.092   -1023.465        -917.393   -1023.341             106             106
  179        1357.025     145.221        1356.915     145.051             179             179
   76         310.531    -592.102         310.410    -592.109              76              76
   87         503.743      38.879         503.708      38.863              87              87
  236        1065.185    -928.197        1065.105    -928.289             236             236
   28       -1312.269     -72.967       -1312.258     -72.730              28              28
  240        -262.180   -1528.482        -262.475   -1528.413             240             240
   85         415.273      -4.730         415.207      -4.756              85              85
  172        -317.350   -2357.641        -317.753   -2357.629             172             172
   36        1329.290     189.777        1329.273     189.496              36              36
   36         402.290    -735.616         402.250    -735.741              36              36
   36        -850.133     533.809        -850.033     533.875              36              36
   36        -506.539    -462.776        -506.651    -462.741              36              36
  192        -170.512    1073.889        -170.418    1073.927             192             192
   21        -597.002    -622.827        -597.168    -622.671              21              21
   71        -284.358   -1061.787        -284.634   -1061.777              71              71
   68         247.173     680.959         247.146     680.899              68              68
  195        -212.188    -287.037        -212.384    -286.970             195             195
  194        1411.718    -347.464        1411.533    -347.650             194             194
  158        1423.489    -230.970        1423.456    -231.155             158             158
   85        -311.799   -1024.233        -311.951   -1024.219              85              85
  190        1468.068     275.047        1468.145     274.784             190             190
  222       -1140.946    -187.848       -1140.909    -187.689             222             222
  249       -1318.984    -543.888       -1319.180    -543.753             249             249
  255         500.390    1344.306         500.415    1344.246             255             255
  149        1042.336   -1046.607        1042.100   -1046.712             149             149
   89         138.458      49.004         138.415      48.977              89              89
   41        1109.372    -889.860        1109.237    -890.070              41              41
   46        -901.651     575.460        -901.588     575.527              46              46
  200         883.871     737.219         883.931     737.120             200             200
  136         -57.271    -640.175         -57.353    -640.135             136             136
  153        -569.494     397.073        -569.462     397.172             153             153
  124          30.472    -241.754          30.409    -241.720             124             124
  213       -1702.947    -200.007       -1703.085    -199.731             213             213
  240          16.292     445.852          16.165     445.921             240             240
  104        -205.320   -1223.704        -205.692   -1223.601             104             104
  242          86.707   -1389.534          86.276   -1389.614             242             242
  225        1145.775    -362.684        1145.550    -363.012             225             225
  190         779.325     514.511         779.339     514.260             190             190
  158        -519.978    1148.655        -519.896    1148.709             158             158
    5         476.195     384.704         476.131     384.686               5               5
  227        -514.778    -445.401        -514.971    -445.298             227             227
  194       -1056.410     119.980       -1056.653     120.117             194             194
   42         698.005     942.461         697.819     942.393              42              42
  163        1878.386    -406.344        1878.132    -406.561             163             163
  216        -263.230    -540.884        -263.452    -540.840             216             216
  114         -47.277     293.977         -47.443     293.975             114             114
  232       -1239.630     454.328       -1239.917     454.599             232             232
  156        1095.079    -729.907        1094.544    -730.004             156             156
   52       -1658.769   -1139.228       -1659.519   -1138.986              52              52
  135        1366.424    -334.898        1365.572    -335.238             135             135
  242         897.448     896.424         896.599     896.221             242             242
  242        1286.810     126.594        1284.972     126.403             242             242
