SINAL     NFT                         FFT                         NFT INVERSA     FFT INVERSA
-----     -----------------------     -----------------------     -----------     -----------
   68       32603.000       0.000       32603.000       0.000              68              68
   25       -1298.410     156.806       -1298.403     156.806              25              25
  211        -194.953    -283.132        -194.947    -283.131             211             211
    7        -605.549    -102.014        -605.543    -102.014               7               7
   19        -641.136    -903.937        -641.132    -903.937              19              19
   69        -520.019     317.422        -520.012     317.420              69              69
  173        -256.945    1704.174        -256.935    1704.174             173             173
  113         140.377    1333.752         140.388    1333.753             113             113
   38        -993.161      38.615        -993.157      38.625              38              38
  186        1383.078   -1621.081        1383.074   -1621.089             186             186
   87        -831.733     665.842        -831.722     665.844              87              87
  206         -16.555     153.448         -16.551     153.448             206             206
    0         343.504     546.475         343.512     546.474               0              -0
   77         333.405   -1053.600         333.403   -1053.603              77              77
   54         335.945     329.165         335.955     329.157              54              54
  106         119.839     801.376         119.854     801.373             106             106
  154         298.584      30.700         298.595      30.698             154             154
   27         -24.804    -400.507         -24.795    -400.511              27              27
   96        -888.337     716.621        -888.317     716.624              96              96
  179       -1161.723    1614.761       -1161.698    1614.775             179             179
  232        -170.118     303.007        -170.110     303.015             232             232
   93       -1301.538     696.531       -1301.527     696.552              93              93
  100        -477.688     338.806        -477.692     338.819             100             100
  240        1379.369     581.951        1379.379     581.938             240             240
  226       -1091.063     724.257       -1091.048     724.288             226             226
  113        1219.470   -1071.966        1219.457   -1071.975             113             113
   27        -732.870     779.915        -732.845     779.936              27              27
  120       -1146.905    -801.525       -1146.921    -801.493             120             120
   89         610.778   -1023.943         610.757   -1023.955              89              89
  160        -330.852     510.246        -330.844     510.250             160             160
  191         890.562     417.492         890.573     417.487             191             191
  158       -1038.904   -1070.546       -1038.921   -1070.520             158             158
  186          71.561    -163.428          71.546    -163.431             186             186
  146        1053.483    -254.045        1053.472    -254.066             146             146
  165        1630.670    -277.898        1630.679    -277.937             165             165
  205        -578.039     282.447        -578.011     282.458             205             205
  216        -320.771    -124.535        -320.767    -124.527             216             216
   83         120.977      64.836         120.984      64.833              83              83
   62         707.109     552.778         707.139     552.772              62              62
  254       -1322.031   -1698.689       -1322.058   -1698.661             254             254
   13        -340.107    1249.889        -340.079    1249.888              13              13
  150         195.536      59.614         195.537      59.617             150             150
  205        -473.351     188.032        -473.354     188.053             205             205
   13        1284.910    -539.165        1284.893    -539.196              13              13
  227         976.488     186.805         976.514     186.777             227             227
    4         451.408    -182.414         451.442    -182.431               4               4
  120       -1709.438    1018.025       -1709.385    1018.077             120             120
  126        -302.428     292.823        -302.413     292.850             126             126
   31        -896.295     382.249        -896.282     382.305              31              31
  216        -150.046   -1420.256        -150.092   -1420.235             216             216
   50        -932.090    -174.138        -932.106    -174.112              50              50
    7         320.029     602.433         320.029     602.435               7               7
   54         800.473    -381.034         800.455    -381.034              54              54
  150         685.758    -819.637         685.743    -819.635             150             150
  248         -44.934   -2137.160         -44.992   -2137.160             248             248
   25         439.252    -839.440         439.239    -839.490              25              25
    8         254.149     947.185         254.213     947.162               8               8
   19        -545.286    -508.434        -545.275    -508.404              19              19
  145        -835.407   -1267.092        -835.438   -1267.070             145             145
   97        -321.510    -902.283        -321.531    -902.308              97              97
  180        -795.314     572.897        -795.283     572.891             180             180
   81        -775.263     271.669        -775.255     271.678              81              81
  255        -609.374     605.314        -609.366     605.326             255             255
  110         368.105    -105.210         368.096    -105.237             110             110
  227        -667.034     913.980        -667.000     914.000             227             227
  165         403.368     247.448         403.377     247.435             165             165
   60        -670.699    1247.217        -670.646    1247.280              60              60
  187          78.914   -2253.376          78.808   -2253.364             187             187
  248         548.590     526.719         548.630     526.684             248             248
  122       -1455.158   -1461.766       -1455.212   -1461.717             122             122
  186        -616.148     353.576        -616.152     353.568             186             186
    6        -656.409     483.922        -656.423     483.943               6               6
   17         880.553    -840.120         880.488    -840.183              17              17
  135           5.013     564.767           5.035     564.734             135             135
   20        -222.100     218.098        -222.106     218.087              20              20
  245         662.415     221.240         662.414     221.178             245             245
  140         102.556    1378.890         102.626    1378.874             140             140
  140        -317.031     -26.274        -317.045     -26.260             140             140
  116         959.947    1154.500         960.001    1154.453             116             116
  171          73.664     325.967          73.700     325.984             171             171
  101        -586.942      36.140        -586.940      36.187             101             101
  166         691.219    -262.317         691.211    -262.348             166             166
  179        -903.964    -276.779        -903.974    -276.745             179             179
  155         -88.538     431.483         -88.533     431.474             155             155
   61        -576.036     153.165        -576.067     153.191              61              61
  171        1696.644    -456.043        1696.600    -456.167             171             171
  180        -108.953    1675.837        -108.855    1675.825             180             180
   69        1003.997     453.697        1004.027     453.665              69              69
  191         628.840    -714.057         628.836    -714.102             191             191
   70        -186.818     869.208        -186.725     869.189              70              70
  166        -863.079    1055.533        -863.001    1055.579             166             166
  115        -368.896    1042.926        -368.852    1042.968             115             115
  152         945.285     407.738         945.317     407.706             152             152
  166        -623.992    1027.813        -623.911    1027.890             166             166
  225         191.993     -73.359         191.999     -73.321             225             225
  123        -341.326    -269.545        -341.325    -269.491             123             123
   75        -355.501    -877.446        -355.546    -877.431              75              75
   29        -834.323     904.902        -834.280     904.938              29              29
   55        -100.372    1088.847        -100.346    1088.891              55              55
   67        1646.399    -551.082        1646.365    -551.137              67              67
  152         562.032   -1246.795         562.028   -1246.848             152             152
  241       -2005.639    1259.239       -2005.517    1259.354             241             241
   74        -900.900    -404.383        -900.959    -404.320              74              74
  170         207.801     379.344         207.796     379.304             170             170
  121         392.075    1603.420         392.188    1603.407             121             121
   94        -366.685     559.111        -366.628     559.198              94              94
  159        -324.863    -997.142        -324.914    -997.099             159             159
    5        -564.864     985.332        -564.765     985.375               5               5
  234       -2875.170     -39.242       -2875.217     -39.026             234             234
   20        -126.788    1239.325        -126.814    1239.370              20              20
  177         332.103    -512.910         331.982    -512.897             177             177
   79         883.898    1433.160         883.953    1433.149              79              79
  186         172.732   -1119.460         172.627   -1119.421             186             186
  100         -22.645     853.686         -22.620     853.715             100             100
  235         764.011     358.341         764.020     358.359             235             235
  248       -1424.679    -362.597       -1424.767    -362.413             248             248
   16        2032.583    -753.606        2032.461    -753.696              16              16
  160         496.072   -1018.616         496.007   -1018.623             160             160
   61       -1025.513    -601.011       -1025.616    -600.921              61              61
  207        2233.767    -960.784        2233.638    -960.966             207             207
  231        1060.526      86.484        1060.558      86.390             231             231
  228         366.282   -1037.176         366.228   -1037.237             228             228
   66         267.039     849.664         267.110     849.603              66              66
  127        1368.385     722.708        1368.478     722.619             127             127
  138         -71.783    -152.930         -71.725    -152.896             138             138
   36        -529.595     248.640        -529.535     248.713              36              36
  251        -835.726    -752.959        -835.798    -752.877             251             251
  213         168.214      91.013         168.182      90.992             213             213
   66         907.000       0.073         907.000       0.000              66              66
   50         168.152     -90.971         168.183     -90.992              50              50
   25        -835.874     752.789        -835.799     752.876              25              25
  219        -529.473    -248.791        -529.535    -248.714             219             219
   36         -71.665     152.860         -71.726     152.896              36              36
   99        1368.583    -722.517        1368.481    -722.615              99              99
  133         267.192    -849.534         267.113    -849.602             133             133
  158         366.165    1037.306         366.225    1037.238             158             158
  193        1060.595     -86.281        1060.558     -86.389             193             193
   37        2233.486     961.181        2233.636     960.970              37              37
  163       -1025.736     600.813       -1025.617     600.919             163             163
  172         495.925    1018.630         496.003    1018.622             172             172
   57        2032.314     753.809        2032.460     753.700              57              57
   84       -1424.876     362.180       -1424.768     362.408              84              84
  252         764.033    -358.379         764.021    -358.357             252             252
  244         -22.586    -853.753         -22.618    -853.717             244             244
  185         172.491    1119.372         172.626    1119.422             185             185
  232         884.028   -1433.133         883.955   -1433.148             232             232
  236         331.819     512.881         331.981     512.898             236             236
  201        -126.845   -1239.431        -126.811   -1239.371             201             201
  137       -2875.280      38.721       -2875.217      39.020             137             137
   42        -564.625    -985.436        -564.763    -985.376              42              42
  153        -324.989     997.037        -324.916     997.098             153             153
  112        -366.545    -559.324        -366.627    -559.199             112             112
   14         392.356   -1603.387         392.190   -1603.407              14              14
  220         207.788    -379.245         207.795    -379.304             220             220
  240        -901.048     404.222        -900.959     404.317             240             240
  152       -2005.325   -1259.535       -2005.514   -1259.358             152             152
    0         562.018    1246.929         562.026    1246.848              -0              -0
  236        1646.310     551.229        1646.365     551.142             236             236
  110        -100.302   -1088.965        -100.344   -1088.892             110             110
   67        -834.209    -904.999        -834.278    -904.940              67              67
   31        -355.622     877.404        -355.546     877.431              31              31
  135        -341.325     269.397        -341.325     269.490             135             135
   30         192.009      73.252         191.999      73.320              30              30
   67        -623.764   -1028.025        -623.908   -1027.890              67              67
  235         945.377    -407.649         945.318    -407.705             235             235
  164        -368.766   -1043.043        -368.849   -1042.968             164             164
  225        -862.856   -1055.664        -863.000   -1055.580             225             225
  173        -186.547    -869.152        -186.722    -869.188             173             173
  202         628.828     714.190         628.835     714.103             202             202
  133        1004.088    -453.599        1004.028    -453.663             133             133
   90        -108.656   -1675.801        -108.852   -1675.824              90              90
    3        1696.509     456.422        1696.599     456.172               3               3
  218        -576.130    -153.247        -576.067    -153.193             218             218
   86         -88.520    -431.454         -88.532    -431.473              86              86
  248        -903.995     276.670        -903.975     276.744             248             248
  147         691.192     262.416         691.210     262.350             147             147
   63        -586.937     -36.291        -586.940     -36.187              63              63
  229          73.780    -326.021          73.699    -325.983             229             229
   93         960.128   -1154.341         960.003   -1154.450              93              93
  200        -317.077      26.229        -317.045      26.261             200             200
   15         102.796   -1378.835         102.628   -1378.874              15              15
  246         662.413    -221.025         662.414    -221.175             246             246
   57        -222.122    -218.059        -222.107    -218.087              57              57
   29           5.091    -564.651           5.036    -564.734              29              29
  210         880.321     840.343         880.486     840.183             210             210
   41        -656.458    -483.996        -656.423    -483.943              41              41
  182        -616.163    -353.547        -616.152    -353.569             182             182
  211       -1455.364    1461.582       -1455.216    1461.715             211             211
   22         548.742    -526.586         548.631    -526.683              22              22
   36          78.504    2253.331          78.803    2253.365              36              36
   22        -670.491   -1247.460        -670.644   -1247.280              22              22
   53         403.401    -247.398         403.377    -247.434              53              53
  172        -666.897    -914.061        -667.000    -914.000             172             172
   53         368.063     105.322         368.095     105.238              53              53
  121        -609.334    -605.367        -609.364    -605.326             121             121
  151        -775.229    -271.708        -775.255    -271.679             151             151
  217        -795.179    -572.874        -795.282    -572.892             217             217
   91        -321.613     902.393        -321.534     902.308              91              91
   68        -835.550    1266.995        -835.441    1267.070              68              68
  163        -545.237     508.299        -545.275     508.404             163             163
  224         254.440    -947.080         254.213    -947.162             224             224
  158         439.186     839.672         439.237     839.490             158             158
  167         -45.222    2137.161         -44.997    2137.160             167             167
  187         685.680     819.630         685.741     819.636             187             187
  245         800.385     381.034         800.455     381.035             245             245
  159         320.031    -602.445         320.030    -602.435             159             159
   78        -932.174     173.999        -932.106     174.110              78              78
   52        -150.294    1420.144        -150.095    1420.235              52              52
  132        -896.220    -382.550        -896.281    -382.306             132             132
  172        -302.347    -292.971        -302.413    -292.851             172             172
  252       -1709.131   -1018.328       -1709.382   -1018.081             252             252
  148         451.599     182.513         451.442     182.432             148             148
  163         976.641    -186.632         976.515    -186.774             163             163
   54        1284.800     539.361        1284.891     539.199              54              54
  177        -473.363    -188.162        -473.352    -188.054             177             177
  117         195.539     -59.627         195.537     -59.616             117             117
   95        -339.925   -1249.882        -340.079   -1249.889              95              95
  103       -1322.226    1698.492       -1322.062    1698.657             103             103
   73         707.321    -552.730         707.141    -552.770              73              73
  117         121.023     -64.815         120.984     -64.833             117             117
  140        -320.737     124.472        -320.767     124.526             140             140
   96        -577.834    -282.535        -578.011    -282.460              96              96
  171        1630.742     278.194        1630.679     277.941             171             171
   56        1053.394     254.221        1053.471     254.069              56              56
  149          71.443     163.448          71.546     163.431             149             149
   36       -1039.063    1070.311       -1038.924    1070.517              36              36
  208         890.667    -417.436         890.574    -417.485             208             208
  110        -330.776    -510.283        -330.843    -510.250             110             110
  128         610.569    1024.050         610.754    1023.955             128             128
   21       -1147.063     801.209       -1146.922     801.490              21              21
   17        -732.621    -780.124        -732.844    -779.937              17              17
   96        1219.336    1072.067        1219.455    1071.977              96              96
  180       -1090.903    -724.596       -1091.047    -724.289             180             180
  185        1379.486    -581.802        1379.380    -581.937             185             185
   27        -477.724    -338.959        -477.692    -338.819              27              27
  169       -1301.403    -696.808       -1301.526    -696.556             169             169
   88        -170.010    -303.105        -170.109    -303.014              88              88
  106       -1161.376   -1614.964       -1161.694   -1614.778             106             106
  222        -888.039    -716.664        -888.315    -716.625             222             222
  221         -24.667     400.568         -24.795     400.511             221             221
   23         298.754     -30.664         298.595     -30.697              23              23
  219         120.117    -801.334         119.856    -801.373             219             219
  113         336.135    -329.011         335.955    -329.156             113             113
  186         333.343    1053.671         333.400    1053.605             186             186
   17         343.684    -546.455         343.512    -546.474              17              17
   35         -16.452    -153.441         -16.551    -153.448              35              35
   48        -831.448    -665.904        -831.721    -665.844              48              48
  113        1382.941    1621.311        1383.069    1621.091             113             113
  139        -993.043     -38.937        -993.157     -38.626             139             139
  121         140.798   -1333.820         140.390   -1333.754             121             121
  231        -256.460   -1704.137        -256.932   -1704.173             231             231
   23        -519.697    -317.327        -520.012    -317.422              23              23
  217        -640.906     903.931        -641.134     903.936             217             217
  146        -605.013     101.939        -605.543     102.013             146             146
   80        -194.182     283.112        -194.948     283.133              80              80
  111       -1296.659    -157.012       -1298.404    -156.809             111             111
