SINAL     NFT                         FFT                         NFT INVERSA     FFT INVERSA
-----     -----------------------     -----------------------     -----------     -----------
   53       34711.000       0.000       34711.000       0.000              53              53
   77        -614.757    -136.242        -614.750    -136.242              77              77
  168       -1066.991    1064.599       -1066.983    1064.601             168             168
  151         484.243   -2074.520         484.248   -2074.519             151             151
   71       -1123.344    -625.333       -1123.338    -625.331              71              71
  182        -392.380     -42.764        -392.374     -42.763             182             182
  160         -86.242    -714.680         -86.237    -714.681             160             160
   73         328.932     726.268         328.943     726.265              73              73
  106       -1115.433     825.822       -1115.420     825.829             106             106
   71       -1547.791     -15.466       -1547.787     -15.456              71              71
  221        -278.982    1162.698        -278.973    1162.703             221             221
   35        -229.023    -240.430        -229.022    -240.422              35              35
  244        -153.511   -1013.262        -153.516   -1013.257             244             244
   73         469.730      54.481         469.734      54.480              73              73
  137        -602.424    -466.624        -602.425    -466.614             137             137
  120         811.083    -857.178         811.079    -857.182             120             120
   46         202.189    -680.595         202.188    -680.595              46              46
  223         775.929   -1212.833         775.926   -1212.844             223             223
  232        -844.943    -275.674        -844.934    -275.671             232             232
  211        -665.406      88.556        -665.401      88.560             211             211
  251          -5.997    -129.119          -5.994    -129.120             251             251
  219        -917.939    -551.574        -917.944    -551.567             219             219
  149        -168.652     -67.893        -168.659     -67.897             149             149
  168        1277.319     215.796        1277.324     215.771             168             168
  173        -240.760     855.776        -240.741     855.777             173             173
   30         853.783     786.261         853.800     786.254              30              30
    8         578.442     -72.783         578.455     -72.782               8               8
  176        -414.370    -210.047        -414.359    -210.031             176             176
  154         201.330   -1011.693         201.324   -1011.694             154             154
  217         517.221      82.699         517.247      82.686             217             217
   49       -2265.818       4.006       -2265.800       4.052              49              49
  207       -1061.225    -536.693       -1061.238    -536.670             207             207
   38        -658.908    -133.419        -658.918    -133.400              38              38
  217        -410.763   -1778.881        -410.809   -1778.879             217             217
  103        -355.745     246.588        -355.754     246.580             103             103
  110         878.767      21.771         878.757      21.743             110             110
  144         859.683     -60.512         859.687     -60.539             144             144
    7          48.570    -466.914          48.570    -466.932               7               7
  184        -243.145    1145.644        -243.113    1145.636             184             184
  251          72.856     452.584          72.865     452.580             251             251
   79        1006.903    1115.417        1006.941    1115.402              79              79
  149         199.748    -758.670         199.755    -758.665             149             149
   30       -2094.258    -137.853       -2094.259    -137.803              30              30
   68         859.383     575.051         859.389     575.026              68              68
  223        -656.192     200.778        -656.192     200.803             223             223
  168         715.204     -68.299         715.186     -68.313             168             168
  189        2333.040     350.051        2333.071     349.995             189             189
   13         -45.262    -980.388         -45.239    -980.384              13              13
  136       -2019.240     584.601       -2019.199     584.665             136             136
  166        -372.494    -686.064        -372.514    -686.048             166             166
  225       -1169.791     198.934       -1169.790     198.973             225             225
  131        -703.205    -911.396        -703.266    -911.380             131             131
  129        1908.280     574.717        1908.289     574.643             129             129
  118        -367.950     468.301        -367.925     468.324             118             118
   44         678.994    -888.658         678.970    -888.675              44              44
   47          76.799    -498.119          76.796    -498.140              47              47
  148         -26.590    1214.917         -26.535    1214.913             148             148
   53          75.731     138.320          75.747     138.338              53              53
  224         119.879    -742.651         119.870    -742.641             224             224
   47        -660.874   -1030.331        -660.899   -1030.317              47              47
   14        -247.677      90.887        -247.671      90.877              14              14
   17        -205.163    -272.236        -205.176    -272.250              17              17
  254         604.036     930.928         604.080     930.897             254             254
   53        -189.858    -401.839        -189.854    -401.835              53              53
  235        -235.039     585.999        -235.000     586.000             235             235
  101        -131.670     554.377        -131.629     554.395             101             101
  163        -895.468    -595.982        -895.486    -595.934             163             163
  124        -351.926    -340.316        -351.950    -340.308             124             124
  109         783.809    -530.880         783.798    -530.942             109             109
   92        -577.580    1049.563        -577.500    1049.567              92              92
  119       -1501.571     390.584       -1501.550     390.648             119             119
  188        -186.964     970.658        -186.929     970.676             188             188
  242        -928.465     300.608        -928.457     300.677             242             242
  150       -1416.253     548.167       -1416.266     548.279             150             150
    1        -241.052   -1841.042        -241.211   -1841.002               1               1
  209        2172.661   -1230.166        2172.575   -1230.300             209             209
   62        -197.074     200.279        -197.057     200.250              62              62
  190         524.139     261.177         524.155     261.130             190             190
  222        -927.381     280.814        -927.385     280.851             222             222
  199        1609.442    -172.039        1609.422    -172.130             199             199
  100         -21.969    -530.527         -21.971    -530.564             100             100
  191        -781.672    1474.207        -781.601    1474.222             191             191
   74         447.858    -103.654         447.832    -103.688              74              74
  229         667.951     911.879         668.003     911.825             229             229
   53        -325.485     884.861        -325.436     884.879              53              53
  119         770.040    1050.415         770.101    1050.394             119             119
   21        -517.618     579.365        -517.584     579.439              21              21
  202         456.334    -534.766         456.287    -534.756             202             202
  172        1092.952    -399.020        1092.941    -399.074             172             172
  245         501.217    -725.927         501.219    -725.983             245             245
  249        -290.255    1184.597        -290.140    1184.587             249             249
  186        -991.228    1325.863        -991.136    1325.948             186             186
    7         -55.089     175.107         -55.083     175.169               7               7
  248         111.952   -1502.456         111.871   -1502.451             248             248
  239        -289.592     571.605        -289.544     571.612             239             239
  243        -604.779    -636.180        -604.826    -636.156             243             243
   94         876.862     690.680         876.918     690.601              94              94
  147       -1170.798     720.931       -1170.729     721.003             147             147
  111       -1499.970    1021.589       -1499.958    1021.714             111             111
  203        1183.346    -216.335        1183.272    -216.377             203             203
  240        1044.368     254.009        1044.386     253.958             240             240
  230         266.266     231.091         266.305     231.097             230             230
  136         -85.495     169.088         -85.463     169.120             136             136
  226        -180.787    -269.734        -180.793    -269.715             226             226
  124        -668.174    1367.176        -668.097    1367.250             124             124
  137         270.086     308.348         270.077     308.411             137             137
  179          53.177    -440.773          53.113    -440.687             179             179
  187        1442.756   -1939.879        1442.611   -1939.940             187             187
   72        1141.214    -426.297        1141.236    -426.372              72              72
  145        -663.775   -1570.748        -663.845   -1570.718             145             145
  130         529.438    -734.335         529.400    -734.440             130             130
  172         701.141     499.732         701.223     499.622             172             172
   81          58.874     508.209          58.982     508.174              81              81
  205        -444.697     367.496        -444.603     367.506             205             205
  146        -842.438     993.825        -842.319     993.885             146             146
  135        -763.463     608.049        -763.400     608.134             135             135
   68          -2.657     618.170          -2.575     618.228              68              68
  167       -1815.573   -1085.227       -1815.645   -1085.053             167             167
   82         191.461    -588.727         191.412    -588.772              82              82
  240       -1507.441    1388.625       -1507.337    1388.739             240             240
  157        -528.596    -134.542        -528.636    -134.458             157             157
   76       -1682.481    -422.676       -1682.581    -422.532              76              76
  171        -410.328    -157.963        -410.474    -157.951             171             171
  165        1834.328    1823.395        1834.389    1823.295             165             165
   68         732.248   -1134.026         732.147   -1134.002              68              68
  154         821.615   -1969.335         821.473   -1969.448             154             154
  152        -346.363    2367.710        -346.167    2367.721             152             152
  163         739.059    -929.647         738.986    -929.661             163             163
   46        -461.000      -0.031        -461.000       0.000              46              46
    7         738.910     929.679         738.985     929.663               7               7
  111        -345.956   -2367.731        -346.162   -2367.721             111             111
   30         821.316    1969.569         821.467    1969.450              30              30
  238         732.035    1133.978         732.145    1134.003             238             238
  247        1834.462   -1823.181        1834.393   -1823.291             247             247
    1        -410.634     157.938        -410.474     157.951               1               1
  107       -1682.693     422.366       -1682.583     422.528             107             107
  129        -528.680     134.360        -528.636     134.457             129             129
  180       -1507.211   -1388.875       -1507.333   -1388.742             180             180
   39         191.354     588.827         191.411     588.773              39              39
  201       -1815.735    1084.842       -1815.648    1085.049             201             201
   70          -2.475    -618.298          -2.574    -618.229              70              70
  170        -763.320    -608.239        -763.398    -608.134             170             170
  118        -842.170    -993.961        -842.318    -993.886             118             118
  151        -444.484    -367.519        -444.602    -367.507             151             151
  119          59.120    -508.130          58.982    -508.174             119             119
    8         701.335    -499.474         701.226    -499.619               8               8
   31         529.347     734.581         529.399     734.441              31              31
  188        -663.944    1570.675        -663.848    1570.716             188             188
  176        1141.264     426.478        1141.235     426.374             176             176
  113        1442.402    1940.029        1442.607    1939.943             113             113
  172          53.022     440.566          53.112     440.687             172             172
   78         270.067    -308.502         270.078    -308.412              78              78
  189        -667.980   -1367.361        -668.095   -1367.252             189             189
   87        -180.802     269.685        -180.793     269.715              87              87
  243         -85.416    -169.169         -85.464    -169.121             243             243
    2         266.367    -231.105         266.306    -231.097               2               2
  242        1044.414    -253.879        1044.386    -253.957             242             242
  139        1183.152     216.446        1183.270     216.380             139             139
  165       -1499.937   -1021.917       -1499.956   -1021.716             165             165
   33       -1170.615    -721.123       -1170.728    -721.005              33              33
  147         877.012    -690.467         876.918    -690.600             147             147
   20        -604.909     636.112        -604.827     636.155              20              20
   64        -289.460    -571.623        -289.543    -571.611              64              64
  129         111.724    1502.439         111.868    1502.450             129             129
   12         -55.074    -175.282         -55.083    -175.170              12              12
   65        -990.963   -1326.108        -991.132   -1325.951              65              65
  236        -289.924   -1184.567        -290.137   -1184.586             236             236
  141         501.223     726.088         501.219     725.983             141             141
  246        1092.921     399.178        1092.941     399.075             246             246
   19         456.197     534.739         456.287     534.757              19              19
   87        -517.514    -579.584        -517.583    -579.438              87              87
   60         770.228   -1050.351         770.103   -1050.394              60              60
  189        -325.334    -884.915        -325.435    -884.879             189             189
  206         668.116    -911.710         668.005    -911.823             206             206
  212         447.776     103.761         447.831     103.690             212             212
   53        -781.443   -1474.255        -781.598   -1474.223              53              53
  215         -21.977     530.647         -21.972     530.565             215             215
  243        1609.377     172.341        1609.422     172.134             243             243
  241        -927.394    -280.936        -927.384    -280.852             241             241
  135         524.192    -261.019         524.156    -261.129             135             135
  101        -197.015    -200.183        -197.056    -200.251             101             101
  158        2172.361    1230.630        2172.571    1230.305             158             158
  213        -241.609    1840.904        -241.216    1841.002             213             213
   34       -1416.298    -548.563       -1416.266    -548.282              34              34
  246        -928.434    -300.853        -928.456    -300.678             246             246
  201        -186.835    -970.723        -186.927    -970.676             201             201
   37       -1501.493    -390.822       -1501.549    -390.651              37              37
  233        -577.284   -1049.578        -577.499   -1049.568             233             233
   84         783.765     531.114         783.797     530.943              84              84
  202        -352.020     340.287        -351.952     340.309             202             202
   10        -895.537     595.794        -895.486     595.933              10              10
  231        -131.508    -554.447        -131.628    -554.393             231             231
  223        -234.883    -586.003        -235.000    -586.000             223             223
   75        -189.847     401.824        -189.855     401.835              75              75
  105         604.225    -930.788         604.082    -930.894             105             105
  235        -205.219     272.288        -205.176     272.249             235             235
  140        -247.654     -90.845        -247.671     -90.878             140             140
   85        -660.989    1030.268        -660.902    1030.316              85              85
  121         119.836     742.610         119.868     742.642             121             121
  131          75.808    -138.401          75.749    -138.337             131             131
  105         -26.333   -1214.897         -26.533   -1214.913             105             105
  208          76.784     498.221          76.795     498.142             208             208
  192         678.871     888.744         678.968     888.677             192             192
   39        -367.825    -468.414        -367.924    -468.325              39              39
  158        1908.325    -574.344        1908.289    -574.640             158             158
  148        -703.516     911.310        -703.268     911.378             148             148
   92       -1169.787    -199.136       -1169.790    -198.975              92              92
  118        -372.602     685.979        -372.515     686.048             118             118
  136       -2019.016    -584.945       -2019.198    -584.667             136             136
   78         -45.143     980.361         -45.241     980.383              78              78
  253        2333.212    -349.724        2333.071    -349.990             253             253
  238         715.104      68.384         715.187      68.314             238             238
  237        -656.191    -200.930        -656.192    -200.804             237             237
  211         859.420    -574.901         859.390    -575.025             211             211
   16       -2094.266     137.535       -2094.260     137.798              16              16
  227         199.788     758.637         199.753     758.665             227             227
  156        1007.147   -1115.315        1006.942   -1115.400             156             156
   54          72.919    -452.560          72.866    -452.580              54              54
  204        -242.925   -1145.595        -243.111   -1145.636             204             204
  241          48.563     467.036          48.569     466.932             241             241
    0         859.706      60.710         859.685      60.541               0              -0
  215         878.691     -21.561         878.756     -21.741             215             215
  217        -355.813    -246.520        -355.753    -246.579             217             217
  223        -411.131    1778.866        -410.814    1778.879             223             223
   34        -658.986     133.268        -658.918     133.399              34              34
   66       -1061.339     536.486       -1061.239     536.667              66              66
  202       -2265.666      -4.419       -2265.800      -4.055             202             202
  175         517.454     -82.593         517.248     -82.687             175             175
  152         201.268    1011.707         201.322    1011.694             152             152
   67        -414.273     209.888        -414.360     210.029              67              67
   51         578.574      72.778         578.455      72.784              51              51
    1         853.970    -786.186         853.803    -786.252               1               1
   20        -240.557    -855.787        -240.740    -855.777              20              20
  243        1277.371    -215.501        1277.324    -215.768             243             243
   41        -168.733      67.948        -168.660      67.898              41              41
  179        -918.012     551.466        -917.947     551.564             179             179
  135          -5.961     129.133          -5.995     129.120             135             135
  134        -665.329     -88.618        -665.401     -88.561             134             134
   41        -844.824     275.623        -844.935     275.669              41              41
   16         775.887    1213.002         775.924    1212.846              16              16
  213         202.175     680.602         202.188     680.596             213             213
   39         810.984     857.255         811.076     857.183              39              39
  254        -602.450     466.430        -602.426     466.614             254             254
  194         469.816     -54.460         469.733     -54.479             194             194
  251        -153.638    1013.149        -153.517    1013.256             251             251
   15        -229.004     240.215        -229.023     240.421              15              15
  165        -278.739   -1162.845        -278.971   -1162.704             165             165
  152       -1547.666      15.164       -1547.787      15.452             152             152
   69       -1115.009    -826.038       -1115.419    -825.829              69              69
  114         329.356    -726.138         328.944    -726.263             114             114
  137         -86.097     714.731         -86.239     714.682             137             137
   70        -392.080      42.726        -392.374      42.762              70              70
   74       -1122.981     625.192       -1123.340     625.328              74              74
   99         484.497    2074.478         484.242    2074.520              99              99
   37       -1065.934   -1064.935       -1066.980   -1064.602              37              37
  109        -612.902     136.089        -614.750     136.239             109             109
