SINAL     NFT                         FFT                         NFT INVERSA     FFT INVERSA
-----     -----------------------     -----------------------     -----------     -----------
  228       31679.000       0.000       31679.000       0.000             228             228
   98        -622.494     426.945        -622.487     426.945              98              98
  246         830.794    1349.994         830.801    1349.995             246             246
  193        -527.864   -1289.047        -527.860   -1289.044             193             193
  231         967.302    -856.015         967.305    -856.016             231             231
  232        1071.445    -707.448        1071.450    -707.451             232             232
   45         837.244    -789.633         837.250    -789.636              45              45
  228         490.929     521.295         490.941     521.292             228             228
   92        -154.864     787.818        -154.851     787.821              92              92
   15        -176.122     727.670        -176.110     727.676              15              15
   61        -516.106    -421.731        -516.102    -421.720              61              61
  130        -704.596    -470.955        -704.598    -470.944             130             130
  165         937.755    -773.246         937.749    -773.244             165             165
   17         920.093   -1804.872         920.082   -1804.876              17              17
  242        1182.364    -751.274        1182.361    -751.284             242             242
  119        2265.740    -691.401        2265.746    -691.420             119             119
   54         -49.496   -1164.149         -49.492   -1164.150              54              54
   60         377.567    -739.014         377.570    -739.024              60              60
  249         302.184     398.479         302.199     398.474             249             249
  148         946.586   -1602.332         946.581   -1602.348             148             148
  162          88.907     589.795          88.931     589.784             162             162
  112        -430.844     396.550        -430.826     396.551             112             112
  200        -246.474     978.506        -246.456     978.515             200             200
  207        1012.705    -704.200        1012.702    -704.206             207             207
   13         776.842    -586.558         776.849    -586.569              13              13
  186        1025.283   -1224.989        1025.291   -1225.015             186             186
   12       -1490.171    1165.575       -1490.129    1165.590              12              12
  103        -253.509     121.244        -253.496     121.252             103             103
   54        -393.309    -332.781        -393.304    -332.776              54              54
   37         337.072     485.702         337.096     485.696              37              37
  112       -1274.753   -1045.170       -1274.762   -1045.153             112             112
   26        -207.012    1117.857        -206.993    1117.850              26              26
  136         956.362     862.653         956.389     862.640             136             136
  102         163.970    -819.489         163.977    -819.490             102             102
  220       -1573.835     388.088       -1573.813     388.111             220             220
  111          49.119    1177.501          49.149    1177.497             111             111
   79        -757.150    1590.901        -757.110    1590.938              79              79
   10         201.217    -685.680         201.203    -685.663              10              10
   84        -299.865     343.119        -299.850     343.143              84              84
  171        -641.702    -629.170        -641.720    -629.139             171             171
   26         102.228    -735.200         102.199    -735.198              26              26
  145        1077.949    -449.444        1077.939    -449.478             145             145
   46         221.728     647.989         221.761     647.983              46              46
  192        -379.064    -303.396        -379.066    -303.381             192             192
  162         582.002     166.846         582.013     166.831             162             162
   32         322.691     233.152         322.716     233.147              32              32
   56        -610.735     294.894        -610.713     294.924              56              56
  217          78.377    -268.567          78.376    -268.553             217             217
   93        -279.262   -1479.743        -279.299   -1479.740              93              93
   49         -86.850     310.277         -86.836     310.257              49              49
  109         203.162     757.819         203.197     757.804             109             109
    0        -202.737     520.463        -202.703     520.469              -0               0
  161       -1121.504    1561.310       -1121.448    1561.374             161             161
   54       -1151.360   -1285.689       -1151.433   -1285.623              54              54
  207        1683.452     152.397        1683.435     152.350             207             207
  175         643.499   -1342.378         643.466   -1342.402             175             175
  240         157.788     298.925         157.819     298.899             240             240
  219       -1349.754    1098.402       -1349.722    1098.457             219             219
   22        1036.633    -887.743        1036.580    -887.777              22              22
   38        1396.188     682.690        1396.234     682.630              38              38
    1        -395.768    1105.714        -395.690    1105.755               1               1
  135       -1045.395   -1638.969       -1045.449   -1638.912             135             135
   65        -612.615    -370.331        -612.647    -370.328              65              65
  137         333.661     -40.073         333.638     -40.115             137             137
  238         462.961    1150.041         463.000    1150.000             238             238
   30         -18.786    1268.979         -18.747    1268.990              30              30
  249        1232.564    -406.567        1232.539    -406.617             249             249
   61         597.769    1668.316         597.851    1668.292              61              61
   40         947.144     840.348         947.205     840.335              40              40
   77        -675.584    1208.296        -675.517    1208.378              77              77
  232         735.517    -930.067         735.473    -930.056             232             232
   67         963.630     725.361         963.686     725.355              67              67
  223        -283.825    -868.636        -283.845    -868.580             223             223
   22        1266.390   -1056.806        1266.368   -1056.860              22              22
    3         280.218     282.441         280.291     282.421               3               3
  130       -1123.811     919.909       -1123.726     919.994             130             130
   55        -543.445   -1327.139        -543.501   -1327.087              55              55
   59         375.873     145.163         375.902     145.149              59              59
   91        -615.274    -743.699        -615.279    -743.669              91              91
  149        -950.329     569.359        -950.286     569.404             149             149
  108       -1361.267    -175.137       -1361.302    -175.054             108             108
  200        1035.749    -213.175        1035.717    -213.231             200             200
  149          54.974     810.030          55.040     810.047             149             149
   14       -1250.540   -1603.774       -1250.629   -1603.709              14              14
  254         101.956     955.629         101.981     955.603             254             254
  100         190.662     -16.814         190.648     -16.818             100             100
  190         189.724    -356.516         189.698    -356.544             190             190
  239          11.299     687.861          11.327     687.832             239             239
   64        1150.853    1720.969        1150.966    1720.919              64              64
  213        -109.204      88.103        -109.152      88.151             213             213
   22       -1412.898    -281.879       -1412.905    -281.790              22              22
   65        -222.844    1284.060        -222.796    1284.089              65              65
   92         155.759     617.697         155.776     617.749              92              92
   87         467.718   -1058.619         467.657   -1058.610              87              87
  203        -168.808     193.120        -168.784     193.141             203             203
   74        -336.432    -193.884        -336.441    -193.848              74              74
  118         -36.346    -735.338         -36.389    -735.361             118             118
  196        -763.469    1935.256        -763.353    1935.302             196             196
  135        -525.614    -162.037        -525.656    -161.973             135             135
  158         -82.840     674.792         -82.841     674.810             158             158
   18         674.964     848.003         674.991     847.995              18              18
  112         708.521     373.250         708.566     373.249             112             112
  226       -2023.057     620.864       -2023.041     621.046             226             226
  241         658.749    1080.674         658.745    1080.726             241             241
  135         828.840   -1776.323         828.686   -1776.307             135             135
  229         782.038      -0.365         782.036      -0.399             229             229
  116         -89.413      83.870         -89.404      83.919             116             116
  191        -121.308    -789.797        -121.381    -789.761             191             191
   32        -150.976     189.159        -151.006     189.182              32              32
  207         802.416     274.354         802.394     274.336             207             207
   84         592.432    -675.855         592.366    -675.871              84              84
  141        -160.058     330.681        -160.084     330.697             141             141
  152        2230.021    1448.630        2230.094    1448.538             152             152
  233        1509.423    -455.585        1509.437    -455.577             233             233
  156         697.149   -2098.761         697.073   -2098.760             156             156
  151        -362.176    -744.458        -362.168    -744.441             151             151
   78        -458.407    -547.645        -458.425    -547.633              78              78
   90         291.421     518.307         291.478     518.282              90              90
  135        -144.473    -299.962        -144.458    -299.937             135             135
  143       -1345.505     666.278       -1345.463     666.418             143             143
   47         294.321   -1321.515         294.179   -1321.511              47              47
  157         128.456      44.630         128.443      44.609             157             157
  209          25.103    -208.645          25.073    -208.649             209             209
  140        -456.449     241.386        -456.472     241.423             140             140
  245         884.537     440.003         884.527     439.970             245             245
  156         802.542   -1307.313         802.436   -1307.370             156             156
  214        -293.175     668.411        -293.137     668.422             214             214
  107         899.546    -101.887         899.510    -101.945             107             107
   96         747.000       0.053         747.000       0.000              96              96
   94         899.471     102.005         899.509     101.946              94              94
   10        -293.095    -668.432        -293.135    -668.422              10              10
  114         802.321    1307.432         802.433    1307.372             114             114
  207         884.515    -439.935         884.527    -439.969             207             207
  236        -456.498    -241.467        -456.472    -241.425             236             236
  100          25.039     208.653          25.072     208.650             100             100
   86         128.428     -44.588         128.443     -44.610              86              86
  209         294.015    1321.508         294.177    1321.512             209             209
  216       -1345.413    -666.585       -1345.462    -666.422             216             216
   22        -144.441     299.909        -144.459     299.938              22              22
  242         291.549    -518.252         291.481    -518.281             242             242
  168        -458.449     547.617        -458.427     547.631             168             168
  106        -362.160     744.420        -362.170     744.440             106             106
  128         696.972    2098.760         697.068    2098.761             128             128
   65        1509.453     455.568        1509.436     455.579              65              65
   84        2230.190   -1448.414        2230.095   -1448.535              84              84
   29        -160.119    -330.719        -160.084    -330.698              29              29
  217         592.276     675.896         592.364     675.872             217             217
  163         802.365    -274.310         802.394    -274.335             163             163
  119        -151.046    -189.215        -151.005    -189.183             119             119
   96        -121.485     789.711        -121.383     789.760              96              96
   51         -89.393     -83.988         -89.405     -83.919              51              51
  167         782.032       0.448         782.036       0.399             167             167
  253         828.458    1776.284         828.684    1776.307             253             253
    4         658.742   -1080.803         658.747   -1080.726               4               4
   51       -2023.015    -621.325       -2023.040    -621.050              51              51
  243         708.636    -373.245         708.566    -373.248             243             243
  160         675.033    -847.980         674.992    -847.995             160             160
   10         -82.843    -674.840         -82.841    -674.811              10              10
   94        -525.726     161.870        -525.657     161.972              94              94
    1        -763.159   -1935.377        -763.349   -1935.304               1               1
  104         -36.460     735.398         -36.389     735.360             104             104
  105        -336.459     193.785        -336.442     193.847             105             105
  116        -168.740    -193.176        -168.783    -193.140             116             116
   56         467.546    1058.594         467.655    1058.610              56              56
   85         155.809    -617.842         155.777    -617.749              85              85
  217        -222.703   -1284.145        -222.793   -1284.091             217             217
  143       -1412.918     281.620       -1412.905     281.787             143             143
   39        -109.054     -88.242        -109.152     -88.152              39              39
  178        1151.183   -1720.821        1150.967   -1720.918             178             178
  165          11.383    -687.774          11.329    -687.831             165             165
   26         189.646     356.600         189.698     356.545              26              26
   90         190.619      16.828         190.648      16.819              90              90
   15         102.035    -955.550         101.983    -955.603              15              15
  155       -1250.818    1603.568       -1250.632    1603.705             155             155
  156          55.181    -810.083          55.042    -810.047             156             156
  100        1035.649     213.353        1035.717     213.233             100             100
  184       -1361.380     174.871       -1361.303     175.053             184             184
  117        -950.185    -569.511        -950.284    -569.407             117             117
    8        -615.290     743.601        -615.279     743.669               8               8
   48         375.968    -145.114         375.902    -145.148              48              48
  213        -543.635    1326.962        -543.502    1327.086             213             213
   59       -1123.515    -920.203       -1123.723    -919.997              59              59
  215         280.474    -282.372         280.293    -282.421             215             215
  211        1266.310    1056.999        1266.366    1056.862             211             211
   63        -283.898     868.435        -283.847     868.579              63              63
   11         963.837    -725.333         963.688    -725.352              11              11
  198         735.354     930.028         735.472     930.057             198             198
  224        -675.330   -1208.604        -675.514   -1208.380             224             224
   21         947.378    -840.299         947.207    -840.335              21              21
   37         598.087   -1668.220         597.854   -1668.290              37              37
  226        1232.466     406.766        1232.538     406.620             226             226
  126         -18.632   -1269.024         -18.745   -1268.990             126             126
  142         463.116   -1149.877         463.000   -1150.000             142             142
   86         333.568      40.251         333.639      40.117              86              86
  182        -612.750     370.315        -612.648     370.327             182             182
  228       -1045.632    1638.722       -1045.453    1638.909             228             228
   48        -395.432   -1105.895        -395.688   -1105.757              48              48
   69        1396.391    -682.421        1396.236    -682.627              69              69
   12        1036.395     887.896        1036.578     887.778              12              12
  226       -1349.600   -1098.657       -1349.719   -1098.460             226             226
  234         157.933    -298.804         157.820    -298.898             234             234
   38         643.334    1342.497         643.462    1342.404              38              38
   60        1683.373    -152.167        1683.435    -152.348              60              60
  250       -1151.721    1285.365       -1151.436    1285.621             250             250
  194       -1121.221   -1561.630       -1121.446   -1561.376             194             194
  217        -202.565    -520.498        -202.702    -520.470             217             217
   95         203.340    -757.744         203.197    -757.805              95              95
  123         -86.775    -310.176         -86.834    -310.258             123             123
   78        -279.466    1479.725        -279.301    1479.740              78              78
  103          78.372     268.487          78.376     268.552             103             103
  171        -610.611    -295.064        -610.712    -294.925             171             171
   36         322.835    -233.126         322.717    -233.146              36              36
  162         582.065    -166.752         582.014    -166.829             162             162
  131        -379.074     303.305        -379.066     303.381             131             131
  247         221.927    -647.949         221.761    -647.982             247             247
  225        1077.885     449.664        1077.938     449.481             225             225
  142         102.038     735.188         102.198     735.197             142             142
  190        -641.825     628.955        -641.721     629.137             190             190
  194        -299.765    -343.274        -299.850    -343.142             194             194
  163         201.116     685.561         201.202     685.663             163             163
  227        -756.860   -1591.167        -757.107   -1590.939             227             227
  164          49.343   -1177.472          49.151   -1177.496             164             164
   34       -1573.670    -388.270       -1573.813    -388.114              34              34
  114         164.024     819.505         163.976     819.491             114             114
  251         956.580    -862.548         956.389    -862.639             251             251
  216        -206.833   -1117.805        -206.989   -1117.850             216             216
   87       -1274.830    1045.015       -1274.763    1045.151              87              87
   43         337.290    -485.647         337.098    -485.695              43              43
   30        -393.266     332.731        -393.304     332.776              30              30
   99        -253.380    -121.310        -253.495    -121.251              99              99
   13       -1489.743   -1165.736       -1490.126   -1165.593              13              13
    8        1025.357    1225.263        1025.289    1225.017               8               8
  138         776.913     586.674         776.848     586.569             138             138
   74        1012.672     704.282        1012.701     704.208              74              74
    3        -246.242    -978.604        -246.453    -978.515               3               3
   76        -430.619    -396.575        -430.825    -396.552              76              76
   35          89.229    -589.648          88.933    -589.783              35              35
   98         946.504    1602.561         946.578    1602.350              98              98
  199         302.402    -398.404         302.200    -398.473             199             199
  113         377.617     739.166         377.569     739.024             113             113
  201         -49.435    1164.163         -49.493    1164.149             201             201
  114        2265.830     691.764        2265.744     691.424             114             114
  149        1182.305     751.474        1182.360     751.287             149             149
  108         919.839    1804.948         920.077    1804.877             108             108
  246         937.619     773.232         937.748     773.247             246             246
  141        -704.645     470.665        -704.600     470.941             141             141
   77        -516.017     421.446        -516.102     421.719              77              77
  132        -175.774    -727.868        -176.108    -727.678             132             132
   75        -154.444    -787.907        -154.850    -787.822              75              75
   16         491.350    -521.181         490.941    -521.292              16              16
   40         837.449     789.800         837.248     789.638              40              40
   47        1071.656     707.584        1071.448     707.453              47              47
  180         967.484     856.086         967.304     856.018             180             180
   74        -527.579    1288.737        -527.864    1289.042              74              74
  161         831.813   -1350.053         830.804   -1349.993             161             161
  175        -620.791    -427.102        -622.486    -426.948             175             175
