SINAL     NFT                         FFT                         NFT INVERSA     FFT INVERSA
-----     -----------------------     -----------------------     -----------     -----------
  242       32207.000       0.000       32207.000       0.000             242             242
  248         912.639    -467.176         912.646    -467.177             248             248
  171         292.935     889.254         292.944     889.254             171             171
   45        -813.558     430.554        -813.551     430.556              45              45
  175        -514.240     417.672        -514.234     417.675             175             175
  207        1290.512     363.349        1290.520     363.348             207             207
   33        -188.659   -1132.914        -188.656   -1132.913              33              33
  237         365.109    1251.370         365.120    1251.370             237             237
   25           9.383    -642.775           9.386    -642.772              25              25
   24          64.715     104.167          64.722     104.168              24              24
  112        -641.344    -456.845        -641.343    -456.841             112             112
  168         668.061    1199.327         668.068    1199.324             168             168
   82        2124.867     408.112        2124.875     408.104              82              82
   17        1151.414    -149.881        1151.426    -149.882              17              17
   58        -235.097     508.445        -235.079     508.456              58              58
  172         153.176    -775.066         153.180    -775.057             172             172
   66        -314.926    -950.801        -314.927    -950.791              66              66
  244         629.560    -404.553         629.563    -404.554             244             244
  194         446.416   -1297.556         446.416   -1297.558             194             194
  123       -1124.662    -526.903       -1124.659    -526.895             123             123
   59         539.919     722.907         539.936     722.900              59              59
  255       -1273.332     371.692       -1273.322     371.718             255             255
  238         430.418   -1468.211         430.402   -1468.214             238             238
   96       -1335.645    1222.586       -1335.631    1222.608              96              96
   72         962.851    -833.419         962.828    -833.420              72              72
    0        1494.436   -1435.623        1494.417   -1435.646               0              -0
  205         988.951    -251.444         988.960    -251.468             205             205
   17         490.885    -209.452         490.899    -209.471              17              17
   27        -457.229    1839.635        -457.185    1839.645              27              27
  200         235.641      50.406         235.650      50.421             200             200
   63        -237.351   -1127.375        -237.367   -1127.362              63              63
   13         864.326     203.673         864.337     203.657              13              13
  193          58.688     -96.515          58.699     -96.511             193             193
  234        -188.546    -345.663        -188.547    -345.657             234             234
   59         387.043     562.955         387.061     562.951              59              59
  113        -102.733    -120.483        -102.731    -120.469             113             113
  185        1089.956    -620.367        1089.952    -620.388             185             185
   93        -573.682      96.815        -573.668      96.828              93              93
   95         112.142     -58.911         112.139     -58.912              95              95
  210        1288.132     -83.798        1288.142     -83.832             210             210
  118        -691.405     540.827        -691.380     540.842             118             118
  207        1211.799     856.992        1211.836     856.971             207             207
  123       -1367.310    -200.544       -1367.306    -200.495             123             123
  201         662.347      46.079         662.341      46.062             201             201
  225         519.290    1209.678         519.328    1209.672             225             225
  182         242.072     803.904         242.098     803.926             182             182
  117         910.799    -102.452         910.801    -102.447             117             117
   36        1270.168     529.066        1270.207     529.064              36              36
  171         284.252    -501.398         284.277    -501.361             171             171
   55       -1779.417   -1660.245       -1779.461   -1660.163              55              55
  159        1638.733    -971.221        1638.702    -971.270             159             159
  230         340.726    -161.551         340.749    -161.561             230             230
   54         150.676    -281.728         150.697    -281.725              54              54
  141        -316.369    -457.060        -316.351    -457.045             141             141
   71       -1537.938     448.587       -1537.913     448.655              71              71
  126        -242.233   -1069.219        -242.286   -1069.197             126             126
  141         484.330    -265.605         484.309    -265.618             141             141
   21         739.809   -1225.687         739.763   -1225.725              21              21
  143        1375.896     670.426        1375.947     670.356             143             143
  168       -1046.893    1024.057       -1046.838    1024.110             168             168
  221        1519.082    -773.356        1519.068    -773.399             221             221
  207         -97.250      53.560         -97.208      53.561             207             207
  182        -134.626     580.685        -134.576     580.698             182             182
  159         246.940     210.425         246.982     210.430             159             159
  185        -481.070     631.952        -481.000     632.000             185             185
  242       -1691.721    -376.947       -1691.719    -376.842             242             242
   16        -726.843    -620.611        -726.881    -620.564              16              16
  115        -778.664    -387.052        -778.707    -387.025             115             115
   79         672.828    1146.932         672.851    1146.907              79              79
  111         940.876    1042.814         940.924    1042.815             111             111
   70        -160.756     388.255        -160.737     388.329              70              70
  198        1632.905    -237.021        1632.915    -237.013             198             198
   63        -388.282   -2599.655        -388.366   -2599.598              63              63
  193         942.251     265.060         942.309     265.032             193             193
  143       -1066.075   -1151.359       -1066.074   -1151.277             143             143
   32       -1405.461    -531.852       -1405.470    -531.764              32              32
  120        -626.664    -885.687        -626.716    -885.635             120             120
    4         -48.365    -789.833         -48.402    -789.816               4               4
   69       -1372.621    -804.724       -1372.682    -804.647              69              69
   35        1317.727      57.900        1317.721      57.863              35              35
   60        -802.999   -1711.079        -803.070   -1711.003              60              60
  228        -493.765   -1921.549        -493.869   -1921.531             228             228
   10       -1193.633   -1249.515       -1193.737   -1249.486              10              10
  114        1147.590   -1467.845        1147.480   -1467.969             114             114
  113        -625.381     512.592        -625.373     512.564             113             113
   81         551.233      98.478         551.198      98.417              81              81
  241        1215.906     144.383        1215.897     144.293             241             241
  255        1416.466     241.435        1416.505     241.344             255             255
  102         650.828    -312.855         650.875    -312.907             102             102
  129        -803.118     458.664        -803.034     458.695             129             129
  168       -1270.875     103.331       -1270.857     103.407             168             168
   68        -267.665    -203.170        -267.688    -203.152              68              68
   80        -118.790    -579.181        -118.826    -579.191              80              80
   95        -531.875    -169.887        -531.884    -169.899              95              95
  227        -979.511    1566.244        -979.444    1566.298             227             227
   10        -291.315    -168.727        -291.378    -168.672              10              10
   81          -0.525   -1716.484          -0.698   -1716.511              81              81
  244        1660.497    1133.544        1660.537    1133.393             244             244
  125         394.444     258.311         394.468     258.277             125             125
  161         440.327      -1.368         440.336      -1.424             161             161
   99        -355.553    1389.688        -355.477    1389.698              99              99
  195        1951.674     879.308        1951.762     879.213             195             195
  103       -1865.308     116.700       -1865.268     116.863             103             103
  163        -389.817    -602.614        -389.903    -602.584             163             163
  133          74.937     718.411          74.926     718.398             133             133
  247         957.168     599.720         957.153     599.675             247             247
  196        1701.875      68.708        1701.868      68.608             196             196
  254        1615.315    1259.259        1615.453    1259.189             254             254
  251          65.807    -690.744          65.830    -690.706             251             251
    9         -54.582     541.333         -54.490     541.355               9               9
   33        -517.890     555.930        -517.817     556.011              33              33
   55         -55.980     721.528         -55.908     721.618              55              55
  237          33.785   -1500.493          33.723   -1500.431             237             237
   43       -2198.338     186.791       -2198.330     186.984              43              43
  170        -294.375    -625.009        -294.500    -624.935             170             170
   95         863.285   -1587.258         863.121   -1587.334              95              95
  125         323.917    1454.511         324.016    1454.490             125             125
  156        -280.896    -386.221        -280.952    -386.130             156             156
   95         295.815   -1061.143         295.677   -1061.130              95              95
  227        2179.411    -394.920        2179.390    -395.071             227             227
   30        -550.550    -851.232        -550.575    -851.181              30              30
    7         222.619    -376.992         222.589    -377.010               7               7
   40         113.916    -881.867         113.840    -881.890              40              40
  110        1129.645    -183.751        1129.656    -183.867             110             110
  102        -596.759    -282.401        -596.749    -282.373             102             102
   12         113.460     -44.069         113.462     -44.089              12              12
  120        -354.852    -250.946        -354.877    -250.913             120             120
  184         268.952   -1477.419         268.815   -1477.486             184             184
    0         367.000       0.132         367.000       0.000              -0               0
  246         268.671    1477.555         268.812    1477.487             246             246
   89        -354.904     250.879        -354.878     250.913              89              89
   99         113.464      44.111         113.462      44.090              99              99
  186        -596.738     282.340        -596.749     282.371             186             186
  193        1129.667     183.993        1129.656     183.868             193             193
    7         113.753     881.915         113.838     881.890               7               7
   64         222.555     377.030         222.588     377.010              64              64
  184        -550.604     851.123        -550.576     851.181             184             184
  203        2179.365     395.251        2179.389     395.075             203             203
   62         295.512    1061.117         295.674    1061.131              62              62
  180        -281.020     386.022        -280.953     386.129             180             180
  212         324.139   -1454.465         324.019   -1454.490             212             212
   95         862.914    1587.429         863.117    1587.335              95              95
  236        -294.657     624.843        -294.501     624.934             236             236
  194       -2198.319    -187.234       -2198.329    -186.990             194             194
  139          33.640    1500.354          33.721    1500.433             139             139
  150         -55.811    -721.737         -55.906    -721.619             150             150
   33        -517.720    -556.120        -517.817    -556.012              33              33
    8         -54.366    -541.385         -54.489    -541.356               8               8
   51          65.861     690.653          65.829     690.705              51              51
  128        1615.650   -1259.087        1615.456   -1259.186             128             128
  236        1701.856     -68.461        1701.867     -68.604             236             236
   81         957.134    -599.609         957.155    -599.673              81              81
  136          74.909    -718.380          74.926    -718.398             136             136
   20        -390.033     602.535        -389.904     602.582              20              20
  191       -1865.209    -117.115       -1865.269    -116.867             191             191
  239        1951.898    -879.063        1951.764    -879.209             239             239
   32        -355.355   -1389.714        -355.474   -1389.698              32              32
   56         440.349       1.514         440.335       1.425              56              56
  167         394.507    -258.221         394.469    -258.276             167             167
   33        1660.603   -1133.142        1660.538   -1133.388              33              33
   47          -0.988    1716.556          -0.699    1716.511              47              47
    1        -291.485     168.576        -291.379     168.671               1               1
  133        -979.322   -1566.393        -979.441   -1566.299             133             133
  233        -531.902     169.917        -531.885     169.898             233             233
  194        -118.889     579.207        -118.826     579.190             194             194
  140        -267.732     203.119        -267.689     203.151             140             140
   41       -1270.824    -103.551       -1270.857    -103.409              41              41
  123        -802.872    -458.757        -803.032    -458.697             123             123
   87         650.964     313.011         650.875     312.909              87              87
  104        1416.583    -241.162        1416.506    -241.341             104             104
   47        1215.880    -144.108        1215.897    -144.289              47              47
   43         551.127     -98.291         551.197     -98.415              43              43
  199        -625.355    -512.509        -625.372    -512.565             199             199
   27        1147.247    1468.231        1147.476    1467.972              27              27
  238       -1193.959    1249.421       -1193.739    1249.484             238             238
   82        -494.099    1921.491        -493.874    1921.530              82              82
  177        -803.229    1710.834        -803.072    1711.002             177             177
   15        1317.706     -57.775        1317.721     -57.860              15              15
   91       -1372.823     804.466       -1372.684     804.644              91              91
  229         -48.492     789.775         -48.404     789.815             229             229
  144        -626.841     885.508        -626.717     885.633             144             144
   71       -1405.497     531.543       -1405.472     531.759              71              71
   54       -1066.074    1151.072       -1066.076    1151.275              54              54
   25         942.455    -264.960         942.309    -265.031              25              25
   92        -388.587    2599.452        -388.370    2599.598              92              92
  246        1632.939     236.996        1632.913     237.015             246             246
    8        -160.684    -388.527        -160.736    -388.329               8               8
  125         941.058   -1042.814         940.925   -1042.813             125             125
   47         672.915   -1146.836         672.853   -1146.906              47              47
  175        -778.834     386.943        -778.710     387.022             175             175
  158        -726.989     620.427        -726.880     620.562             158             158
   94       -1691.714     376.530       -1691.720     376.839              94              94
  177        -480.789    -632.145        -481.000    -632.000             177             177
   35         247.115    -210.449         246.983    -210.431              35              35
   72        -134.413    -580.737        -134.574    -580.698              72              72
  115         -97.078     -53.565         -97.209     -53.561             115             115
  175        1519.019     773.542        1519.067     773.400             175             175
  114       -1046.644   -1024.295       -1046.835   -1024.113             114             114
  238        1376.126    -670.110        1375.949    -670.353             238             238
    6         739.599    1225.863         739.761    1225.727               6               6
  218         484.230     265.665         484.308     265.618             218             218
   30        -242.488    1069.107        -242.289    1069.194              30              30
   50       -1537.820    -448.915       -1537.912    -448.657              50              50
  162        -316.286     456.986        -316.352     457.044             162             162
   57         150.782     281.712         150.697     281.725              57              57
   32         340.843     161.598         340.749     161.561              32              32
  245        1638.572     971.482        1638.700     971.274             245             245
  235       -1779.652    1659.808       -1779.463    1660.157             235             235
   48         284.382     501.202         284.276     501.362              48              48
   80        1270.387    -529.050        1270.208    -529.062              80              80
  208         910.810     102.432         910.800     102.449             208             208
  192         242.225    -804.030         242.100    -803.927             192             192
  152         519.519   -1209.647         519.331   -1209.672             152             152
    6         662.316     -45.976         662.342     -46.061               6               6
  217       -1367.287     200.237       -1367.307     200.491             217             217
  244        1212.032    -856.857        1211.838    -856.969             244             244
  252        -691.239    -540.931        -691.379    -540.844             252             252
  226        1288.195      84.029        1288.141      83.834             226             226
  113         112.123      58.918         112.140      58.913             113             113
   44        -573.584     -96.910        -573.669     -96.829              44              44
  146        1089.926     620.521        1089.951     620.390             146             146
   16        -102.725     120.383        -102.732     120.469              16              16
  138         387.180    -562.924         387.062    -562.950             138             138
   67        -188.551     345.621        -188.546     345.657              67              67
   51          58.773      96.481          58.698      96.511              51              51
  211         864.416    -203.535         864.337    -203.656             211             211
  183        -237.501    1127.271        -237.369    1127.363             183             183
  226         235.717     -50.533         235.650     -50.420             226             226
   69        -456.807   -1839.732        -457.181   -1839.646              69              69
  166         491.016     209.632         490.899     209.471             166             166
  233         989.033     251.683         988.959     251.471             233             233
   32        1494.217    1435.866        1494.413    1435.648              32              32
  196         962.601     833.435         962.827     833.421             196             196
   28       -1335.474   -1222.859       -1335.629   -1222.613              28              28
  195         430.206    1468.247         430.398    1468.214             195             195
  253       -1273.194    -372.025       -1273.320    -371.722             253             253
   61         540.150    -722.813         539.938    -722.898              61              61
  184       -1124.613     526.773       -1124.659     526.891             184             184
  232         446.404    1297.595         446.413    1297.559             232             232
  109         629.618     404.571         629.564     404.555             109             109
    9        -314.952     950.640        -314.928     950.791               9               9
  185         153.228     774.899         153.178     775.057             185             185
   46        -234.768    -508.660        -235.078    -508.458              46              46
  161        1151.659     149.933        1151.425     149.884             161             161
  191        2125.052    -407.910        2124.876    -408.100             191             191
    8         668.259   -1199.264         668.071   -1199.324               8               8
  150        -641.337     456.722        -641.344     456.839             150             150
  188          64.915    -104.214          64.722    -104.170             188             188
  234           9.492     642.666           9.386     642.771             234             234
    7         365.558   -1251.367         365.123   -1251.370               7               7
  232        -188.542    1132.830        -188.658    1132.912             232             232
  125        1290.877    -363.271        1290.520    -363.345             125             125
   24        -513.833    -417.849        -514.234    -417.675              24              24
  115        -812.879    -430.758        -813.549    -430.558             115             115
  192         294.035    -889.200         292.946    -889.254             192             192
   75         914.296     467.343         912.645     467.179              75              75
