SINAL     NFT                         FFT                         NFT INVERSA     FFT INVERSA
-----     -----------------------     -----------------------     -----------     -----------
  213       32969.000       0.000       32969.000       0.000             213             213
  227        -525.655     579.944        -525.648     579.945             227             227
    3         207.559   -1318.468         207.564   -1318.468               3               3
   45        -358.732    1288.979        -358.724    1288.980              45              45
   32         540.909    -684.207         540.913    -684.207              32              32
  255          33.117     114.176          33.124     114.175             255             255
  195         794.343     -67.810         794.349     -67.814             195             195
   66        1223.770    1233.008        1223.784    1233.003              66              66
  213        -387.634     -94.797        -387.622     -94.794             213             213
   10        -975.683     748.113        -975.668     748.118              10              10
  122       -1913.007    1107.127       -1912.997    1107.142             122             122
  151        1204.594    -757.590        1204.593    -757.596             151             151
    0        -868.038    2345.906        -868.016    2345.919               0              -0
   95        1400.658   -1092.943        1400.657   -1092.942              95              95
  255       -1192.866    -209.949       -1192.858    -209.934             255             255
   43        -306.152    -239.432        -306.150    -239.422              43              43
   79        -994.674    -546.268        -994.682    -546.252              79              79
  185        2073.973    -869.999        2073.967    -870.016             185             185
  207        -513.213   -1127.674        -513.214   -1127.671             207             207
  226         468.560      41.357         468.569      41.347             226             226
  104        -574.235    -619.847        -574.232    -619.844             104             104
  156       -1138.138     318.748       -1138.132     318.757             156             156
  190        -241.287    -213.488        -241.295    -213.491             190             190
   49        1079.510     785.004        1079.521     784.981              49              49
   23        -703.079    1005.557        -703.064    1005.565              23              23
   29        1916.138    1674.885        1916.169    1674.863              29              29
  164        -440.563     548.432        -440.538     548.458             164             164
  199        -629.805    -564.902        -629.809    -564.878             199             199
   13        -138.792    -442.119        -138.799    -442.114              13              13
    7        -429.477     452.608        -429.473     452.617               7               7
  136         867.203       7.229         867.203       7.214             136             136
  227        -571.733    1473.660        -571.707    1473.681             227             227
  234        1295.993    -434.135        1295.984    -434.144             234             234
  139          -9.261    -478.340          -9.260    -478.335             139             139
   16        -321.662    -205.376        -321.665    -205.376              16              16
   10         439.908    1834.284         439.948    1834.278              10              10
  138         421.108     340.542         421.122     340.552             138             138
  211        -285.410     161.436        -285.402     161.454             211             211
   77          -3.967    1552.065          -3.933    1552.088              77              77
   96        1014.252     -14.184        1014.257     -14.173              96              96
  221        -581.855    -381.498        -581.856    -381.456             221             221
  200        -607.782    1044.981        -607.768    1045.039             200             200
  247        1198.562   -2139.294        1198.494   -2139.282             247             247
  221         722.486   -1970.893         722.439   -1970.905             221             221
   39        -200.818   -1296.007        -200.853   -1296.018              39              39
  247         175.894      30.819         175.882      30.791             247             247
    9        1449.468     823.356        1449.485     823.302               9               9
  119        1418.772    1242.985        1418.822    1242.950             119             119
  176         848.137    1112.433         848.202    1112.440             176             176
  217        -467.238     -88.838        -467.220     -88.779             217             217
   90         735.530    -322.895         735.533    -322.871              90              90
   24         184.605   -2732.567         184.540   -2732.562              24              24
  118        -506.224    -293.115        -506.224    -293.122             118             118
   24         559.788     772.896         559.820     772.864              24              24
   74         156.649    1296.212         156.704    1296.226              74              74
  141         132.176    -359.468         132.166    -359.449             141             141
   53         759.831    1063.027         759.871    1063.029              53              53
  238        1809.428    -124.225        1809.453    -124.247             238             238
   84         636.354      53.933         636.416      53.958              84              84
   67        -520.849    -898.523        -520.822    -898.454              67              67
  245       -1322.919   -1432.341       -1322.938   -1432.264             245             245
  220        -754.595    -590.837        -754.602    -590.796             220             220
   38        -346.227    -523.610        -346.229    -523.580              38              38
  223       -1851.078    -832.293       -1851.120    -832.201             223             223
  103        1094.074   -1530.950        1094.001   -1531.000             103             103
   55        -652.594    -202.719        -652.590    -202.714              55              55
  234        -106.269     364.287        -106.251     364.282             234             234
  242        -627.050     503.729        -627.030     503.763             242             242
   11        -212.550    1112.781        -212.517    1112.832              11              11
   55         739.436    -855.093         739.397    -855.073              55              55
   82        -166.455    -904.108        -166.480    -904.073              82              82
  233        -868.071    -664.898        -868.109    -664.844             233             233
  255         462.200     -42.078         462.179     -42.076             255             255
   74        1100.394    -949.290        1100.370    -949.317              74              74
  199       -1206.392    -587.222       -1206.402    -587.152             199             199
   39         196.117     -97.570         196.112     -97.554              39              39
   66       -1003.793    -702.577       -1003.840    -702.487              66              66
  209         645.343   -1935.070         645.229   -1935.088             209             209
  159         662.076    -779.965         662.059    -780.010             159             159
  242       -1852.193    -567.942       -1852.229    -567.846             242             242
  170         851.574   -1521.845         851.461   -1521.895             170             170
  249         533.536   -1718.933         533.456   -1719.013             249             249
   11       -1202.987      57.065       -1202.998      57.058              11              11
   32        1252.267     945.983        1252.308     945.884              32              32
   18       -1800.973     451.897       -1800.975     452.001              18              18
   85        1415.118    -418.685        1415.045    -418.747              85              85
  174        1235.351   -1658.394        1235.279   -1658.499             174             174
   72       -1485.530     906.467       -1485.482     906.494              72              72
   67         -67.564     634.265         -67.593     634.252              67              67
    2        1756.955     277.398        1756.929     277.285               2               2
  139        1415.163     702.625        1415.220     702.534             139             139
   57         248.352    1182.958         248.458    1182.965              57              57
  223       -1161.857     323.636       -1161.859     323.749             223             223
  178        1812.623     385.402        1812.618     385.351             178             178
   24         345.051    -872.206         345.009    -872.180              24              24
   71         408.553    -618.982         408.506    -618.999              71              71
  234        1517.962     743.921        1518.015     743.856             234             234
    2        1113.606    -934.723        1113.595    -934.748               2               2
   57         330.428    -395.513         330.463    -395.504              57              57
  245         245.147   -1558.690         245.113   -1558.707             245             245
   58       -1392.837     569.820       -1392.776     569.913              58              58
  140         143.377   -1623.226         143.252   -1623.234             140             140
  222         512.110     -52.413         512.098     -52.480             222             222
   58         926.317     412.772         926.362     412.717              58              58
  215         558.784   -1231.766         558.745   -1231.809             215             215
  165         296.396      39.208         296.457      39.152             165             165
   97       -1106.111     273.784       -1106.070     273.840              97              97
   25         879.083     908.828         879.156     908.792              25              25
  118         -18.712    -817.319         -18.729    -817.283             118             118
    0         372.979    -571.668         372.993    -571.699              -0               0
   12       -1090.721     362.585       -1090.654     362.675              12              12
   33        -310.625   -1533.914        -310.729   -1533.900              33              33
  250          94.995      71.474          95.020      71.415             250             250
   23        -719.131    1248.632        -719.031    1248.692              23              23
   66         769.028    -538.476         769.023    -538.492              66              66
   13       -1641.623    -671.925       -1641.638    -671.798              13              13
  109       -1215.748    -152.987       -1215.806    -152.892             109             109
  240         376.232   -1167.432         376.093   -1167.481             240             240
   85         -17.227     -46.833         -17.262     -46.878              85              85
  177         808.387      51.789         808.387      51.690             177             177
  243        -400.730     802.987        -400.660     803.019             243             243
  225          20.011   -1018.648          19.918   -1018.659             225             225
  234          93.273     427.758          93.300     427.715             234             234
  210         -39.250     147.281         -39.243     147.270             210             210
  148        -240.481     329.716        -240.472     329.728             148             148
    3        -140.319     752.421        -140.305     752.468               3               3
   25        1372.776   -1396.295        1372.655   -1396.394              25              25
  127         -67.608     141.190         -67.568     141.163             127             127
    5        -193.000       0.002        -193.000       0.000               5               5
   83         -67.527    -141.133         -67.568    -141.162              83              83
  116        1372.524    1396.501        1372.651    1396.397             116             116
   64        -140.285    -752.517        -140.302    -752.468              64              64
  223        -240.461    -329.740        -240.471    -329.728             223             223
   83         -39.235    -147.258         -39.243    -147.270              83              83
  122          93.330    -427.669          93.300    -427.715             122             122
  183          19.814    1018.669          19.917    1018.658             183             183
  249        -400.580    -803.055        -400.659    -803.019             249             249
  220         808.386     -51.572         808.387     -51.688             220             220
  209         -17.302      46.932         -17.262      46.879             209             209
  112         375.924    1167.539         376.090    1167.481             112             112
  221       -1215.876     152.776       -1215.806     152.891             221             221
  221       -1641.659     671.637       -1641.640     671.794             221             221
  146         769.015     538.514         769.021     538.494             146             146
  216        -718.901   -1248.767        -719.027   -1248.692             216             216
  245          95.051     -71.337          95.020     -71.414             245             245
  212        -310.871    1533.880        -310.732    1533.899             212             212
  229       -1090.566    -362.799       -1090.654    -362.678             229             229
   98         373.012     571.742         372.994     571.700              98              98
  197         -18.754     817.235         -18.730     817.284             197             197
   59         879.262    -908.738         879.159    -908.790              59              59
   20       -1106.010    -273.921       -1106.069    -273.842              20              20
  185         296.548     -39.071         296.459     -39.151             185             185
   28         558.686    1231.873         558.744    1231.810              28              28
  254         926.430    -412.631         926.363    -412.715             254             254
  139         512.082      52.583         512.099      52.481             139             139
  177         143.055    1623.248         143.249    1623.235             177             177
    1       -1392.680    -570.061       -1392.775    -569.915               1               1
  164         245.053    1558.734         245.109    1558.707             164             164
   48         330.517     395.490         330.462     395.505              48              48
    7        1113.577     934.791        1113.594     934.751               7               7
  248        1518.105    -743.749        1518.016    -743.856             248             248
  165         408.422     619.027         408.503     618.999             165             165
   72         344.934     872.138         345.008     872.181              72              72
  215        1812.614    -385.253        1812.620    -385.347             215             215
  248       -1161.862    -323.953       -1161.859    -323.750             248             248
  194         248.652   -1182.977         248.460   -1182.965             194             194
  143        1415.329    -702.363        1415.222    -702.531             143             143
  242        1756.882    -277.071        1756.930    -277.282             242             242
  158         -67.649    -634.228         -67.593    -634.252             158             158
   96       -1485.385    -906.553       -1485.480    -906.498              96              96
   98        1235.129    1658.710        1235.274    1658.501              98              98
  124        1414.895     418.878        1415.043     418.750             124             124
   61       -1800.976    -452.217       -1800.974    -452.003              61              61
  244        1252.397    -945.671        1252.310    -945.880             244             244
   84       -1203.021     -57.046       -1202.998     -57.060              84              84
   51         533.278    1719.186         533.451    1719.015              51              51
  201         851.210    1522.005         851.460    1521.895             201             201
   57       -1852.315     567.624       -1852.231     567.842              57              57
  150         662.015     780.113         662.057     780.011             150             150
  143         644.953    1935.131         645.224    1935.089             143             143
  116       -1003.952     702.273       -1003.841     702.486             116             116
  170         196.099      97.520         196.112      97.555             170             170
   72       -1206.429     586.978       -1206.403     587.150              72              72
  145        1100.306     949.387        1100.367     949.319             145             145
  169         462.125      42.072         462.179      42.077             169             169
  212        -868.211     664.699        -868.111     664.841             212             212
   66        -166.549     903.977        -166.482     904.071              66              66
  170         739.289     855.019         739.394     855.073             170             170
  121        -212.425   -1112.971        -212.515   -1112.830             121             121
  115        -626.975    -503.859        -627.030    -503.765             115             115
  178        -106.196    -364.267        -106.250    -364.282             178             178
  113        -652.581     202.699        -652.591     202.713             113             113
   24        1093.778    1531.151        1093.999    1531.000              24              24
  250       -1851.254     831.906       -1851.122     832.197             250             250
   73        -346.239     523.476        -346.230     523.577              73              73
   16        -754.631     590.657        -754.603     590.793              16              16
  189       -1323.005    1432.008       -1322.940    1432.263             189             189
  216        -520.737     898.224        -520.823     898.453             216             216
    3         636.631     -54.039         636.417     -53.957               3               3
   91        1809.539     124.327        1809.453     124.249              91              91
   56         760.016   -1063.031         759.872   -1063.027              56              56
  101         132.132     359.377         132.166     359.448             101             101
  216         156.917   -1296.275         156.707   -1296.226             216             216
  118         559.943    -772.743         559.821    -772.865             118             118
   90        -506.221     293.156        -506.224     293.123              90              90
   44         184.264    2732.536         184.534    2732.561              44              44
  170         735.546     322.779         735.533     322.873             170             170
   35        -467.147      88.529        -467.221      88.777              35              35
  101         848.484   -1112.468         848.202   -1112.439             101             101
   64        1419.060   -1242.793        1418.826   -1242.949              64              64
  179        1449.566    -823.047        1449.486    -823.299             179             179
  218         175.825     -30.659         175.882     -30.792             218             218
  234        -201.023    1296.068        -200.854    1296.018             234             234
  252         722.195    1970.965         722.434    1970.905             252             252
  107        1198.135    2139.224        1198.489    2139.284             107             107
  148        -607.686   -1045.351        -607.765   -1045.042             148             148
  208        -581.862     381.227        -581.857     381.455             208             208
  174        1014.287      14.111        1014.258      14.173             174             174
   62          -3.734   -1552.224          -3.931   -1552.089              62              62
   73        -285.351    -161.567        -285.401    -161.456              73              73
   34         421.213    -340.611         421.123    -340.551              34              34
  241         440.213   -1834.241         439.952   -1834.279             241             241
  187        -321.681     205.373        -321.666     205.375             187             187
   58          -9.256     478.296          -9.261     478.334              58              58
  235        1295.926     434.205        1295.984     434.144             235             235
    4        -571.498   -1473.846        -571.704   -1473.683               4               4
   75         867.201      -7.096         867.202      -7.213              75              75
  168        -429.434    -452.695        -429.471    -452.618             168             168
  220        -138.855     442.068        -138.799     442.114             220             220
   78        -629.844     564.663        -629.810     564.876              78              78
    4        -440.311    -548.691        -440.538    -548.459               4               4
   21        1916.473   -1674.647        1916.173   -1674.859              21              21
  180        -702.912   -1005.642        -703.063   -1005.566             180             180
  220        1079.651    -784.735        1079.523    -784.979             220             220
  140        -241.391     213.525        -241.296     213.491             140             140
   14       -1138.057    -318.870       -1138.131    -318.760              14              14
    9        -574.198     619.807        -574.233     619.844               9               9
   54         468.690     -41.230         468.570     -41.347              54              54
   50        -513.250    1127.615        -513.217    1127.670              50              50
  110        2073.873     870.280        2073.965     870.021             110             110
  119        -994.799     545.995        -994.682     546.250             119             119
  229        -306.121     239.267        -306.150     239.422             229             229
   73       -1192.723     209.644       -1192.859     209.930              73              73
   98        1400.621    1092.956        1400.654    1092.945              98              98
  225        -867.537   -2346.187        -868.012   -2345.920             225             225
  180        1204.541     757.738        1204.590     757.597             180             180
  246       -1912.733   -1107.555       -1912.994   -1107.146             246             246
  178        -975.263    -748.285        -975.667    -748.121             178             178
   99        -387.260      94.698        -387.622      94.794              99              99
   53        1224.337   -1232.804        1223.787   -1233.001              53              53
  251         794.605      67.996         794.349      67.815             251             251
  133          33.456    -114.141          33.123    -114.176             133             133
   38         541.188     684.260         540.912     684.209              38              38
  182        -357.977   -1289.023        -358.722   -1288.980             182             182
  192         208.182    1318.516         207.562    1318.468             192             192
   18        -523.825    -580.087        -525.647    -579.945              18              18
