SINAL     NFT                         FFT                         NFT INVERSA     FFT INVERSA
-----     -----------------------     -----------------------     -----------     -----------
  142       32146.000       0.000       32146.000       0.000             142             142
  151         920.792     882.321         920.799     882.320             151             151
  193        1533.752     258.274        1533.760     258.273             193             193
  148          91.446     512.159          91.454     512.159             148             148
   14         592.121    -344.978         592.128    -344.980              14              14
  158         579.913    1523.580         579.926    1523.577             158             158
    1        -337.815     295.103        -337.805     295.107               1               1
  105         502.000    -222.186         502.010    -222.187             105             105
  219       -1608.511      91.004       -1608.501      91.013             219             219
  172        -537.083    -363.213        -537.080    -363.212             172             172
  210         363.638    1492.570         363.652    1492.568             210             210
   46         302.428     750.409         302.441     750.413              46              46
  110       -1080.219    -671.059       -1080.218    -671.046             110             110
  218         344.862    -642.822         344.860    -642.825             218             218
  131          76.342    -114.452          76.347    -114.455             131             131
  104        -131.738    1039.564        -131.725    1039.564             104             104
  184        1149.130     276.042        1149.140     276.035             184             184
  141        -570.844    -946.025        -570.843    -946.019             141             141
  153        -790.940    1193.761        -790.926    1193.769             153             153
    4        1059.384      64.617        1059.386      64.609               4               4
  250         160.223     482.557         160.235     482.560             250             250
    6         109.419    -238.786         109.419    -238.782               6               6
  182        1002.189     593.877        1002.203     593.872             182             182
  119          86.340   -1518.427          86.327   -1518.426             119             119
  124         655.591     831.160         655.612     831.149             124             124
  192         564.778    -562.536         564.782    -562.541             192             192
  223         159.791     146.859         159.808     146.854             223             223
   67        -540.983     372.932        -540.968     372.942              67              67
    0         -93.057     383.623         -93.053     383.630               0              -0
   64        1921.106    -101.470        1921.112    -101.501              64              64
   70        -258.729     381.199        -258.707     381.207              70              70
  142         995.432     669.888         995.455     669.879             142             142
  216        1065.242     142.607        1065.271     142.598             216             216
    8        -119.076     468.569        -119.034     468.590               8               8
   35       -1087.753    -700.250       -1087.749    -700.205              35              35
  230         275.179   -1316.733         275.164   -1316.735             230             230
  167        -387.592      45.372        -387.573      45.377             167             167
   36        -353.190     332.235        -353.171     332.251              36              36
   79         144.314    -903.249         144.308    -903.247              79              79
  130        -914.098     548.702        -914.074     548.730             130             130
  208         -51.669   -1020.295         -51.695   -1020.286             208             208
   34         875.940    -603.555         875.935    -603.588              34              34
  177         817.258     681.360         817.309     681.332             177             177
   63        -713.576     263.702        -713.530     263.726              63              63
  252        -859.411     544.295        -859.362     544.337             252             252
   53       -2285.221   -1132.933       -2285.241   -1132.859              53              53
  167       -1133.033     379.192       -1133.036     379.230             167             167
  180        -127.679    -414.507        -127.702    -414.492             180             180
  194        -609.821    -923.047        -609.857    -923.034             194             194
   64        -685.130     885.934        -685.122     885.951              64              64
  185         675.840     712.700         675.846     712.707             185             185
  188         499.512   -1521.193         499.467   -1521.184             188             188
   71        -562.700   -1421.780        -562.746   -1421.771              71              71
  111         153.943    -499.153         153.917    -499.187             111             111
   52         610.669     643.487         610.694     643.448              52              52
  195        -615.621      16.040        -615.620      16.052             195             195
   48        -346.756     528.207        -346.763     528.209              48              48
   20        1922.509     855.687        1922.533     855.621              20              20
    7         129.486     648.488         129.527     648.504               7               7
   48         526.748    -200.841         526.753    -200.837              48              48
   84         323.996     158.350         324.022     158.367              84              84
   78         359.765   -2167.137         359.707   -2167.157              78              78
  190         163.146    1837.269         163.258    1837.255             190             190
   44       -2034.322    -503.051       -2034.332    -502.945              44              44
   86         236.011     233.985         236.000     234.000              86              86
  225         328.463    -848.688         328.422    -848.667             225             225
   19         401.729   -2148.647         401.641   -2148.667              19              19
  254         513.121   -1018.039         513.098   -1018.105             254             254
    6        -394.332     130.190        -394.305     130.163               6               6
   99        -823.661    -243.988        -823.681    -243.996              99              99
  129        1476.141    1462.199        1476.210    1462.103             129             129
  215         -28.771     567.145         -28.709     567.147             215             215
  133        -530.843     482.257        -530.796     482.287             133             133
   51        -380.630     245.608        -380.603     245.636              51              51
   22        -884.511    -210.794        -884.523    -210.749              22              22
  130        -201.433     171.635        -201.440     171.640             130             130
  104         -67.901      48.539         -67.917      48.535             104             104
  189        1104.482     590.793        1104.523     590.736             189             189
   55       -1863.929     329.417       -1863.930     329.515              55              55
   42        2294.579     938.587        2294.608     938.500              42              42
  254          32.261   -1069.567          32.238   -1069.550             254             254
  240         340.597     421.242         340.648     421.225             240             240
  231         -31.597    -321.535         -31.573    -321.522             231             231
   69       -1176.654    -327.931       -1176.652    -327.867              69              69
   96        -454.554    -980.590        -454.614    -980.595              96              96
   28        -475.232     422.950        -475.226     422.920              28              28
    9         365.047    1840.046         365.138    1840.014               9               9
  144        -484.250     589.035        -484.227     589.094             144             144
   48          35.169    -263.307          35.127    -263.288              48              48
   17        1039.291    -474.208        1039.264    -474.282              17              17
  192        -961.905     973.741        -961.864     973.783             192             192
  132        2135.760     -87.613        2135.758     -87.746             132             132
   95        -357.862    1268.374        -357.741    1268.391              95              95
  127          54.932     219.395          54.975     219.399             127             127
  177        -656.787    1510.078        -656.671    1510.138             177             177
  181       -1039.815     606.663       -1039.792     606.782             181             181
   97         -63.233     -63.457         -63.271     -63.402              97              97
  197         -25.985    -404.059         -26.045    -404.034             197             197
  180         601.575     470.559         601.578     470.540             180             180
  103         -53.257      62.944         -53.287      62.981             103             103
   40        1724.958    -671.729        1724.902    -671.835              40              40
   53         269.116     169.120         269.139     169.068              53              53
   63        1388.930    2849.134        1389.139    2849.084              63              63
  173         658.515    -351.815         658.549    -351.754             173             173
  104         266.717    -808.353         266.728    -808.320             104             104
   85        -475.992     272.309        -475.922     272.387              85              85
   48        -446.442    -774.260        -446.478    -774.181              48              48
  208         753.523    -948.403         753.493    -948.442             208             208
   19        -694.185    -631.718        -694.182    -631.694              19              19
  103        -280.807     550.312        -280.745     550.310             103             103
  251        -595.997     643.583        -595.947     643.638             251             251
   18         789.562     454.355         789.620     454.339              18              18
   87        -807.564     -38.591        -807.521     -38.482              87              87
  227       -1074.730    -717.786       -1074.785    -717.686             227             227
   88        -571.495     378.108        -571.519     378.163              88              88
  183        1347.201     121.889        1347.184     121.830             183             183
  255         794.847    -277.850         794.868    -277.864             255             255
   98         252.496    -697.208         252.514    -697.202              98              98
   72        -547.942    -255.864        -547.891    -255.812              72              72
   47       -1177.546    -261.917       -1177.530    -261.806              47              47
  115       -1099.568   -1631.426       -1099.710   -1631.377             115             115
    8         -60.385    1274.879         -60.319    1274.842               8               8
  180         698.435    -129.110         698.437    -129.161             180             180
  210        -205.550     224.813        -205.476     224.822             210             210
  135       -1796.462     148.396       -1796.441     148.531             135             135
  102        -679.794     527.990        -679.813     528.035             102             102
  136         455.694    1196.925         455.743    1196.915             136             136
  232         635.391     676.624         635.449     676.648             232             232
   43        -598.000      -0.142        -598.000       0.000              43              43
   60         635.511    -676.671         635.451    -676.647              60              60
   80         455.795   -1196.906         455.744   -1196.916              80              80
   83        -679.831    -528.084        -679.812    -528.037              83              83
  114       -1796.420    -148.679       -1796.441    -148.534             114             114
  143        -205.392    -224.834        -205.474    -224.823             143             143
    1         698.439     129.216         698.437     129.161               1               1
  218         -60.242   -1274.802         -60.316   -1274.843             218             218
  229       -1099.875    1631.320       -1099.712    1631.376             229             229
   49       -1177.512     261.674       -1177.530     261.803              49              49
  171        -547.831     255.749        -547.891     255.810             171             171
  249         252.534     697.196         252.513     697.203             249             249
  152         794.893     277.885         794.868     277.867             152             152
  167        1347.165    -121.753        1347.185    -121.827             167             167
   11        -571.547    -378.234        -571.518    -378.165              11              11
  240       -1074.857     717.556       -1074.787     717.683             240             240
  138        -807.465      38.341        -807.521      38.482             138             138
  100         789.697    -454.314         789.621    -454.337             100             100
  168        -595.880    -643.713        -595.946    -643.639             168             168
  138        -280.661    -550.308        -280.744    -550.311             138             138
  198        -694.181     631.659        -694.183     631.693             198             198
  240         753.449     948.498         753.491     948.444             240             240
  186        -446.529     774.064        -446.479     774.178             186             186
   58        -475.821    -272.499        -475.921    -272.388              58              58
  249         266.743     808.272         266.727     808.321             249             249
  110         658.598     351.664         658.548     351.754             110             110
   13        1389.463   -2849.007        1389.146   -2849.083              13              13
  128         269.175    -168.988         269.139    -169.068             128             128
  213        1724.813     672.003        1724.901     671.838             213             213
  149         -53.334     -63.041         -53.287     -62.982             149             149
  105         601.586    -470.508         601.580    -470.539             105             105
    0         -26.144     403.992         -26.045     404.033              -0              -0
  210         -63.335      63.310         -63.271      63.402             210             210
  185       -1039.749    -606.989       -1039.790    -606.785             185             185
   84        -656.467   -1510.244        -656.669   -1510.140              84              84
   68          55.051    -219.403          54.976    -219.399              68              68
   72        -357.523   -1268.423        -357.740   -1268.392              72              72
   86        2135.753      87.996        2135.758      87.751              86              86
   31        -961.785    -973.865        -961.862    -973.786              31              31
   45        1039.213     474.425        1039.263     474.284              45              45
  135          35.045     263.251          35.126     263.287             135             135
  203        -484.179    -589.210        -484.226    -589.095             203             203
   38         365.325   -1839.948         365.142   -1840.013              38              38
   32        -475.213    -422.860        -475.226    -422.921              32              32
  114        -454.740     980.608        -454.616     980.595             114             114
   50       -1176.647     327.732       -1176.652     327.865              50              50
   17         -31.522     321.496         -31.573     321.523              17              17
  253         340.758    -421.188         340.650    -421.225             253             253
  150          32.187    1069.513          32.237    1069.551             150             150
  186        2294.678    -938.294        2294.610    -938.494             186             186
  135       -1863.930    -329.745       -1863.929    -329.519             135             135
   93        1104.617    -590.596        1104.523    -590.732              93              93
  171         -67.957     -48.523         -67.918     -48.534             171             171
   65        -201.458    -171.651        -201.441    -171.640              65              65
  152        -884.549     210.637        -884.521     210.747             152             152
  164        -380.536    -245.708        -380.603    -245.636             164             164
  176        -530.675    -482.365        -530.796    -482.287             176             176
  165         -28.544    -567.151         -28.708    -567.147             165             165
   37        1476.398   -1461.844        1476.213   -1462.099              37              37
  133        -823.737     244.018        -823.682     243.995             133             133
   59        -394.229    -130.092        -394.304    -130.164              59              59
  142         513.026    1018.294         513.095    1018.107             142             142
  134         401.387    2148.724         401.638    2148.667             134             134
   14         328.301     848.608         328.420     848.668              14              14
   71         235.966    -234.045         236.000    -234.000              71              71
  219       -2034.369     502.608       -2034.334     502.941             219             219
   83         163.619   -1837.209         163.261   -1837.255              83              83
  143         359.509    2167.225         359.703    2167.158             143             143
   49         324.104    -158.418         324.022    -158.365              49              49
  114         526.771     200.825         526.753     200.837             114             114
  189         129.672    -648.561         129.529    -648.505             189             189
  185        1922.623    -855.381        1922.535    -855.617             185             185
   62        -346.784    -528.217        -346.762    -528.209              62              62
  228        -615.613     -16.094        -615.620     -16.052             228             228
  218         610.792    -643.293         610.695    -643.445             218             218
  177         153.812     499.318         153.915     499.187             177             177
   22        -562.937    1421.735        -562.749    1421.770              22              22
  235         499.275    1521.152         499.463    1521.185             235             235
  174         675.873    -712.730         675.847    -712.705             174             174
  173        -685.085    -886.025        -685.120    -885.953             173             173
  166        -610.012     922.978        -609.858     923.033             166             166
   54        -127.808     414.425        -127.703     414.492              54              54
   10       -1133.048    -379.400       -1133.035    -379.230              10              10
   81       -2285.339    1132.493       -2285.243    1132.853              81              81
  119        -859.122    -544.539        -859.361    -544.338             119             119
  162        -713.295    -263.855        -713.529    -263.729             162             162
  245         817.575    -681.185         817.311    -681.330             245             245
   40         875.903     603.765         875.934     603.590              40              40
   72         -51.840    1020.237         -51.696    1020.286              72              72
   26        -913.934    -548.896        -914.072    -548.733              26              26
  174         144.269     903.240         144.306     903.249             174             174
  131        -353.048    -332.352        -353.169    -332.253             131             131
  168        -387.457     -45.413        -387.572     -45.378             168             168
   53         275.060    1316.745         275.162    1316.734              53              53
  145       -1087.726     699.909       -1087.750     700.202             145             145
  240        -118.745    -468.736        -119.032    -468.591             240             240
   16        1065.473    -142.535        1065.271    -142.598              16              16
  228         995.640    -669.796         995.458    -669.876             228             228
  128        -258.534    -381.264        -258.706    -381.207             128             128
   66        1921.162     101.756        1921.112     101.505              66              66
   87         -93.018    -383.684         -93.053    -383.630              87              87
   61        -540.841    -373.031        -540.968    -372.944              61              61
  251         159.959    -146.812         159.809    -146.854             251             251
  149         564.810     562.601         564.780     562.543             149             149
   33         655.813    -831.041         655.612    -831.148              33              33
  214          86.180    1518.407          86.324    1518.426             214             214
   71        1002.359    -593.813        1002.204    -593.870              71              71
   56         109.417     238.735         109.418     238.781              56              56
  194         160.386    -482.603         160.236    -482.560             194             194
  245        1059.411     -64.505        1059.386     -64.608             245             245
  229        -790.726   -1193.883        -790.923   -1193.770             229             229
  104        -570.845     945.932        -570.845     946.017             104             104
   43        1149.298    -275.941        1149.141    -276.034              43              43
  239        -131.502   -1039.587        -131.723   -1039.565             239             239
  185          76.425     114.523          76.347     114.456             185             185
  163         344.822     642.873         344.859     642.824             163             163
  146       -1080.199     670.762       -1080.219     671.044             146             146
  174         302.755    -750.497         302.443    -750.413             174             174
  204         364.024   -1492.501         363.656   -1492.567             204             204
  219        -537.012     363.174        -537.081     363.211             219             219
  201       -1608.196     -91.284       -1608.502     -91.014             201             201
  122         502.346     222.226         502.010     222.187             122             122
   95        -337.368    -295.246        -337.805    -295.107              95              95
  114         580.637   -1523.466         579.930   -1523.577             114             114
  176         592.568     345.132         592.128     344.982             176             176
  240          92.208    -512.135          91.456    -512.160             240             240
   98        1534.722    -257.990        1533.762    -258.269              98              98
  192         922.616    -882.085         920.802    -882.318             192             192
