SINAL     NFT                         FFT                         NFT INVERSA     FFT INVERSA
-----     -----------------------     -----------------------     -----------     -----------
   18       32275.000       0.000       32275.000       0.000              18              18
  232        1098.057     223.073        1098.064     223.072             232             232
   52        -709.329    1716.022        -709.320    1716.024              52              52
  179        -854.221   -1267.334        -854.216   -1267.332             179             179
  118         926.920    -128.552         926.925    -128.556             118             118
  245        -510.795     612.758        -510.787     612.757             245             245
   93         790.678    1783.468         790.690    1783.467              93              93
  113         693.415     -97.417         693.423     -97.416             113             113
  224         365.445    -396.098         365.453    -396.098             224             224
   38        -648.562     317.033        -648.550     317.038              38              38
   36       -1118.010    -144.401       -1118.006    -144.391              36              36
   33        1000.036    -847.151        1000.036    -847.156              33              33
  190        -208.240    -270.356        -208.233    -270.356             190             190
    9       -1284.509    1545.854       -1284.496    1545.866               9               9
   84        2030.175    -605.967        2030.174    -605.975              84              84
  136         -93.569   -1033.318         -93.568   -1033.314             136             136
  153         662.192    -789.004         662.194    -789.013             153             153
  240          36.789     607.779          36.808     607.779             240             240
  104          -9.434    -504.073          -9.427    -504.067             104             104
  221        -388.580   -1230.644        -388.582   -1230.639             221             221
   78       -1084.380    -301.390       -1084.378    -301.380              78              78
   13         408.694    -928.543         408.686    -928.554              13              13
   57         380.003    -311.955         380.013    -311.968              57              57
  142       -1675.109    -482.324       -1675.109    -482.311             142             142
   38         163.654     196.410         163.656     196.395              38              38
  138         -94.741    -511.446         -94.747    -511.462             138             138
  137         311.969    2148.343         312.004    2148.328             137             137
  197        1171.858     251.396        1171.875     251.379             197             197
   93        -938.478    1150.583        -938.442    1150.604              93              93
   11       -1212.398    -362.310       -1212.408    -362.284              11              11
  191        1255.701     908.855        1255.712     908.838             191             191
  111         688.385    -821.111         688.382    -821.117             111             111
  244        -432.241     143.883        -432.227     143.889             244             244
  243         364.410     464.463         364.425     464.459             243             243
   35        1400.012     -33.343        1400.038     -33.364              35              35
  107       -2451.120   -1205.118       -2451.128   -1205.066             107             107
  233          28.303       3.523          28.299       3.507             233             233
  128        -198.445    1022.354        -198.419    1022.353             128             128
  220        -348.305      45.341        -348.306      45.349             220             220
  202         -38.820    1521.019         -38.790    1521.033             202             202
  166         984.414   -1068.911         984.389   -1068.920             166             166
    0        -258.536     201.227        -258.523     201.239               0               0
  236         624.026    -657.380         624.016    -657.392             236             236
  101        -262.711    -484.503        -262.715    -484.504             101             101
   10         223.436     833.177         223.465     833.175              10              10
   64        -349.567   -1304.329        -349.602   -1304.318              64              64
  238         626.868     270.526         626.876     270.498             238             238
  163        -279.343    -714.949        -279.367    -714.954             163             163
   48        1725.427     999.762        1725.461     999.698              48              48
   87        1123.675    -254.528        1123.704    -254.566              87              87
  129        -108.512     633.742        -108.445     633.744             129             129
  127       -1239.181    -387.724       -1239.164    -387.682             127             127
  100       -1168.781     -10.631       -1168.780     -10.600             100             100
  187        -303.280    -160.435        -303.301    -160.440             187             187
   13         898.752     698.414         898.770     698.368              13              13
  139         451.847     300.237         451.870     300.208             139             139
   69         841.609    2300.028         841.719    2300.014              69              69
  150        -351.977    -572.412        -351.957    -572.364             150             150
   80       -2016.686    -512.336       -2016.706    -512.258              80              80
  162        1058.139     316.248        1058.137     316.207             162             162
  162        -243.195     579.663        -243.169     579.686             162             162
   15         842.315    -498.944         842.307    -498.964              15              15
   18        -293.102     -45.021        -293.088     -45.014              18              18
  150          25.784     287.688          25.798     287.683             150             150
    3         440.963     754.014         441.000     754.000               3               3
   53         701.155    1140.573         701.225    1140.578              53              53
    2        -516.597    -520.326        -516.608    -520.256               2               2
  237        1524.089   -1554.364        1524.040   -1554.423             237             237
  182         588.658     656.554         588.741     656.525             182             182
  222          48.940    -214.900          48.996    -214.884             222             222
  184       -1354.395    -401.977       -1354.366    -401.910             184             184
   92        -615.424     760.832        -615.369     760.886              92              92
  222        -492.845    -996.667        -492.874    -996.604             222             222
  164        -256.940   -1658.833        -256.997   -1658.820             164             164
  194        -402.348    -763.677        -402.353    -763.686             194             194
  233       -1764.217    -481.621       -1764.236    -481.574             233             233
  228        -549.094     253.064        -549.116     253.049             228             228
  177        1041.210    1544.877        1041.277    1544.826             177             177
  140         258.250    -196.315         258.267    -196.300             140             140
   21           0.702    -301.130           0.728    -301.115              21              21
    8       -1569.718    -419.283       -1569.722    -419.190               8               8
   13        -478.004   -1263.783        -478.083   -1263.771              13              13
  149        -510.861    -229.199        -510.894    -229.210             149             149
  108         340.985      14.627         340.971      14.574             108             108
  201        -618.559     609.302        -618.549     609.316             201             201
  162        1152.690      61.578        1152.672      61.511             162             162
  247         695.693    -427.831         695.687    -427.891             247             247
   14           4.395     380.758           4.431     380.726              14              14
   57        1061.446     523.610        1061.513     523.528              57              57
   72       -1160.056     648.552       -1159.991     648.611              72              72
  177         351.084     313.086         351.101     313.063             177             177
  219         400.879     581.704         400.930     581.678             219             219
   88         104.841     996.932         104.921     996.947              88              88
  196         566.085      44.821         566.118      44.827             196             196
  114         -11.661    -515.716         -11.652    -515.699             114             114
   92         280.452    -138.458         280.485    -138.480              92              92
  249         170.146     271.899         170.227     271.890             249             249
  116       -1056.424    -679.172       -1056.416    -679.130             116             116
   73        -372.000    1916.253        -371.849    1916.282              73              73
  175        -811.961   -1216.681        -812.018   -1216.619             175             175
   83        -252.711    1414.206        -252.607    1414.214              83              83
    2        -972.940     605.126        -972.910     605.233               2               2
   12         402.510     -11.075         402.486     -11.051              12              12
   49        1000.826    -665.717        1000.801    -665.754              49              49
  166         456.626    -428.840         456.657    -428.873             166             166
  207        -359.547      76.518        -359.483      76.529             207             207
   26         -45.445     955.412         -45.329     955.430              26              26
  139         -88.014     156.166         -87.940     156.218             139             139
  128        -469.436    -311.955        -469.382    -311.891             128             128
  167       -1774.241     466.263       -1774.179     466.430             167             167
  161         747.968    -322.085         747.983    -322.070             161             161
  136       -1666.236   -1111.471       -1666.262   -1111.299             136             136
  181        -613.830   -1615.948        -613.932   -1615.899             181             181
   54        -577.626   -1002.543        -577.674   -1002.543              54              54
  245        -898.475     -69.629        -898.458     -69.606             245             245
  126        -646.893     -88.536        -646.883     -88.505             126             126
  216       -1234.486    -596.984       -1234.535    -596.910             216             216
  237        -283.765   -1000.501        -283.858   -1000.542             237             237
  141        -204.572     233.773        -204.553     233.699             141             141
   17        -273.233    1003.891        -273.142    1003.853              17              17
   53        -876.580     889.527        -876.514     889.566              53              53
   62         261.177    1572.768         261.290    1572.774              62              62
  237        1044.255    -314.871        1044.301    -314.912             237             237
  142       -1484.131     254.078       -1484.017     254.207             142             142
    2       -1681.212     270.745       -1681.167     270.899               2               2
   96       -1223.167     187.081       -1223.179     187.212              96              96
  234         333.298    -752.572         333.235    -752.602             234             234
  252        -779.567    1294.992        -779.417    1295.065             252             252
  213       -1793.000      -0.218       -1793.000       0.000             213             213
   52        -779.259   -1295.143        -779.414   -1295.068              52              52
  171         333.170     752.635         333.235     752.603             171             171
   40       -1223.193    -187.351       -1223.179    -187.214              40              40
   54       -1681.118    -271.068       -1681.166    -270.902              54              54
  184       -1483.892    -254.352       -1484.016    -254.210             184             184
   90        1044.351     314.960        1044.300     314.914              90              90
  221         261.420   -1572.781         261.294   -1572.774             221             221
  136        -876.438    -889.614        -876.513    -889.568             136             136
  117        -273.032   -1003.807        -273.139   -1003.851             117             117
  104        -204.531    -233.612        -204.553    -233.699             104             104
    8        -283.972    1000.590        -283.861    1000.542               8               8
   28       -1234.595     596.818       -1234.535     596.908              28              28
   10        -646.870      88.467        -646.882      88.505              10              10
  145        -898.439      69.573        -898.459      69.603             145             145
  209        -577.736    1002.543        -577.676    1002.543             209             209
   64        -614.066    1615.836        -613.934    1615.899              64              64
  135       -1666.298    1111.070       -1666.264    1111.296             135             135
   80         748.003     322.051         747.983     322.071              80              80
   25       -1774.093    -466.660       -1774.177    -466.434              25              25
  116        -469.307     311.801        -469.382     311.890             116             116
  221         -87.834    -156.289         -87.938    -156.217             221             221
   43         -45.162    -955.454         -45.327    -955.430              43              43
  169        -359.391     -76.543        -359.482     -76.528             169             169
   27         456.701     428.922         456.657     428.874              27              27
   25        1000.763     665.813        1000.800     665.756              25              25
   55         402.451      11.015         402.486      11.051              55              55
   30        -972.860    -605.399        -972.907    -605.235              30              30
  121        -252.441   -1414.226        -252.604   -1414.214             121             121
   34        -812.112    1216.519        -812.020    1216.618              34              34
   26        -371.602   -1916.330        -371.845   -1916.282              26              26
   79       -1056.403     679.058       -1056.417     679.127              79              79
   86         170.363    -271.873         170.228    -271.889              86              86
  198         280.545     138.518         280.487     138.480             198             198
  119         -11.638     515.669         -11.652     515.699             119             119
  140         566.179     -44.833         566.119     -44.825             140             140
  127         105.067    -996.975         104.923    -996.947             127             127
  209         401.026    -581.627         400.932    -581.677             209             209
  105         351.132    -313.017         351.101    -313.062             105             105
    7       -1159.866    -648.724       -1159.988    -648.613               7               7
   71        1061.641    -523.371        1061.513    -523.527              71              71
  210           4.506    -380.663           4.433    -380.726             210             210
   16         695.674     428.012         695.686     427.892              16              16
   99        1152.639     -61.371        1152.673     -61.507              99              99
  220        -618.528    -609.345        -618.548    -609.316             220             220
  161         340.943     -14.460         340.972     -14.571             161             161
   53        -510.964     229.231        -510.895     229.209              53              53
   29        -478.259    1263.745        -478.086    1263.770              29              29
   40       -1569.731     418.981       -1569.722     419.187              40              40
  133           0.785     301.081           0.728     301.115             133             133
   54         258.303     196.268         258.267     196.301              54              54
  156        1041.435   -1544.699        1041.280   -1544.822             156             156
   99        -549.167    -253.015        -549.116    -253.049              99              99
   98       -1764.282     481.456       -1764.237     481.571              98              98
   70        -402.367     763.707        -402.355     763.686              70              70
  127        -257.143    1658.786        -257.000    1658.819             127             127
  123        -492.949     996.443        -492.874     996.603             123             123
  126        -615.221    -761.026        -615.366    -760.887             126             126
  157       -1354.291     401.727       -1354.368     401.907             157             157
  244          49.148     214.843          48.996     214.885             244             244
  160         588.971    -656.445         588.743    -656.523             160             160
  184        1523.897    1554.593        1524.037    1554.427             184             184
   67        -516.641     520.053        -516.609     520.255              67              67
  246         701.431   -1140.594         701.228   -1140.578             246             246
  127         441.111    -753.958         441.000    -754.000             127             127
  187          25.847    -287.664          25.800    -287.682             187             187
  131        -293.042      44.988        -293.087      45.013             131             131
  254         842.273     499.037         842.304     498.967             254             254
  141        -243.080    -579.760        -243.167    -579.686             141             141
  237        1058.136    -316.062        1058.138    -316.204             237             237
    6       -2016.774     511.977       -2016.706     512.253               6               6
  212        -351.891     572.195        -351.958     572.364             212             212
  192         842.122   -2299.958         841.722   -2300.013             192             192
   22         451.952    -300.093         451.869    -300.206              22              22
   56         898.845    -698.193         898.772    -698.367              56              56
  156        -303.384     160.459        -303.302     160.440             156             156
  184       -1168.776      10.477       -1168.780      10.599             184             184
  109       -1239.094     387.512       -1239.165     387.680             109             109
  186        -108.164    -633.755        -108.443    -633.745             186             186
  225        1123.825     254.730        1123.703     254.568             225             225
  243        1725.615    -999.415        1725.463    -999.696             243             243
  240        -279.481     714.979        -279.369     714.954             240             240
  125         626.920    -270.366         626.878    -270.496             125             125
   86        -349.777    1304.264        -349.606    1304.317              86              86
   82         223.613    -833.161         223.467    -833.174              82              82
  196        -262.735     484.505        -262.716     484.503             196             196
  213         623.962     657.453         624.015     657.392             213             213
  206        -258.455    -201.304        -258.523    -201.241             206             206
   66         984.253    1068.973         984.388    1068.921              66              66
  115         -38.612   -1521.110         -38.787   -1521.032             115             115
  194        -348.307     -45.394        -348.305     -45.350             194             194
  227        -198.258   -1022.345        -198.417   -1022.353             227             227
   43          28.274      -3.402          28.299      -3.505              43              43
    6       -2451.184    1204.725       -2451.130    1205.061               6               6
  218        1400.210      33.504        1400.038      33.366             218             218
  171         364.530    -464.429         364.427    -464.458             171             171
  193        -432.131    -143.931        -432.227    -143.890             193             193
   93         688.355     821.178         688.381     821.120              93              93
  170        1255.814    -908.699        1255.715    -908.836             170             170
   79       -1212.497     362.062       -1212.410     362.281              79              79
   75        -938.137   -1150.781        -938.440   -1150.605              75              75
  176        1172.023    -251.211        1171.876    -251.375             176             176
   35         312.338   -2148.186         312.008   -2148.327              35              35
   11         -94.814     511.612         -94.749     511.463              11              11
  199         163.671    -196.258         163.656    -196.396             199             199
   91       -1675.110     482.165       -1675.110     482.308              91              91
  168         380.110     312.120         380.012     311.970             168             168
  127         408.587     928.675         408.684     928.555             127             127
  201       -1084.352     301.252       -1084.378     301.379             201             201
   98        -388.612    1230.580        -388.584    1230.639              98              98
   96          -9.335     503.992          -9.428     504.067              96              96
  189          37.081    -607.779          36.809    -607.780             189             189
   83         662.221     789.155         662.193     789.014              83              83
  222         -93.564    1033.246         -93.569    1033.313             222             222
   19        2030.137     606.149        2030.172     605.979              19              19
  166       -1284.218   -1546.127       -1284.493   -1545.870             166             166
  162        -208.090     270.382        -208.234     270.358             162             162
  233        1000.014     847.292        1000.034     847.159             233             233
  116       -1117.910     144.126       -1118.006     144.388             116             116
  229        -648.228    -317.195        -648.549    -317.040             229             229
   93         365.701     396.099         365.454     396.098              93              93
   55         693.692      97.392         693.423      97.417              55              55
  201         791.224   -1783.389         790.693   -1783.465             201             201
  137        -510.368    -612.753        -510.785    -612.758             137             137
   61         927.290     128.799         926.925     128.559              61              61
  163        -853.914    1267.133        -854.219    1267.330             163             163
   52        -708.096   -1716.184        -709.316   -1716.024              52              52
  255        1099.872    -222.792        1098.065    -223.069             255             255
