SINAL     NFT                         FFT                         NFT INVERSA     FFT INVERSA
-----     -----------------------     -----------------------     -----------     -----------
  136       31932.000       0.000       31932.000       0.000             136             136
  165        -344.325    -999.951        -344.318    -999.951             165             165
  126          97.535    -523.899          97.541    -523.898             126             126
  237          70.224    -528.043          70.230    -528.044             237             237
  246        -915.044    1235.409        -915.036    1235.412             246             246
  123        1781.860   -1116.520        1781.862   -1116.524             123             123
   61          77.282     670.213          77.292     670.214              61              61
  155         231.882    -179.170         231.888    -179.169             155             155
  163         919.222     253.341         919.232     253.339             163             163
   12        -665.956    -952.659        -665.953    -952.654              12              12
   88         -35.508     847.092         -35.499     847.093              88              88
  162        1090.384     -24.713        1090.391     -24.715             162             162
  110        -548.819    -258.669        -548.814    -258.659             110             110
  102         935.205   -1665.168         935.198   -1665.173             102             102
  115         441.117     -48.652         441.126     -48.657             115             115
  161         590.680    -555.035         590.686    -555.041             161             161
  128         613.648     -41.875         613.663     -41.885             128             128
   28        -786.041    1119.530        -786.016    1119.540              28              28
   63        -528.787     -56.035        -528.780     -56.020              63              63
  131         231.730   -1031.952         231.726   -1031.951             131             131
  232        -415.859     339.538        -415.847     339.545             232             232
   57          72.853    -188.607          72.856    -188.600              57              57
  125         385.824    -959.944         385.819    -959.947             125             125
  213        -117.375     433.779        -117.358     433.784             213             213
  107         271.222    -221.320         271.229    -221.313             107             107
  175         349.876   -1693.144         349.867   -1693.148             175             175
  160        -950.718     200.739        -950.699     200.751             160             160
   17        -785.547    -793.259        -785.553    -793.246              17              17
  202        -518.341    -444.731        -518.345    -444.729             202             202
   45        -273.605     796.873        -273.589     796.881              45              45
   71        -445.507   -1682.675        -445.539   -1682.669              71              71
   82        1008.850     731.886        1008.871     731.858              82              82
  210       -1027.060     180.049       -1027.048     180.076             210             210
  197           7.755    -389.930           7.744    -389.921             197             197
   63         110.780   -1618.988         110.746   -1618.997              63              63
  201          11.516     367.807          11.525     367.793             201             201
   65         115.223    -657.994         115.207    -658.011              65              65
  125         433.217     939.482         433.237     939.459             125             125
  100        1457.529     -74.714        1457.539     -74.756             100             100
  228         323.851    1066.627         323.903    1066.615             228             228
  138         -84.826     687.523         -84.783     687.538             138             138
  189        -768.283    -834.718        -768.288    -834.692             189             189
  135         118.426     262.427         118.449     262.419             135             135
  248        -799.621     413.360        -799.591     413.384             248             248
   36       -1324.210     119.528       -1324.207     119.575              36              36
  250         202.438    -700.199         202.412    -700.204             250             250
  154        -553.828     622.723        -553.813     622.738             154             154
  164         668.031    -220.195         668.029    -220.211             164             164
   22        -873.157     242.762        -873.141     242.792              22              22
  217        -670.691     -46.508        -670.703     -46.478             217             217
   40        -399.164    -592.357        -399.208    -592.342              40              40
  254         807.467    -501.485         807.425    -501.523             254             254
   18        2240.451      13.491        2240.468      13.395              18              18
  165        -725.679    1373.237        -725.600    1373.256             165             165
  212        -822.534     372.106        -822.522     372.152             212             212
  126         898.267    -134.000         898.266    -134.012             126             126
   84        -791.844   -1115.240        -791.879   -1115.215              84              84
  116         742.352     232.382         742.361     232.338             116             116
  143        -191.905     176.295        -191.883     176.291             143             143
   30        -728.848      25.793        -728.849      25.803              30              30
  162         -51.138     755.261         -51.122     755.246             162             162
  215        -242.209     668.329        -242.207     668.327             215             215
  112        1578.434    1309.834        1578.479    1309.774             112             112
  117          74.891     812.976          74.941     812.989             117             117
  156        -328.051    1225.954        -328.000    1226.000             156             156
  176          85.238     184.820          85.229     184.861             176             176
   62         809.286    -263.607         809.258    -263.607              62              62
  222        1410.946    -657.641        1410.921    -657.686             222             222
   46        1375.124    -440.524        1375.139    -440.598              46              46
  163         454.202    1530.869         454.324    1530.849             163             163
  194        -550.455     382.638        -550.399     382.686             194             194
  184         108.183    1701.811         108.286    1701.857             184             184
   97         -77.810    -514.425         -77.801    -514.346              97              97
   73        -261.347   -1052.098        -261.363   -1052.041              73              73
  176       -1139.249    -822.240       -1139.275    -822.164             176             176
  133        -144.263    -995.849        -144.320    -995.845             133             133
   68         308.296     472.120         308.320     472.102              68              68
   75         688.578    -262.403         688.596    -262.429              75              75
   42       -1579.151     572.643       -1579.112     572.736              42              42
   91         624.927     559.414         624.938     559.433              91              91
   36         859.797   -1667.976         859.731   -1667.991              36              36
   82         513.997      10.221         514.054      10.195              82              82
   90        -947.080    -318.928        -947.041    -318.869              90              90
   55       -1263.304       6.529       -1263.285       6.608              55              55
  247        -574.330    -451.437        -574.359    -451.396             247             247
   46         398.015      43.107         398.042      43.092              46              46
  181       -1961.168    -164.377       -1961.163    -164.259             181             181
   76        -545.325     152.050        -545.339     152.091              76              76
  163       -1114.985     640.576       -1114.983     640.682             163             163
   69        -271.564    -976.341        -271.676    -976.278              69              69
  106         468.765    -617.004         468.689    -617.003             106             106
   69          36.787   -1081.654          36.692   -1081.641              69              69
   28         676.911   -1233.991         676.811   -1234.045              28              28
  219         418.425    -956.286         418.351    -956.363             219             219
  186        1430.904     779.901        1430.968     779.771             186             186
  185        -309.234     538.197        -309.171     538.214             185             185
  140         455.046    -363.889         455.048    -363.923             140             140
  249        -215.903     695.992        -215.819     695.996             249             249
  151       -1248.789     646.057       -1248.740     646.158             151             151
  186        -611.806     336.246        -611.821     336.326             186             186
  156         357.138       1.622         357.102       1.652             156             156
   90         408.503    -429.769         408.461    -429.737              90              90
  114          56.108   -1565.957          55.992   -1565.938             114             114
  253         970.435    -487.168         970.408    -487.243             253             253
  163         221.261    -317.593         221.277    -317.604             163             163
   35        -798.147   -1146.734        -798.211   -1146.696              35              35
  131        -291.678      -4.188        -291.698      -4.194             131             131
  232         404.192    -825.838         404.124    -825.901             232             232
  110        -170.472     700.667        -170.421     700.650             110             110
  173        -998.942    -232.321        -999.013    -232.259             173             173
   67        1894.995     516.912        1894.985     516.790              67              67
  147        1302.137   -1844.513        1302.045   -1844.637             147             147
    0          51.597    1235.390          51.748    1235.331              -0               0
  157        -851.678     217.784        -851.649     217.844             157             157
  202         828.555    -135.766         828.552    -135.847             202             202
  247        -325.301    1021.825        -325.203    1021.849             247             247
  204         663.017    -557.320         663.009    -557.371             204             204
  128       -1215.449     773.965       -1215.373     774.040             128             128
   68          56.983     594.416          56.992     594.430              68              68
  111        1563.552     282.017        1563.595     281.931             111             111
  198         289.604      60.757         289.708      60.771             198             198
  174       -2003.636    -400.671       -2003.621    -400.492             174             174
  180         -65.240    -294.447         -65.255    -294.439             180             180
  226       -2291.025    -230.775       -2291.085    -230.615             226             226
  138         462.111    1020.514         462.096    1020.484             138             138
  111         826.431     257.085         826.410     257.078             111             111
  156         938.277   -1015.687         938.205   -1015.726             156             156
   22         315.095    -870.884         315.075    -870.933              22              22
  104       -1420.000      -0.067       -1420.000       0.000             104             104
   52         315.052     870.986         315.073     870.934              52              52
  209         938.126    1015.769         938.203    1015.728             209             209
    5         826.387    -257.068         826.409    -257.076               5               5
  142         462.083   -1020.451         462.098   -1020.483             142             142
   68       -2291.150     230.432       -2291.085     230.609              68              68
    3         -65.271     294.431         -65.255     294.439               3               3
   50       -2003.604     400.285       -2003.621     400.487              50              50
  103         289.827     -60.787         289.708     -60.771             103             103
  134        1563.647    -281.825        1563.597    -281.927             134             134
   26          57.005    -594.446          56.993    -594.430              26              26
  214       -1215.282    -774.134       -1215.372    -774.043             214             214
   52         662.999     557.433         663.008     557.371              52              52
   93        -325.081   -1021.877        -325.201   -1021.849              93              93
  105         828.549     135.951         828.552     135.849             105             105
   52        -851.612    -217.920        -851.648    -217.844              52              52
  251          51.943   -1235.255          51.749   -1235.331             251             251
   52        1301.919    1844.805        1302.042    1844.641              52              52
   44        1894.972    -516.621        1894.985    -516.786              44              44
  199        -999.108     232.173        -999.012     232.257             199             199
  181        -170.352    -700.626        -170.421    -700.650             181             181
  112         404.028     825.990         404.123     825.902             112             112
   54        -291.727       4.203        -291.699       4.194              54              54
  123        -798.303    1146.639        -798.212    1146.694             123             123
   31         221.299     317.622         221.277     317.605              31              31
  235         970.364     487.356         970.406     487.244             235             235
   94          55.810    1565.910          55.988    1565.939              94              94
  169         408.395     429.690         408.461     429.738             169             169
   90         357.046      -1.697         357.102      -1.651              90              90
  250        -611.845    -336.455        -611.820    -336.328             250             250
  192       -1248.660    -646.322       -1248.740    -646.160             192             192
  194        -215.680    -696.003        -215.817    -695.996             194             194
   46         455.051     363.982         455.048     363.924              46              46
  146        -309.061    -538.246        -309.169    -538.216             146             146
  199        1431.077    -779.542        1430.968    -779.768             199             199
  189         418.217     956.499         418.349     956.364             189             189
  214         676.629    1234.143         676.809    1234.046             214             214
  203          36.515    1081.615          36.690    1081.641             203             203
  239         468.545     617.004         468.686     617.005             239             239
   61        -271.887     976.158        -271.677     976.277              61              61
   81       -1114.978    -640.887       -1114.982    -640.684              81              81
    9        -545.365    -152.175        -545.339    -152.093               9               9
   19       -1961.155     164.019       -1961.164     164.255              19              19
  134         398.097     -43.062         398.043     -43.092             134             134
  103        -574.419     451.310        -574.359     451.395             103             103
  125       -1263.246      -6.778       -1263.284      -6.611             125             125
  186        -946.960     318.741        -947.042     318.867             186             186
   99         514.175     -10.138         514.054     -10.194              99              99
  177         859.584    1668.024         859.729    1667.992             177             177
  230         624.968    -559.472         624.941    -559.432             230             230
   43       -1579.021    -572.953       -1579.111    -572.739              43              43
  102         688.638     262.491         688.596     262.430             102             102
   87         308.378    -472.061         308.321    -472.103              87              87
   97        -144.458     995.836        -144.321     995.845              97              97
  226       -1139.342     821.974       -1139.276     822.162             226             226
  118        -261.403    1051.895        -261.365    1052.039             118             118
   77         -77.781     514.145         -77.802     514.346              77              77
   64         108.565   -1701.980         108.291   -1701.858              64              64
   31        -550.247    -382.814        -550.397    -382.687              31              31
  167         454.659   -1530.794         454.328   -1530.848             167             167
   59        1375.183     440.805        1375.139     440.600              59              59
  224        1410.849     657.818        1410.921     657.690             224             224
  105         809.177     263.605         809.258     263.608             105             105
  106          85.203    -184.983          85.230    -184.861             106             106
  114        -327.846   -1226.138        -328.000   -1226.000             114             114
   49          75.098    -813.029          74.943    -812.989              49              49
   39        1578.627   -1309.580        1578.481   -1309.772              39              39
   72        -242.196    -668.326        -242.206    -668.328              72              72
  252         -51.067    -755.199         -51.121    -755.247             252             252
   23        -728.847     -25.842        -728.847     -25.805              23              23
  134        -191.809    -176.278        -191.883    -176.291             134             134
   78         742.398    -232.177         742.363    -232.336              78              78
   33        -792.010    1115.123        -791.880    1115.214              33              33
  154         898.258     134.065         898.265     134.014             154             154
  212        -822.476    -372.326        -822.521    -372.153             212             212
  137        -725.290   -1373.333        -725.597   -1373.257             137             137
   23        2240.530     -13.007        2240.467     -13.391              23              23
  142         807.254     501.680         807.424     501.525             142             142
  236        -399.389     592.277        -399.209     592.341             236             236
  201        -670.751      46.349        -670.703      46.477             201             201
  117        -873.073    -242.927        -873.142    -242.793             117             117
   23         668.016     220.282         668.028     220.212              23              23
   48        -553.742    -622.808        -553.812    -622.738              48              48
  204         202.289     700.233         202.411     700.205             204             204
  121       -1324.195    -119.807       -1324.208    -119.577             121             121
   18        -799.441    -413.514        -799.590    -413.387              18              18
   67         118.568    -262.379         118.450    -262.418              67              67
  198        -768.314     834.550        -768.288     834.690             198             198
   83         -84.544    -687.622         -84.781    -687.538              83              83
   99         324.201   -1066.547         323.905   -1066.615              99              99
  109        1457.594      75.009        1457.539      74.760             109             109
  142         433.356    -939.321         433.239    -939.458             142             142
   67         115.102     658.114         115.204     658.010              67              67
  215          11.583    -367.701          11.525    -367.792             215             215
  249         110.514    1619.060         110.742    1618.997             249             249
  182           7.673     389.865           7.744     389.922             182             182
    9       -1026.965    -180.263       -1027.048    -180.077               9               9
   33        1009.024    -731.644        1008.872    -731.856              33              33
  255        -445.806    1682.616        -445.543    1682.668             255             255
    6        -273.453    -796.943        -273.586    -796.881               6               6
   56        -518.386     444.707        -518.346     444.728              56              56
  134        -785.607     793.128        -785.553     793.245             134             134
   84        -950.522    -200.869        -950.698    -200.753              84              84
   89         349.771    1693.185         349.864    1693.148              89              89
   32         271.298     221.249         271.229     221.314              32              32
   41        -117.188    -433.828        -117.358    -433.784              41              41
  226         385.768     959.981         385.818     959.948             226             226
   56          72.892     188.529          72.856     188.601              56              56
  184        -415.699    -339.635        -415.847    -339.546             184             184
  207         231.665    1031.938         231.724    1031.951             207             207
    2        -528.687      55.810        -528.779      56.017               2               2
   45        -785.639   -1119.700        -786.013   -1119.543              45              45
  230         613.883      42.032         613.663      41.885             230             230
   50         590.767     555.150         590.685     555.043              50              50
  250         441.275      48.751         441.126      48.657             250             250
   96         935.041    1665.277         935.195    1665.175              96              96
   69        -548.711     258.430        -548.815     258.657              69              69
   61        1090.546      24.765        1090.392      24.717              61              61
   38         -35.251    -847.137         -35.497    -847.093              38              38
  153        -665.883     952.507        -665.954     952.652             153             153
  160         919.530    -253.278         919.232    -253.338             160             160
  148         232.088     179.133         231.887     179.169             148             148
   40          77.716    -670.226          77.293    -670.213              40              40
  228        1781.942    1116.751        1781.859    1116.529             228             228
  107        -914.519   -1235.618        -915.034   -1235.414             107             107
   33          70.692     528.082          70.228     528.043              33              33
  154          98.264     523.882          97.540     523.898             154             154
  117        -342.809     999.775        -344.320     999.949             117             117
