SINAL     NFT                         FFT                         NFT INVERSA     FFT INVERSA
-----     -----------------------     -----------------------     -----------     -----------
  234       31259.000       0.000       31259.000       0.000             234             234
  204        -253.105     333.732        -253.099     333.733             204             204
   51          -3.505    -215.095          -3.499    -215.094              51              51
  128         906.861      99.754         906.869      99.755             128             128
  204        -335.386   -1568.968        -335.382   -1568.966             204             204
  175       -1057.860     602.520       -1057.853     602.524             175             175
   63         490.342   -1216.348         490.344   -1216.348              63              63
   86        -727.994     313.565        -727.986     313.568              86              86
  125         841.186    -461.999         841.190    -462.003             125             125
  118       -1452.097     575.840       -1452.086     575.848             118             118
  173       -1552.613     944.100       -1552.609     944.115             173             173
   29        1227.126    -170.740        1227.123    -170.737              29              29
  233        1443.834   -1788.395        1443.826   -1788.398             233             233
   66          20.073   -1302.645          20.072   -1302.646              66              66
  166        -902.987     685.356        -902.979     685.365             166             166
  148        1224.121   -1120.305        1224.113   -1120.311             148             148
   97         715.731    -408.685         715.736    -408.691              97              97
  155        -970.896    -587.806        -970.897    -587.794             155             155
  122         558.286   -1121.365         558.273   -1121.374             122             122
   82         349.368     335.375         349.375     335.366              82              82
  238         429.508     509.195         429.516     509.192             238             238
  238         542.046      76.662         542.052      76.664             238             238
  231        -160.887    -941.264        -160.897    -941.252             231             231
   48         397.752   -1593.377         397.727   -1593.383              48              48
   52        1036.701    -480.547        1036.695    -480.571              52              52
  226         587.908    -608.598         587.901    -608.618             226             226
  120        1019.887     173.811        1019.893     173.782             120             120
  202        1674.274     853.180        1674.299     853.151             202             202
   37        1121.682    -614.873        1121.693    -614.894              37              37
  168         353.490    -325.046         353.507    -325.067             168             168
   39         437.198    1060.023         437.243    1059.999              39              39
   16        -699.468    1878.296        -699.411    1878.313              16              16
  116         -72.954    -135.973         -72.940    -135.961             116             116
   91        -719.975     874.158        -719.942     874.184              91              91
  144       -1354.014    -827.576       -1354.037    -827.540             144             144
   65        1229.184     391.638        1229.188     391.606              65              65
   10         647.825     987.948         647.863     987.937              10              10
  208        -710.138     950.166        -710.103     950.201             208             208
  151        -217.281    -364.009        -217.291    -363.984             151             151
  135         816.243     256.104         816.256     256.100             135             135
   71         142.000    -488.910         142.006    -488.894              71              71
   69        -594.570   -1207.677        -594.585   -1207.659              69              69
  165       -1249.921     341.455       -1249.917     341.488             165             165
   49         312.083   -1189.499         312.034   -1189.511              49              49
  135         579.848       8.280         579.843       8.242             135             135
   75        -121.862     975.784        -121.841     975.776              75              75
  198         651.378     776.610         651.389     776.594             198             198
  233        1505.738      55.222        1505.745      55.177             233             233
  230          50.630    1395.946          50.682    1395.950             230             230
   64        1363.437     398.516        1363.459     398.493              64              64
   59        1165.568     117.112        1165.607     117.087              59              59
  213        -102.604    1078.345        -102.522    1078.367             213             213
   47       -1888.816    -117.986       -1888.804    -117.901              47              47
   35        -142.693    1155.314        -142.670    1155.350              35              35
    6        1015.367    -793.946        1015.344    -793.942               6               6
  100        -600.164    -802.678        -600.186    -802.648             100             100
    5         837.605     606.034         837.630     606.013               5               5
  127        -131.907    -609.920        -131.914    -609.910             127             127
   46        -330.036    1219.111        -329.989    1219.126              46              46
   42        -182.028    1323.859        -181.995    1323.905              42              42
   39        1348.851     496.670        1348.865     496.685              39              39
   86         562.931   -1466.605         562.894   -1466.577              86              86
   58         153.321    -194.525         153.333    -194.498              58              58
  156        -218.833   -1086.428        -218.870   -1086.387             156             156
  177         938.049   -1490.964         938.000   -1491.000             177             177
  203        -546.211      74.058        -546.195      74.076             203             203
  221         855.531    -183.577         855.534    -183.602             221             221
  187        -805.637    -827.285        -805.669    -827.249             187             187
  156        1063.350    -241.279        1063.331    -241.345             156             156
  117        1072.780    1217.765        1072.860    1217.720             117             117
   66          19.603     367.105          19.654     367.141              66              66
  227        -345.535    -629.747        -345.551    -629.701             227             227
  187        1310.121    -636.982        1310.119    -637.038             187             187
  231        -590.562     362.235        -590.504     362.265             231             231
   21         107.760     542.806         107.816     542.826              21              21
   66        -672.421     168.441        -672.389     168.521              66              66
   51          -7.810   -1120.892          -7.846   -1120.854              51              51
  219        -940.931    -860.191        -940.963    -860.138             219             219
   44        -208.628     -38.448        -208.635     -38.430              44              44
   26        -661.041    -888.964        -661.107    -888.932              26              26
   28        1090.412     786.507        1090.440     786.460              28              28
  103         125.164    -904.949         125.129    -904.936             103             103
  239         236.301    -306.859         236.297    -306.875             239             239
   75        -103.525     297.921        -103.497     297.937              75              75
  139        -436.201    -654.380        -436.251    -654.347             139             139
  245        1658.517    -100.476        1658.520    -100.575             245             245
  176         -14.377     590.143         -14.302     590.151             176             176
  145         156.475     177.660         156.529     177.679             145             145
  116       -1419.317     296.001       -1419.289     296.127             116             116
  222         321.866   -1005.683         321.795   -1005.662             222             222
  188         185.127    -824.763         185.084    -824.771             188             188
  156         771.146     505.104         771.212     505.082             156             156
   53       -1762.183   -1752.591       -1762.275   -1752.475              53              53
  246         234.924     -60.684         234.888     -60.715             246             246
   57         903.939    -788.977         903.898    -789.050              57              57
  230        -287.655    -189.225        -287.647    -189.254             230             230
  194         332.817    1676.061         332.939    1676.039             194             194
   23        -144.047    -527.838        -144.048    -527.798              23              23
  161        -906.495    -204.746        -906.495    -204.694             161             161
   95        -190.888    1093.051        -190.813    1093.091              95              95
  140       -1893.343   -1694.993       -1893.496   -1694.864             140             140
  228        1177.238    1086.944        1177.249    1086.847             228             228
   67         -72.577     113.554         -72.597     113.569              67              67
   71         932.499    1384.863         932.571    1384.845              71              71
  204           2.734    -186.253           2.707    -186.169             204             204
   88         995.158    -936.210         995.081    -936.217              88              88
  138        1113.151    -982.234        1113.118    -982.280             138             138
    0        -370.570    -889.056        -370.595    -889.019              -0              -0
   51        -103.423   -1541.539        -103.528   -1541.568              51              51
  182         443.866     883.460         443.934     883.397             182             182
   26         -54.709    -564.046         -54.743    -564.043              26              26
   79         464.889      18.918         464.891      18.867              79              79
   30         759.087     381.867         759.142     381.818              30              30
   10         414.757    -527.917         414.778    -527.936              10              10
  155       -1279.030    -587.579       -1279.055    -587.509             155             155
  169         738.296     510.070         738.324     509.991             169             169
    0        1156.939     297.964        1157.029     297.885              -0               0
   75       -1193.855    -168.316       -1193.792    -168.219              75              75
   58        -853.856     -64.695        -853.836     -64.630              58              58
  117       -1122.208    -403.965       -1122.246    -403.901             117             117
   42        -783.061     652.289        -783.060     652.326              42              42
  246         456.036     162.509         456.005     162.461             246             246
   17         409.897    1389.420         410.009    1389.407              17              17
   95        -827.072     679.560        -827.024     679.715              95              95
  237        -804.128   -2137.233        -804.378   -2137.144             237             237
   74        2174.299     813.717        2174.332     813.508              74              74
   70        -546.049    1007.356        -545.956    1007.454              70              70
  176        1045.415   -1583.368        1045.294   -1583.422             176             176
   97        -807.000      -0.025        -807.000       0.000              97              97
  232        1045.165    1583.482        1045.290    1583.425             232             232
   15        -545.857   -1007.558        -545.954   -1007.456              15              15
  238        2174.370    -813.284        2174.334    -813.504             238             238
  204        -804.650    2137.050        -804.382    2137.145             204             204
   83        -826.971    -679.888        -827.023    -679.719              83              83
   54         410.136   -1389.390         410.011   -1389.406              54              54
  153         455.971    -162.405         456.005    -162.459             153             153
  171        -783.059    -652.372        -783.060    -652.328             171             171
  193       -1122.292     403.825       -1122.248     403.899             193             193
  153        -853.812      64.554        -853.836      64.630             153             153
  223       -1193.718     168.100       -1193.792     168.216             223             223
  119        1157.137    -297.785        1157.029    -297.881             119             119
  179         738.360    -509.893         738.325    -509.990             179             179
   46       -1279.086     587.421       -1279.055     587.508              46              46
  150         414.804     527.961         414.777     527.937             150             150
  189         759.212    -381.755         759.142    -381.818             189             189
  202         464.894     -18.799         464.891     -18.866             202             202
   64         -54.789     564.040         -54.743     564.043              64              64
  190         444.028    -883.312         443.936    -883.397             190             190
   21        -103.674    1541.609        -103.530    1541.569              21              21
  123        -370.632     888.965        -370.597     889.017             123             123
   51        1113.068     982.347        1113.116     982.282              51              51
   64         994.969     936.228         995.079     936.219              64              64
  114           2.669     186.045           2.708     186.169             114             114
   68         932.682   -1384.818         932.574   -1384.844              68              68
  160         -72.627    -113.592         -72.596    -113.569             160             160
   96        1177.269   -1086.697        1177.252   -1086.845              96              96
  143       -1893.740    1694.659       -1893.500    1694.862             143             143
  230        -190.693   -1093.156        -190.812   -1093.092             230             230
   16        -906.494     204.608        -906.494     204.692              16              16
  241        -144.049     527.735        -144.050     527.799             241             241
  206         333.145   -1676.004         332.940   -1676.039             206             206
   32        -287.634     189.303        -287.647     189.254              32              32
  224         903.824     789.181         903.896     789.052             224             224
  155         234.824      60.771         234.888      60.716             155             155
  115       -1762.442    1752.261       -1762.276    1752.471             115             115
   22         771.335    -505.040         771.214    -505.081              22              22
   52         185.001     824.785         185.082     824.770              52              52
   31         321.658    1005.624         321.793    1005.662              31              31
  215       -1419.232    -296.370       -1419.287    -296.129             215             215
  206         156.632    -177.713         156.528    -177.678             206             206
  254         -14.151    -590.166         -14.300    -590.150             254             254
   79        1658.523     100.779        1658.519     100.578              79              79
  129        -436.355     654.278        -436.252     654.346             129             129
   45        -103.440    -297.969        -103.497    -297.937              45              45
  230         236.288     306.909         236.297     306.875             230             230
   63         125.052     904.906         125.126     904.936              63              63
  247        1090.503    -786.356        1090.441    -786.460             247             247
   38        -661.261     888.857        -661.110     888.930              38              38
  254        -208.653      38.387        -208.636      38.429             254             254
   13        -941.041     860.009        -940.965     860.135              13              13
  162          -7.932    1120.761          -7.846    1120.853             162             162
   49        -672.311    -168.720        -672.388    -168.524              49              49
   77         107.953    -542.878         107.816    -542.827              77              77
   20        -590.357    -362.344        -590.503    -362.267              20              20
  117        1310.114     637.181        1310.119     637.039             117             117
  238        -345.595     629.578        -345.553     629.700             238             238
  116          19.793    -367.237          19.656    -367.141             116             116
    5        1073.080   -1217.595        1072.862   -1217.718               5               5
  212        1063.281     241.527        1063.332     241.346             212             212
  133        -805.764     827.146        -805.671     827.246             133             133
  246         855.544     183.676         855.534     183.604             246             246
  162        -546.150     -74.130        -546.195     -74.078             162             162
  166         937.853    1491.108         938.000    1491.000             166             166
  215        -218.990    1086.255        -218.872    1086.385             215             215
   61         153.369     194.413         153.333     194.498              61              61
   26         562.767    1466.487         562.890    1466.578              26              26
  237        1348.916    -496.731        1348.866    -496.684             237             237
  114        -181.873   -1324.058        -181.991   -1323.906             114             114
   57        -329.824   -1219.180        -329.987   -1219.127              57              57
  197        -131.942     609.877        -131.915     609.910             197             197
   64         837.726    -605.934         837.632    -606.012              64              64
   56        -600.269     802.537        -600.187     802.647              56              56
   20        1015.252     793.936        1015.342     793.945              20              20
  194        -142.575   -1155.494        -142.667   -1155.352             194             194
  101       -1888.758     117.558       -1888.805     117.897             101             101
  251        -102.184   -1078.459        -102.518   -1078.368             251             251
    2        1165.771    -116.978        1165.607    -117.085               2               2
   93        1363.555    -398.393        1363.460    -398.491              93              93
   33          50.910   -1395.970          50.683   -1395.950              33              33
    0        1505.773     -54.968        1505.745     -55.174              -0               0
  106         651.437    -776.519         651.389    -776.594             106             106
  195        -121.737    -975.736        -121.839    -975.776             195             195
   49         579.821      -8.057         579.844      -8.241              49              49
  184         311.787    1189.576         312.033    1189.512             184             184
  216       -1249.898    -341.667       -1249.918    -341.491             216             216
  167        -594.676    1207.557        -594.589    1207.656             167             167
  166         142.035     488.808         142.005     488.895             166             166
   76         816.325    -256.081         816.256    -256.100              76              76
  173        -217.346     363.839        -217.292     363.984             173             173
  123        -709.889    -950.415        -710.101    -950.203             123             123
  210         648.106    -987.865         647.865    -987.935             210             210
  164        1229.211    -391.395        1229.189    -391.604             164             164
   29       -1354.186     827.300       -1354.038     827.537              29              29
  120        -719.713    -874.361        -719.940    -874.186             120             120
  123         -72.843     135.875         -72.939     135.961             123             123
   91        -698.973   -1878.449        -699.407   -1878.314              91              91
  146         437.595   -1059.819         437.245   -1059.999             146             146
  105         353.647     325.236         353.508     325.068             105             105
  206        1121.778     615.079        1121.692     614.897             206             206
  204        1674.518    -852.870        1674.301    -853.146             204             204
   46        1019.938    -173.515        1019.893    -173.780              46              46
   15         587.833     608.808         587.900     608.620              15              15
    4        1036.627     480.812        1036.694     480.573               4               4
   67         397.457    1593.460         397.723    1593.384              67              67
  210        -161.016     941.130        -160.899     941.252             210             210
  106         542.118     -76.684         542.051     -76.663             106             106
   62         429.628    -509.157         429.517    -509.192              62              62
  212         349.457    -335.250         349.375    -335.365             212             212
  199         558.095    1121.504         558.271    1121.375             199             199
   96        -970.922     587.613        -970.899     587.791              96              96
  213         715.807     408.783         715.735     408.692             213             213
   50        1223.950    1120.431        1224.110    1120.313              50              50
   36        -902.835    -685.539        -902.979    -685.367              36              36
    7          20.028    1302.667          20.069    1302.646               7               7
  235        1443.645    1788.483        1443.823    1788.400             235             235
  252        1227.028     170.698        1227.122     170.740             252             252
  175       -1552.486    -944.513       -1552.607    -944.118             175             175
  146       -1451.789    -576.112       -1452.085    -575.852             146             146
   73         841.334     462.110         841.190     462.003              73              73
   93        -727.729    -313.707        -727.986    -313.570              93              93
   13         490.386    1216.368         490.342    1216.350              13              13
   27       -1057.445    -602.757       -1057.851    -602.526              27              27
    1        -335.145    1568.829        -335.385    1568.965               1               1
   43         907.462     -99.767         906.868     -99.754              43              43
  147          -2.751     214.955          -3.498     215.093             147             147
  125        -251.398    -333.896        -253.098    -333.733             125             125
