SINAL     NFT                         FFT                         NFT INVERSA     FFT INVERSA
-----     -----------------------     -----------------------     -----------     -----------
  106       30998.000       0.000       30998.000       0.000             106             106
  171         270.927     744.793         270.934     744.793             171             171
   79         -51.792    1405.311         -51.783    1405.312              79              79
  168        -206.716     267.150        -206.708     267.151             168             168
  149       -1602.001   -1227.542       -1601.996   -1227.538             149             149
   49       -1469.414     940.552       -1469.408     940.555              49              49
   69         325.624    -353.908         325.625    -353.908              69              69
    4         248.289     443.084         248.294     443.083               4               4
   61         142.528     118.104         142.533     118.106              61              61
  181         259.880   -1355.247         259.876   -1355.250             181             181
  128         112.917    1377.124         112.926    1377.121             128             128
   89        2267.680     197.759        2267.686     197.745              89              89
   57         945.983    1269.898         946.005    1269.896              57              57
  128        -173.284   -1559.352        -173.284   -1559.350             128             128
   45         578.988    1960.715         579.016    1960.712              45              45
   28        -391.475    -360.435        -391.464    -360.422              28              28
  210       -1244.651   -1079.952       -1244.653   -1079.937             210             210
    2       -1107.725    -135.491       -1107.726    -135.483               2               2
  201         260.446    1858.797         260.464    1858.801             201             201
  101         120.584    -887.017         120.573    -887.005             101             101
  227         832.179   -1119.348         832.167   -1119.354             227             227
  161         385.438    -658.259         385.433    -658.267             161             161
  110        1153.544    -289.480        1153.549    -289.503             110             110
   48         342.190     817.266         342.219     817.258              48              48
  204        -726.133     300.571        -726.116     300.585             204             204
  141        -779.263     691.486        -779.253     691.507             141             141
  202        1030.923    -601.285        1030.913    -601.294             202             202
  139        -143.322     556.668        -143.310     556.679             139             139
  237        1723.841    -535.389        1723.841    -535.405             237             237
  154         165.280    -947.545         165.283    -947.541             154             154
    0         387.874    -988.194         387.875    -988.205               0              -0
   87         289.493     121.886         289.523     121.873              87              87
   69       -1919.651     125.289       -1919.634     125.331              69              69
   79        -121.232    -808.854        -121.253    -808.854              79              79
    0        1436.924     381.059        1436.949     381.023               0               0
  218       -1006.528     -93.912       -1006.502     -93.890             218             218
  129       -1574.748     -26.002       -1574.743     -25.964             129             129
   70       -1001.976    -402.691       -1002.003    -402.670              70              70
  223        1544.107     276.327        1544.103     276.286             223             223
  190        1348.795     617.657        1348.839     617.634             190             190
  251       -1896.305   -1284.320       -1896.316   -1284.269             251             251
   95         -47.852     379.240         -47.840     379.236              95              95
   24       -1015.058    -573.041       -1015.076    -573.018              24              24
   53         415.901     -38.785         415.897     -38.808              53              53
  224        -957.387     372.433        -957.384     372.455             224             224
   69         758.020    -742.034         757.985    -742.069              69              69
   81         767.925     815.905         767.949     815.864              81              81
  178        1017.415     520.794        1017.451     520.754             178             178
   72        -521.807     719.138        -521.760     719.142              72              72
   27        -128.631    2401.964        -128.539    2401.986              27              27
   24       -1180.826    -414.671       -1180.836    -414.600              24              24
   43        -417.077      78.799        -417.093      78.825              43              43
  189        1503.738     454.190        1503.753     454.158             189             189
  134        -347.590     -98.810        -347.575     -98.777             134             134
   92        -315.380    -423.478        -315.389    -423.455              92              92
  138        -104.693     599.258        -104.670     599.280             138             138
   19        -284.331   -1459.047        -284.384   -1459.029              19              19
   38        -109.974     302.941        -109.973     302.932              38              38
   21         635.964    1011.251         635.996    1011.243              21              21
    0         365.059    -841.643         365.036    -841.639              -0               0
  193         491.736     320.582         491.768     320.574             193             193
   22        -916.152   -1223.965        -916.189   -1223.938              22              22
   88        -108.918    1862.769        -108.862    1862.777              88              88
    6         989.221    -569.530         989.196    -569.540               6               6
  101          59.993      33.986          60.000      34.000             101             101
   88        1602.524      -1.908        1602.552      -1.948              88              88
  225        -743.054   -1150.686        -743.063   -1150.636             225             225
  231         172.022   -1304.029         172.000   -1304.059             231             231
  159       -2103.042     999.665       -2102.992     999.742             159             159
  193         152.172    -586.335         152.117    -586.341             193             193
  166         709.971      -4.330         709.969      -4.377             166             166
  154        -621.180     237.023        -621.175     237.039             154             154
   32         975.499     314.130         975.505     314.076              32              32
  190        1030.211     709.028        1030.274     708.981             190             190
  208        -484.276     178.700        -484.233     178.732             208             208
    1        -293.955     349.832        -293.925     349.849               1               1
    4         428.157     987.428         428.230     987.428               4               4
   33        -642.122     -70.158        -642.092     -70.098              33              33
  179       -1520.630     714.339       -1520.604     714.448             179             179
   76         293.697    -780.352         293.629    -780.343              76              76
   61         319.708    1213.719         319.764    1213.735              61              61
  203        -164.681    -517.008        -164.721    -516.939             203             203
  120        1301.130   -1443.336        1301.058   -1443.387             120             120
  251         138.896     105.465         138.935     105.452             251             251
   81         388.340     456.620         388.410     456.623              81              81
  213       -1588.496    -529.215       -1588.504    -529.094             213             213
  133        -458.822    -393.626        -458.873    -393.575             133             133
  101         800.206    -713.409         800.153    -713.435             101             101
  252         162.893    -830.368         162.849    -830.374             252             252
  154        1285.420    -779.579        1285.410    -779.675             154             154
  102        -465.655     498.536        -465.565     498.550             102             102
  189       -1323.739    -730.536       -1323.764    -730.474             189             189
  177        -198.986     892.339        -198.946     892.334             177             177
  190         353.972     760.994         354.029     761.001             190             190
  196        -873.213    -136.448        -873.217    -136.351             196             196
   22         289.123    -899.743         289.063    -899.741              22              22
   23        -440.345    -218.691        -440.366    -218.669              23              23
  165         994.308    -206.021         994.300    -206.103             165             165
  254         330.752    2023.723         330.930    2023.739             254             254
  182        -462.716    -649.290        -462.697    -649.172             182             182
  102       -1931.532   -1144.090       -1931.599   -1143.918             102             102
  164          60.595    -686.887          60.528    -686.859             164             164
   81        -525.647   -1511.883        -525.758   -1511.837              81              81
  135         259.411   -1373.332         259.318   -1373.386             135             135
   98        -528.921     382.829        -528.883     382.843              98              98
   33        -845.522   -1772.955        -845.654   -1772.934              33              33
  136        -531.617     423.629        -531.623     423.595             136             136
  103        -194.868    1060.554        -194.839    1060.561             103             103
   67         179.695    -354.784         179.632    -354.771              67              67
   60         137.161   -1202.973         137.044   -1203.002              60              60
  179         276.283    -174.174         276.235    -174.254             179             179
  128        1134.796    1099.027        1134.869    1098.931             128             128
    8          86.724   -1297.302          86.650   -1297.343               8               8
   44         155.484    1590.599         155.614    1590.538              44              44
  124        -554.558    1131.477        -554.487    1131.549             124             124
   90         729.221     146.164         729.211     146.168              90              90
    1         694.647    -649.849         694.612    -649.868               1               1
    1         883.913    -100.626         883.966    -100.672               1               1
  191       -1185.933    -724.879       -1185.940    -724.773             191             191
  254        -459.223    -764.733        -459.289    -764.710             254             254
  156         250.884    -848.356         250.817    -848.425             156             156
   37          50.867     252.405          50.913     252.338              37              37
  187        -955.115     608.042        -955.059     608.079             187             187
   77        -345.368     805.447        -345.333     805.477              77              77
  228          91.293    -344.617          91.242    -344.623             228             228
  128        -111.857     339.099        -111.851     339.083             128             128
  100         308.736     900.984         308.792     900.958             100             100
  251         174.427     869.923         174.492     869.957             251             251
   37         226.000      -0.056         226.000       0.000              37              37
   98         174.562    -869.992         174.494    -869.957              98              98
  177         308.852    -900.932         308.793    -900.959             177             177
  140        -111.844    -339.066        -111.850    -339.083             140             140
    7          91.187     344.632          91.242     344.624               7               7
    2        -345.291    -805.509        -345.331    -805.477               2               2
   20        -954.997    -608.122        -955.059    -608.081              20              20
  106          50.967    -252.261          50.915    -252.337             106             106
   35         250.741     848.505         250.816     848.426              35              35
  156        -459.368     764.681        -459.291     764.709             156             156
  209       -1185.949     724.645       -1185.941     724.770             209             209
  102         884.030     100.728         883.967     100.674             102             102
  217         694.568     649.890         694.611     649.868             217             217
  133         729.199    -146.170         729.211    -146.166             133             133
  231        -554.395   -1131.639        -554.484   -1131.550             231             231
  226         155.782   -1590.461         155.617   -1590.538             226             226
  177          86.552    1297.397          86.648    1297.343             177             177
   99        1134.969   -1098.799        1134.872   -1098.927              99              99
   60         276.171     174.360         276.235     174.254              60              60
  179         136.883    1203.042         137.041    1203.003             179             179
  101         179.544     354.754         179.630     354.771             101             101
  252        -194.796   -1060.570        -194.837   -1060.560             252             252
  177        -531.631    -423.548        -531.622    -423.596             177             177
    2        -845.848    1772.902        -845.658    1772.933               2               2
   34        -528.828    -382.864        -528.883    -382.843              34              34
  109         259.177    1373.468         259.315    1373.387             109             109
   80        -525.929    1511.763        -525.760    1511.835              80              80
    6          60.422     686.816          60.526     686.859               6               6
  237       -1931.705    1143.645       -1931.601    1143.914             237             237
  181        -462.669     648.985        -462.699     649.172             181             181
    2         331.220   -2023.764         330.934   -2023.738               2               2
   19         994.287     206.239         994.300     206.105              19              19
   24        -440.402     218.632        -440.366     218.669              24              24
  179         288.957     899.741         289.061     899.742             179             179
  159        -873.224     136.179        -873.217     136.348             159             159
   31         354.130    -761.011         354.030    -760.999              31              31
  182        -198.871    -892.324        -198.944    -892.334             182             182
  179       -1323.812     730.358       -1323.766     730.472             179             179
  137        -465.396    -498.576        -465.563    -498.550             137             137
  217        1285.390     779.859        1285.408     779.678             217             217
   80         162.764     830.389         162.848     830.375              80              80
   91         800.046     713.487         800.151     713.436              91              91
   64        -458.973     393.474        -458.872     393.574              64              64
   42       -1588.520     528.846       -1588.505     529.090              42              42
  224         388.555    -456.631         388.411    -456.623             224             224
   40         139.015    -105.427         138.935    -105.452              40              40
   12        1300.904    1443.499        1301.056    1443.390              12              12
  145        -164.808     516.789        -164.722     516.938             145             145
  140         319.889   -1213.769         319.765   -1213.734             140             140
   73         293.474     780.324         293.628     780.343              73              73
   69       -1520.539    -714.704       -1520.602    -714.452              69              69
  242        -642.024      69.959        -642.092      70.097             242             242
   69         428.403    -987.425         428.231    -987.428              69              69
  247        -293.851    -349.891        -293.923    -349.850             247             247
  244        -484.125    -178.810        -484.233    -178.732             244             244
  103        1030.434    -708.863        1030.276    -708.979             103             103
  100         975.518    -313.934         975.504    -314.074             100             100
   69        -621.159    -237.083        -621.174    -237.041              69              69
  110         709.966       4.504         709.970       4.378             110             110
   82         151.966     586.359         152.115     586.342              82              82
  251       -2102.853    -999.959       -2102.990    -999.745             251             251
  112         171.936    1304.142         171.997    1304.059             112             112
  101        -743.088    1150.490        -743.064    1150.634             101             101
   19        1602.634       2.068        1602.551       1.950              19              19
   36          60.020     -34.041          60.000     -34.000              36              36
    5         989.116     569.576         989.195     569.542               5               5
   51        -108.670   -1862.801        -108.857   -1862.777              51              51
  218        -916.317    1223.846        -916.193    1223.936             218             218
  185         491.874    -320.542         491.769    -320.572             185             185
  188         364.952     841.629         365.033     841.639             188             188
  179         636.115   -1011.212         635.999   -1011.241             179             179
   10        -109.967    -302.902        -109.973    -302.933              10              10
   24        -284.581    1458.960        -284.387    1459.028              24              24
  244        -104.580    -599.367        -104.668    -599.282             244             244
   52        -315.420     423.371        -315.389     423.455              52              52
  248        -347.512      98.645        -347.574      98.775             248             248
   28        1503.818    -454.027        1503.755    -454.155              28              28
   64        -417.161     -78.937        -417.094     -78.827              64              64
  138       -1180.874     414.305       -1180.835     414.598             138             138
  169        -128.139   -2402.077        -128.534   -2401.986             169             169
  137        -521.557    -719.159        -521.760    -719.142             137             137
  207        1017.615    -520.567        1017.452    -520.751             207             207
  155         768.070    -815.668         767.952    -815.862             155             155
  207         757.816     742.237         757.984     742.071             207             207
  198        -957.369    -372.564        -957.384    -372.456             198             198
  144         415.876      38.923         415.896      38.809             144             144
   55       -1015.165     572.894       -1015.076     573.016              55              55
   43         -47.771    -379.211         -47.839    -379.236              43              43
  213       -1896.381    1283.987       -1896.319    1284.266             213             213
  165        1349.084    -617.492        1348.839    -617.631             165             165
  125        1544.089    -276.038        1544.106    -276.283             125             125
  208       -1002.164     402.543       -1002.005     402.668             208             208
   22       -1574.707      25.732       -1574.741      25.963              22              22
  227       -1006.340      93.738       -1006.502      93.887             227             227
  228        1437.110    -380.782        1436.950    -381.020             228             228
   58        -121.398     808.854        -121.255     808.854              58              58
  232       -1919.511    -125.625       -1919.634    -125.331             232             232
   23         289.742    -121.785         289.523    -121.874              23              23
   20         387.873     988.295         387.874     988.206              20              20
  162         165.296     947.514         165.280     947.542             162             162
  212        1723.834     535.552        1723.839     535.409             212             212
  200        -143.203    -556.774        -143.309    -556.680             200             200
  172        1030.827     601.379        1030.912     601.295             172             172
  236        -779.151    -691.704        -779.252    -691.509             236             236
  188        -725.948    -300.723        -726.116    -300.586             188             188
  224         342.514    -817.173         342.220    -817.257             224             224
  228        1153.602     289.754        1153.548     289.504             228             228
  217         385.380     658.359         385.433     658.268             217             217
   33         832.014    1119.437         832.165    1119.356              33              33
  110         120.425     886.851         120.571     887.005             110             110
  130         260.725   -1858.844         260.468   -1858.801             130             130
  171       -1107.745     135.367       -1107.726     135.480             171             171
   61       -1244.682    1079.700       -1244.654    1079.936              61              61
   30        -391.291     360.198        -391.464     360.421              30              30
  123         579.534   -1960.650         579.020   -1960.710             123             123
    4        -173.317    1559.292        -173.287    1559.349               4               4
  174         946.459   -1269.844         946.006   -1269.895             174             174
  178        2267.817    -197.403        2267.686    -197.741             178             178
   47         113.168   -1377.038         112.928   -1377.120              47              47
  132         259.740    1355.339         259.873    1355.250             132             132
   87         142.661    -118.151         142.532    -118.106              87              87
  173         248.492    -443.058         248.294    -443.083             173             173
   85         325.662     353.934         325.624     353.910              85              85
  110       -1469.073    -940.782       -1469.405    -940.559             110             110
  144       -1601.766    1227.260       -1601.998    1227.536             144             144
   57        -206.029    -267.313        -206.708    -267.153              57              57
  168         -50.670   -1405.348         -51.780   -1405.310             168             168
  121         272.727    -744.649         270.936    -744.793             121             121
