SINAL     NFT                         FFT                         NFT INVERSA     FFT INVERSA
-----     -----------------------     -----------------------     -----------     -----------
  126       32046.000       0.000       32046.000       0.000             126             126
    0         585.012     312.408         585.019     312.408               0               0
   10       -1744.357     -60.024       -1744.350     -60.023              10              10
  216         143.845    -399.347         143.851    -399.348             216             216
    3        -970.625     977.951        -970.616     977.952               3               3
   28        -639.310     406.494        -639.304     406.495              28              28
  127         -48.511     807.170         -48.502     807.169             127             127
   57        -888.130     908.530        -888.122     908.534              57              57
  218         287.177     453.053         287.184     453.053             218             218
  138         876.113     665.959         876.125     665.958             138             138
   88       -1673.742    -930.004       -1673.740    -929.993              88              88
  157         412.314     633.726         412.323     633.722             157             157
    6        -714.573     621.973        -714.562     621.980               6               6
   21         -41.430     444.842         -41.421     444.846              21              21
   59        -351.323    -235.596        -351.317    -235.590              59              59
  106        -487.446     424.008        -487.437     424.016             106             106
  203        -340.980     301.036        -340.970     301.046             203             203
   62        -521.023   -1008.337        -521.026   -1008.327              62              62
  240       -1115.243     300.164       -1115.233     300.177             240             240
   72       -1334.866     -17.317       -1334.866     -17.295              72              72
  183       -1314.790   -1243.371       -1314.816   -1243.353             183             183
  102         350.119     -97.061         350.105     -97.069             102             102
   85         479.962    -794.858         479.944    -794.872              85              85
  169        1030.083     500.266        1030.090     500.242             169             169
  106        -360.299     792.594        -360.286     792.597             106             106
  196         442.576      69.202         442.575      69.194             196             196
  164         223.644     902.469         223.658     902.466             164             164
   71         641.169     244.501         641.175     244.496              71              71
  106        -237.896     294.029        -237.891     294.037             106             106
  135        1240.733     498.437        1240.742     498.424             135             135
  155         352.781    -964.829         352.772    -964.836             155             155
  232         552.445    1343.537         552.476    1343.524             232             232
  136        1089.408     911.912        1089.445     911.905             136             136
  166        -227.932     113.876        -227.905     113.905             166             166
  193        -290.783    -909.818        -290.782    -909.792             193             193
  139       -1186.474   -1510.238       -1186.498   -1510.213             139             139
  194         -71.875      51.281         -71.872      51.273             194             194
   64        -313.596      90.998        -313.591      91.003              64              64
  197         547.918    -282.066         547.923    -282.085             197             197
  157       -1128.849     470.274       -1128.828     470.295             157             157
  202         169.942     700.941         169.964     700.941             202             202
   29          -8.017     213.243          -7.992     213.255              29              29
   58       -2041.824     218.212       -2041.813     218.280              58              58
  209        -154.483    -296.521        -154.500    -296.500             209             209
   50        -876.401    -529.731        -876.422    -529.697              50              50
  118        -407.301    -124.572        -407.318    -124.549             118             118
   59        -491.645   -1924.358        -491.716   -1924.353              59              59
  254        -375.574    1501.491        -375.553    1501.494             254             254
  180         516.033   -1254.415         515.975   -1254.426             180             180
   44        -156.692    -211.873        -156.716    -211.885              44              44
   71         794.411     912.156         794.426     912.132              71              71
  107         263.995   -1438.102         263.942   -1438.116             107             107
  146         751.037     571.789         751.054     571.740             146             146
  156         419.694    1203.349         419.745    1203.342             156             156
   21        -688.100    -645.534        -688.124    -645.492              21              21
  253        1042.166   -1640.888        1042.111   -1640.945             253             253
   97        -724.584     927.940        -724.542     927.932              97              97
  186        -741.387     621.290        -741.386     621.310             186             186
   68         555.963    -501.234         555.912    -501.273              68              68
  203        1603.397    1360.600        1603.440    1360.523             203             203
   65         917.168     395.653         917.209     395.619              65              65
  223        -216.331     362.083        -216.290     362.086             223             223
  180        -674.197     354.591        -674.177     354.608             180             180
  202        -167.520     621.238        -167.511     621.227             202             202
  133         802.947    1465.039         803.000    1465.000             133             133
  117        1120.932    1585.917        1121.023    1585.894             117             117
   85        -488.192     604.642        -488.129     604.703              85              85
   72       -1106.768     467.685       -1106.737     467.774              72              72
  182        -897.989    -544.888        -898.034    -544.822             182             182
   26         256.011     646.853         256.009     646.862              26              26
  229         658.147    -178.759         658.128    -178.759             229             229
  129         420.843    -446.327         420.826    -446.339             129             129
   56         112.220     966.898         112.274     966.911              56              56
   32        -213.468    -674.656        -213.498    -674.623              32              32
   82          76.930      18.257          76.930      18.258              82              82
  107        -680.208     226.508        -680.220     226.550             107             107
  151        1595.763    -511.744        1595.730    -511.827             151             151
  142        -149.841     789.073        -149.785     789.065             142             142
  106         642.235    1127.602         642.310    1127.582             106             106
   75        -427.521     864.473        -427.453     864.530              75              75
  186        -349.009     101.838        -348.993     101.893             186             186
  177        -686.391     240.322        -686.386     240.382             177             177
  183         401.956     845.520         402.001     845.532             183             183
   77       -1034.564     905.271       -1034.521     905.392              77              77
   77         263.247    -700.856         263.195    -700.804              77              77
  205        -945.845    -218.407        -945.874    -218.312             205             205
   74        -383.880    -332.738        -383.947    -332.677              74              74
  174         464.690     -86.332         464.640     -86.317             174             174
  135         543.575    -268.487         543.538    -268.467             135             135
  142        -866.656   -1102.062        -866.771   -1101.979             142             142
  122        1759.566    -265.625        1759.491    -265.705             122             122
  201        1362.238   -1175.446        1362.162   -1175.523             201             201
  110        1299.917     651.522        1299.983     651.451             110             110
   46         -53.831    -229.551         -53.810    -229.512              46              46
  147        -535.931    -514.719        -535.970    -514.655             147             147
  244         477.164   -1064.554         477.066   -1064.579             244             244
  164        1458.577    -273.977        1458.555    -274.095             164             164
  233         994.831    1550.623         994.968    1550.583             233             233
   60        -515.920    -228.967        -515.914    -228.858              60              60
   91         726.013   -1665.874         725.904   -1665.894              91              91
    4        1139.793     452.332        1139.857     452.271               4               4
   34        -178.742    -360.676        -178.723    -360.615              34              34
  220         360.329   -1002.836         360.289   -1002.814             220             220
   60         922.546   -1913.765         922.485   -1913.829              60              60
   66       -1024.038    -462.149       -1023.991    -462.116              66              66
   47       -2209.661    -135.979       -2209.683    -135.836              47              47
  168         391.299   -1750.055         391.120   -1750.123             168             168
  217        1031.231     235.078        1031.242     234.925             217             217
  189         221.331    1693.473         221.478    1693.450             189             189
   18         249.698    -964.788         249.677    -964.799              18              18
   37       -1112.434     793.768       -1112.343     793.832              37              37
  120       -1216.078     409.045       -1216.072     409.153             120             120
  195        -761.964     401.263        -762.012     401.366             195             195
  221        1264.677    -593.114        1264.574    -593.150             221             221
  198         562.131   -1285.930         562.025   -1285.962             198             198
   17         814.781    -133.874         814.781    -133.942              17              17
  170        -171.467    -654.362        -171.508    -654.352             170             170
   16         842.462    -498.322         842.441    -498.399              16              16
  192        -277.461    -860.787        -277.494    -860.801             192             192
   50        -690.311    -299.202        -690.352    -299.215              50              50
  159         683.863     358.849         683.856     358.728             159             159
   58        1775.302    1745.731        1775.491    1745.597              58              58
  252       -1157.519    -886.880       -1157.510    -886.771             252             252
   13       -1350.178     564.837       -1350.146     564.929              13              13
  105        -100.755     214.875        -100.784     214.895             105             105
  144        -471.754      97.530        -471.817      97.586             144             144
    2        2104.188    -251.047        2104.150    -251.202               2               2
   14        -728.893    -298.188        -728.903    -298.136              14              14
  121        1060.000       0.105        1060.000       0.000             121             121
   62        -728.916     298.078        -728.905     298.133              62              62
  105        2104.110     251.372        2104.149     251.208             105             105
  126        -471.883     -97.646        -471.816     -97.587             126             126
   96        -100.815    -214.917        -100.784    -214.896              96              96
   70       -1350.108    -565.034       -1350.144    -564.932              70              70
  187       -1157.503     886.649       -1157.512     886.770             187             187
  163        1775.707   -1745.441        1775.495   -1745.592             163             163
  118         683.849    -358.590         683.857    -358.727             118             118
   99        -690.398     299.227        -690.352     299.214              99              99
  124        -277.538     860.820        -277.497     860.802             124             124
   51         842.413     498.493         842.440     498.401              51              51
  117        -171.558     654.339        -171.508     654.351             117             117
  162         814.782     134.029         814.782     133.945             162             162
  172         561.889    1286.002         562.022    1285.963             172             172
   57        1264.443     593.201        1264.572     593.154              57              57
  127        -762.073    -401.499        -762.011    -401.366             127             127
  114       -1216.062    -409.298       -1216.071    -409.155             114             114
   75       -1112.220    -793.918       -1112.341    -793.833              75              75
   41         249.646     964.815         249.674     964.800              41              41
  131         221.683   -1693.417         221.481   -1693.449             131             131
   12        1031.259    -234.707        1031.243    -234.922              12              12
   92         390.862    1750.221         391.116    1750.125              92              92
   34       -2209.717     135.626       -2209.684     135.831              34              34
   70       -1023.923     462.065       -1023.991     462.114              70              70
   88         922.390    1913.927         922.481    1913.831              88              88
   48         360.227    1002.781         360.287    1002.815              48              48
  176        -178.696     360.519        -178.724     360.613             176             176
  232        1139.958    -452.173        1139.858    -452.269             232             232
   50         725.727    1665.927         725.900    1665.895              50              50
  191        -515.904     228.682        -515.915     228.857             191             191
   97         995.195   -1550.515         994.971   -1550.581              97              97
  113        1458.517     274.291        1458.555     274.095             113             113
   40         476.893    1064.622         477.063    1064.579              40              40
  223        -536.038     514.542        -535.971     514.654             223             223
  209         -53.776     229.442         -53.812     229.511             209             209
  111        1300.103    -651.319        1299.984    -651.448             111             111
  154        1362.020    1175.666        1362.159    1175.525             154             154
  117        1759.351     265.857        1759.490     265.708             117             117
  229        -866.993    1101.820        -866.775    1101.977             229             229
  254         543.465     268.430         543.537     268.468             254             254
  242         464.541      86.288         464.640      86.317             242             242
   25        -384.080     332.555        -383.948     332.677              25              25
  116        -945.934     218.117        -945.875     218.308             116             116
  148         263.088     700.699         263.194     700.805             148             148
  197       -1034.430    -905.650       -1034.520    -905.395             197             197
  174         402.096    -845.556         402.002    -845.532             174             174
   19        -686.372    -240.513        -686.384    -240.383              19              19
   55        -348.957    -102.015        -348.993    -101.893              55              55
  249        -427.297    -864.661        -427.452    -864.532             249             249
   61         642.485   -1127.531         642.312   -1127.580              61              61
  186        -149.654    -789.048        -149.784    -789.066             186             186
    5        1595.649     512.029        1595.728     511.830               5               5
  153        -680.247    -226.655        -680.219    -226.552             153             153
  221          76.929     -18.257          76.929     -18.257             221             221
   76        -213.573     674.538        -213.499     674.622              76              76
  242         112.413    -966.944         112.275    -966.911             242             242
   14         420.782     446.369         420.825     446.339              14              14
  253         658.073     178.762         658.126     178.760             253             253
  218         256.007    -646.888         256.011    -646.863             218             218
   64        -898.162     544.639        -898.036     544.820              64              64
  188       -1106.649    -468.030       -1106.735    -467.777             188             188
   60        -487.946    -604.878        -488.129    -604.703              60              60
  177        1121.296   -1585.826        1121.028   -1585.892             177             177
  229         803.159   -1464.883         803.000   -1465.000             229             229
   28        -167.474    -621.200        -167.508    -621.229              28              28
  131        -674.115    -354.662        -674.177    -354.608             131             131
   84        -216.156    -362.099        -216.289    -362.087              84              84
  183         917.341    -395.500         917.209    -395.617             183             183
  248        1603.595   -1360.254        1603.444   -1360.519             248             248
   58         555.735     501.410         555.911     501.274              58              58
  181        -741.379    -621.381        -741.385    -621.311             181             181
  234        -724.388    -927.907        -724.541    -927.933             234             234
   83        1041.899    1641.163        1042.107    1640.948              83              83
   41        -688.218     645.332        -688.125     645.491              41              41
  127         419.948   -1203.312         419.748   -1203.341             127             127
   24         751.123    -571.544         751.055    -571.739              24              24
  215         263.718    1438.176         263.938    1438.118             215             215
  146         794.489    -912.029         794.427    -912.130             146             146
   80        -156.817     211.936        -156.717     211.885              80              80
  209         515.721    1254.475         515.974    1254.427             209             209
  208        -375.449   -1501.513        -375.550   -1501.495             208             208
   11        -492.053    1924.333        -491.720    1924.353              11              11
  215        -407.396     124.437        -407.318     124.548             215             215
  106        -876.530     529.527        -876.425     529.695             106             106
  233        -154.587     296.399        -154.501     296.500             233             233
   35       -2041.755    -218.645       -2041.813    -218.285              35              35
   92          -7.857    -213.317          -7.991    -213.255              92              92
  247         170.088    -700.943         169.966    -700.941             247             247
   33       -1128.702    -470.425       -1128.827    -470.298              33              33
   55         547.952     282.190         547.923     282.085              55              55
   55        -313.558     -91.034        -313.591     -91.003              55              55
  221         -71.851     -51.226         -71.872     -51.273             221             221
  115       -1186.655    1510.041       -1186.501    1510.210             115             115
  233        -290.782     909.622        -290.785     909.792             233             233
  194        -227.727    -114.101        -227.905    -113.905             194             194
  144        1089.704    -911.857        1089.446    -911.905             144             144
  108         552.732   -1343.424         552.481   -1343.524             108             108
   23         352.690     964.891         352.769     964.836              23              23
   71        1240.823    -498.306        1240.743    -498.421              71              71
  101        -237.856    -294.106        -237.892    -294.037             101             101
   81         641.228    -244.440         641.176    -244.494              81              81
  253         223.786    -902.437         223.659    -902.466             253             253
   80         442.564     -69.113         442.574     -69.193              80              80
  164        -360.153    -792.625        -360.284    -792.597             164             164
   39        1030.168    -499.981        1030.091    -500.239              39              39
  207         479.737     795.021         479.941     794.873             207             207
  189         349.942      97.163         350.104      97.070             189             189
  255       -1315.131    1243.133       -1314.818    1243.350             255             255
   98       -1334.876      17.009       -1334.867      17.292              98              98
   14       -1115.113    -300.366       -1115.234    -300.179              14              14
  209        -521.079    1008.192        -521.028    1008.327             209             209
   50        -340.829    -301.206        -340.970    -301.047              50              50
   25        -487.270    -424.140        -487.436    -424.017              25              25
  168        -351.237     235.477        -351.319     235.589             168             168
  157         -41.247    -444.930         -41.421    -444.847             157             157
    2        -714.332    -622.129        -714.561    -621.982               2               2
  204         412.534    -633.624         412.325    -633.721             204             204
  250       -1673.709     929.693       -1673.742     929.990             250             250
  249         876.469    -665.907         876.127    -665.956             249             249
  237         287.380    -453.058         287.184    -453.052             237             237
   49        -887.798    -908.701        -888.119    -908.536              49              49
   49         -48.130    -807.143         -48.501    -807.170              49              49
  202        -638.959    -406.554        -639.302    -406.496             202             202
  165        -970.029    -978.014        -970.614    -977.953             165             165
   27         144.329     399.479         143.851     399.349              27              27
  141       -1743.471      59.774       -1744.350      60.019             141             141
   54         586.860    -312.254         585.019    -312.406              54              54
