SINAL     NFT                         FFT                         NFT INVERSA     FFT INVERSA
-----     -----------------------     -----------------------     -----------     -----------
    1       32369.000       0.000       32369.000       0.000               1               1
  113          69.222     812.040          69.230     812.040             113             113
  208        -944.541     557.901        -944.534     557.903             208             208
  176          99.944    -920.919          99.950    -920.919             176             176
    2       -1233.122      31.706       -1233.115      31.707               2               2
  130        -345.852    1469.329        -345.843    1469.329             130             130
   52        -447.263     124.055        -447.257     124.057              52              52
  182          -4.319    1132.731          -4.310    1132.732             182             182
  101        -404.591    -326.483        -404.589    -326.479             101             101
  107         915.341    1081.054         915.351    1081.053             107             107
   48         149.395    -502.959         149.400    -502.954              48              48
   17        -575.489    -686.134        -575.489    -686.128              17              17
   11         703.853    -534.051         703.855    -534.055              11              11
  193        -665.850    -321.252        -665.849    -321.249             193             193
  134        1153.734     283.001        1153.740     282.993             134             134
   11         222.574   -1153.928         222.572   -1153.932              11              11
  120         489.302     771.131         489.317     771.125             120             120
  185         815.609    -729.275         815.614    -729.282             185             185
   54       -1101.439    -849.102       -1101.441    -849.095              54              54
  171        1113.963     412.481        1113.975     412.461             171             171
  159        -457.937      74.275        -457.927      74.277             159             159
  178         880.705    -278.249         880.709    -278.269             178             178
   51         539.812    1182.585         539.842    1182.572              51              51
   96         750.508     198.418         750.531     198.405              96              96
  156        -513.547     582.151        -513.514     582.155             156             156
  226        -873.525     389.778        -873.502     389.785             226             226
  146        -517.150    1886.860        -517.108    1886.870             146             146
  150        -453.135     878.576        -453.109     878.595             150             150
  196         -73.945     670.204         -73.920     670.220             196             196
   46         -64.505     502.028         -64.475     502.046              46              46
  169       -1660.911    -116.575       -1660.899    -116.526             169             169
  197        -156.803    -483.463        -156.803    -483.451             197             197
  159       -1323.373    1177.577       -1323.340    1177.621             159             159
  121        -829.578    -565.239        -829.591    -565.193             121             121
  117        -489.168   -1874.437        -489.214   -1874.417             117             117
  161         333.948    -227.444         333.943    -227.459             161             161
  252         132.565    1061.245         132.601    1061.251             252             252
  169        -616.281   -1000.526        -616.294   -1000.500             169             169
   88        -605.839    1027.922        -605.814    1027.954              88              88
   97         469.110   -1216.999         469.087   -1216.984              97              97
   20        -642.417   -1902.340        -642.455   -1902.330              20              20
  137         170.789    1655.454         170.842    1655.453             137             137
  114        -838.815    -643.430        -838.827    -643.373             114             114
   32        1245.951   -2843.290        1245.892   -2843.322              32              32
   75        -753.273     173.152        -753.229     173.156              75              75
  249       -2243.136    -662.989       -2243.142    -662.929             249             249
   43       -1026.775    -488.723       -1026.801    -488.699              43              43
  195        -345.575   -1306.655        -345.630   -1306.667             195             195
  179        1216.648    1166.802        1216.695    1166.744             179             179
   97       -1520.176     182.589       -1520.150     182.637              97              97
  111       -1139.669     459.547       -1139.664     459.595             111             111
   82         348.910    -545.634         348.886    -545.627              82              82
   20         115.979   -1527.730         115.950   -1527.742              20              20
  162       -2216.946     331.018       -2216.929     331.073             162             162
  179        -846.422     239.584        -846.444     239.612             179             179
  177         608.453    -317.986         608.427    -318.004             177             177
  132        -933.093    -499.147        -933.121    -499.121             132             132
   69         114.435     101.812         114.417     101.799              69              69
   71         749.880     187.382         749.886     187.360              71              71
   72        -409.715   -1309.443        -409.756   -1309.441              72              72
  116        -244.100    1279.668        -244.051    1279.664             116             116
  240        -189.498    -475.886        -189.516    -475.877             240             240
   13        -233.312     870.628        -233.279     870.645              13              13
   19         268.639     -24.385         268.647     -24.360              19              19
  106       -1362.934   -1524.074       -1363.000   -1524.000             106             106
  131         370.050   -1111.962         369.989   -1111.994             131             131
  180          58.937    -488.716          58.923    -488.747             180             180
  102        -536.654    -167.561        -536.653    -167.566             102             102
   45        -522.161      59.653        -522.156      59.653              45              45
   13        -631.268    -159.855        -631.278    -159.850              13              13
  200        -975.697     121.853        -975.709     121.868             200             200
   66        -525.778     687.815        -525.783     687.821              66              66
  150         446.295     269.270         446.283     269.237             150             150
   59        -558.291    1106.076        -558.259    1106.108              59              59
   98         -14.031     -65.124         -14.070     -65.102              98              98
  225         336.019    -108.450         335.975    -108.450             225             225
   52        1973.111   -1039.017        1973.064   -1039.127              52              52
  142         -72.068     837.996         -71.986     837.975             142             142
  165        -445.628     954.340        -445.554     954.378             165             165
  231       -1189.265      31.943       -1189.266      32.036             231             231
  240        -430.604    -231.979        -430.651    -231.921             240             240
   20         836.815   -1613.129         836.716   -1613.167              20              20
   58         129.704    -630.215         129.685    -630.260              58              58
    5        -524.732     637.175        -524.689     637.175               5               5
  182        -426.465     852.540        -426.419     852.582             182             182
  237       -1047.707   -1207.438       -1047.797   -1207.367             237             237
  182         339.878     136.443         339.857     136.425             182             182
   59        -536.089   -1528.386        -536.196   -1528.370              59              59
   51        -472.871    -534.886        -472.955    -534.914              51              51
  253        1325.176    -428.022        1325.115    -428.179             253             253
  131         302.466    1750.187         302.561    1750.101             131             131
  167         152.735    2129.537         152.843    2129.538             167             167
  238        1060.557     538.126        1060.587     538.114             238             238
  145         523.355    -445.556         523.364    -445.558             145             145
  186        -743.681     -98.233        -743.665     -98.188             186             186
   89        -445.750     550.755        -445.730     550.789              89              89
   20         495.331     219.629         495.339     219.622              20              20
  111        -489.924     318.335        -489.902     318.407             111             111
  191        -688.687   -1226.340        -688.804   -1226.273             191             191
   66        1197.951    -717.136        1197.877    -717.246              66              66
  125         170.310    1116.493         170.385    1116.472             125             125
  135         522.343    -733.146         522.307    -733.181             135             135
  132        -357.350    1197.794        -357.267    1197.825             132             132
   19         717.510    -509.808         717.492    -509.823              19              19
  194        -881.725    -418.422        -881.738    -418.369             194             194
  231        -312.575    1053.537        -312.522    1053.580             231             231
  244        -315.979    -924.716        -316.079    -924.658             244             244
  247         807.393    -439.734         807.343    -439.789             247             247
  118        -876.700    -300.442        -876.764    -300.391             118             118
  154        2228.832     236.416        2228.825     236.262             154             154
  223         529.663    -307.582         529.693    -307.612             223             223
  103        -195.634      45.006        -195.589      45.021             103             103
  174        -707.420     724.364        -707.364     724.461             174             174
   25         399.868   -1376.046         399.763   -1376.024              25              25
  108        -339.382   -1173.970        -339.470   -1173.949             108             108
  101           1.242   -1050.515           1.142   -1050.552             101             101
    7         541.079    -713.982         541.012    -714.093               7               7
   35         467.722     855.984         467.796     855.906              35              35
  160        -216.484    -366.353        -216.519    -366.349             160             160
   58         954.098    -363.548         954.055    -363.662              58              58
   33        1458.009     434.092        1458.092     433.941              33              33
   36         266.093     493.915         266.221     493.891              36              36
  226        -260.661    -548.009        -260.616    -548.006             226             226
   15       -1183.719    1140.218       -1183.577    1140.317              15              15
  181        -925.780   -1113.558        -925.872   -1113.473             181             181
  156         394.195     345.184         394.230     345.142             156             156
  104        -400.509   -1037.975        -400.553   -1037.962             104             104
  202        -873.532     164.715        -873.499     164.739             202             202
   12        -627.000      -0.021        -627.000       0.000              12              12
   40        -873.464    -164.766        -873.498    -164.740              40              40
   13        -400.602    1037.951        -400.555    1037.963              13              13
  137         394.269    -345.097         394.232    -345.141             137             137
  175        -925.972    1113.380        -925.873    1113.471             175             175
  145       -1183.417   -1140.428       -1183.573   -1140.319             145             145
  157        -260.567     548.002        -260.617     548.006             157             157
  114         266.367    -493.862         266.223    -493.889             114             114
  121        1458.185    -433.765        1458.092    -433.938             121             121
  146         954.008     363.796         954.056     363.664             146             146
  106        -216.563     366.345        -216.521     366.349             106             106
  239         467.884    -855.811         467.797    -855.904             239             239
   44         540.928     714.228         541.010     714.093              44              44
   73           1.017    1050.598           1.140    1050.552              73              73
   86        -339.581    1173.922        -339.472    1173.949              86              86
  219         399.627    1375.999         399.760    1376.026             219             219
   99        -707.290    -724.587        -707.362    -724.462              99              99
  195        -195.529     -45.041        -195.589     -45.021             195             195
   64         529.731     307.655         529.692     307.613              64              64
  106        2228.816    -236.045        2228.825    -236.256             106             106
  230        -876.851     300.318        -876.764     300.389             230             230
  225         807.272     439.868         807.342     439.791             225             225
  165        -316.222     924.574        -316.080     924.657             165             165
    7        -312.445   -1053.644        -312.521   -1053.581               7               7
    5        -881.757     418.290        -881.738     418.368               5               5
  135         717.463     509.850         717.491     509.826             135             135
   23        -357.137   -1197.872        -357.264   -1197.826              23              23
  187         522.248     733.237         522.305     733.183             187             187
   36         170.506   -1116.440         170.388   -1116.472              36              36
  127        1197.757     717.421        1197.875     717.248             127             127
  134        -688.995    1226.165        -688.806    1226.272             134             134
   49        -489.866    -318.526        -489.902    -318.408              49              49
  168         495.354    -219.608         495.339    -219.621             168             168
  147        -445.696    -550.849        -445.730    -550.790             147             147
  186        -743.638      98.107        -743.666      98.186             186             186
   88         523.375     445.564         523.362     445.560              88              88
   37        1060.644    -538.091        1060.589    -538.113              37              37
   87         153.045   -2129.536         152.847   -2129.536              87              87
  202         302.743   -1749.941         302.565   -1750.100             202             202
  159        1324.996     428.480        1325.112     428.184             159             159
  234        -473.119     534.968        -472.957     534.914             234             234
   52        -536.411    1528.338        -536.200    1528.369              52              52
  142         339.814    -136.388         339.857    -136.424             142             142
   22       -1047.985    1207.221       -1047.802    1207.364              22              22
  126        -426.324    -852.669        -426.418    -852.582             126             126
  229        -524.596    -637.176        -524.688    -637.176             229             229
  241         129.643     630.356         129.684     630.261             241             241
  225         836.495    1613.251         836.711    1613.169             225             225
  169        -430.751     231.791        -430.650     231.919             169             169
   50       -1189.268     -32.251       -1189.266     -32.039              50              50
   76        -445.382    -954.464        -445.553    -954.378              76              76
  143         -71.796    -837.927         -71.986    -837.976             143             143
   19        1972.949    1039.395        1973.062    1039.131              19              19
  242         335.869     108.457         335.975     108.453             242             242
  151         -14.165      65.049         -14.070      65.103             151             151
   25        -558.177   -1106.191        -558.258   -1106.110              25              25
  121         446.254    -269.153         446.283    -269.236             121             121
  174        -525.791    -687.835        -525.781    -687.822             174             174
  213        -975.741    -121.911        -975.709    -121.869             213             213
  158        -631.305     159.835        -631.279     159.849             158             158
   46        -522.145     -59.655        -522.157     -59.654              46              46
   92        -536.650     167.579        -536.653     167.566              92              92
  207          58.885     488.837          58.923     488.748             207             207
  214         369.809    1112.090         369.986    1111.995             214             214
  240       -1363.199    1523.779       -1363.000    1524.000             240             240
  138         268.675      24.294         268.647      24.362             138             138
   46        -233.175    -870.698        -233.278    -870.645              46              46
   21        -189.581     475.844        -189.519     475.876              21              21
  226        -243.887   -1279.653        -244.049   -1279.664             226             226
  249        -409.898    1309.438        -409.759    1309.442             249             249
  181         749.906    -187.277         749.886    -187.357             181             181
  204         114.353    -101.754         114.416    -101.799             204             204
   46        -933.223     499.023        -933.122     499.120              46              46
   68         608.330     318.075         608.427     318.006              68              68
  226        -846.526    -239.721        -846.444    -239.614             226             226
  172       -2216.867    -331.296       -2216.929    -331.078             172             172
   41         115.828    1527.790         115.947    1527.742              41              41
  212         348.788     545.604         348.886     545.629             212             212
  142       -1139.641    -459.796       -1139.663    -459.596             142             142
  210       -1520.037    -182.851       -1520.149    -182.641             210             210
    7        1216.903   -1166.488        1216.697   -1166.743               7               7
  219        -345.885    1306.725        -345.633    1306.667             219             219
   98       -1026.927     488.584       -1026.803     488.698              98              98
   26       -2243.169     662.633       -2243.142     662.924              26              26
  205        -753.016    -173.183        -753.229    -173.158             205             205
  249        1245.580    2843.489        1245.885    2843.324             249             249
   52        -838.891     643.076        -838.828     643.371              52              52
   71         171.126   -1655.446         170.845   -1655.453              71              71
  167        -642.671    1902.271        -642.458    1902.329             167             167
   10         468.949    1216.905         469.084    1216.984              10              10
  229        -605.659   -1028.137        -605.811   -1027.955             229             229
  214        -616.374    1000.341        -616.295    1000.498             214             214
  102         132.821   -1061.287         132.602   -1061.251             102             102
  181         333.909     227.556         333.942     227.459             181             181
  172        -489.520    1874.286        -489.217    1874.416             172             172
   86        -829.681     564.873        -829.592     565.190              86              86
   63       -1323.103   -1177.935       -1323.339   -1177.622              63              63
  218        -156.806     483.359        -156.804     483.450             218             218
  108       -1660.807     116.141       -1660.899     116.523             108             108
   34         -64.235    -502.200         -64.474    -502.048              34              34
  212         -73.712    -670.350         -73.919    -670.220             212             212
   33        -452.881    -878.770        -453.108    -878.597              33              33
  238        -516.710   -1886.955        -517.103   -1886.870             238             238
    2        -873.282    -389.861        -873.500    -389.788               2               2
  101        -513.191    -582.196        -513.513    -582.156             101             101
  209         750.778    -198.270         750.533    -198.404             209             209
  174         540.176   -1182.420         539.844   -1182.570             174             174
  143         880.755     278.501         880.710     278.270             143             143
  166        -457.809     -74.299        -457.928     -74.277             166             166
   61        1114.124    -412.196        1113.976    -412.459              61              61
   98       -1101.461     849.002       -1101.442     849.094              98              98
  173         815.675     729.385         815.613     729.283             173             173
   24         489.548    -771.027         489.318    -771.124              24              24
  196         222.509    1153.987         222.569    1153.932             196             196
  200        1153.847    -282.832        1153.740    -282.990             200             200
  229        -665.829     321.159        -665.850     321.246             229             229
  190         703.869     534.158         703.853     534.056             190             190
  253        -575.491     685.973        -575.490     686.126             253             253
   45         149.498     502.841         149.399     502.955              45              45
  102         915.645   -1080.994         915.353   -1081.052             102             102
    7        -404.533     326.349        -404.589     326.477               7               7
   19          -3.962   -1132.789          -4.308   -1132.733              19              19
   60        -447.035    -124.152        -447.257    -124.057              60              60
  110        -345.337   -1469.348        -345.839   -1469.329             110             110
  200       -1232.696     -31.788       -1233.115     -31.708             200             200
  232         100.375     920.950          99.948     920.919             232             232
  196        -943.570    -558.097        -944.532    -557.904             196             196
    8          71.127    -811.968          69.232    -812.040               8               8
