SINAL     NFT                         FFT                         NFT INVERSA     FFT INVERSA
-----     -----------------------     -----------------------     -----------     -----------
  197       33070.000       0.000       33070.000       0.000             197             197
   11         705.212    -525.427         705.218    -525.427              11              11
  124        1911.349     330.481        1911.356     330.480             124             124
   52         865.246     260.676         865.255     260.674              52              52
  144        -718.723     701.556        -718.712     701.559             144             144
  237         861.211    -422.956         861.220    -422.957             237             237
  134       -1313.569     452.389       -1313.559     452.395             134             134
  208        -483.858     572.355        -483.849     572.360             208             208
  229         417.398   -1938.461         417.398   -1938.462             229             229
  220        -953.100      22.589        -953.090      22.591             220             220
  181        -968.044     626.122        -968.033     626.129             181             181
  186        -300.434     -52.821        -300.428     -52.815             186             186
  129        -904.552    -895.323        -904.554    -895.313             129             129
   87         729.544   -1208.691         729.539   -1208.697              87              87
   85        -316.797    -526.490        -316.793    -526.491              85              85
  128        -406.148    -437.938        -406.145    -437.939             128             128
  208        -903.449    -519.623        -903.452    -519.621             208             208
   23        1475.395    -118.314        1475.400    -118.338              23              23
  184       -1257.137      84.142       -1257.127      84.147             184             184
  138        -215.880     138.187        -215.877     138.176             138             138
  131         470.978    1846.026         471.008    1846.012             131             131
  218        -455.564    1118.359        -455.540    1118.365             218             218
  190       -1422.773    1319.422       -1422.755    1319.450             190             190
  177         361.035    -421.748         361.023    -421.745             177             177
  116         671.891     360.146         671.899     360.137             116             116
   95        -223.845      36.700        -223.839      36.702              95              95
   91        -108.594    1730.385        -108.565    1730.395              91              91
  149         374.337    -819.612         374.323    -819.606             149             149
   53        1618.683    -296.829        1618.692    -296.859              53              53
  131       -1325.958    1056.370       -1325.922    1056.398             131             131
   33        -881.327    -583.986        -881.339    -583.965              33              33
  251        -149.169     220.857        -149.172     220.854             251             251
  142          91.482    1784.502          91.509    1784.510             142             142
  158        1223.615    -558.826        1223.598    -558.833             158             158
   48        1914.363    -476.388        1914.376    -476.426              48              48
   31       -1137.299     522.863       -1137.260     522.889              31              31
  140        -391.041     596.816        -391.016     596.837             140             140
  182        -896.847    -148.324        -896.844    -148.290             182             182
  239        -952.735     132.716        -952.739     132.752             239             239
  113        -241.871    -343.231        -241.896    -343.209             113             113
  147         911.665   -1422.283         911.619   -1422.309             147             147
  165         451.381     575.801         451.401     575.779             165             165
   44         -93.151     178.571         -93.141     178.577              44              44
   20        -103.060    -309.155        -103.067    -309.154              20              20
  253         386.305     527.195         386.325     527.180             253             253
  130        -972.452     402.551        -972.438     402.579             130             130
  149        -833.975    1203.998        -833.966    1204.037             149             149
  205        1335.433     331.780        1335.419     331.779             205             205
  153         847.448   -1906.276         847.389   -1906.287             153             153
   77         102.026     225.601         102.032     225.594              77              77
   88         564.374    -838.893         564.338    -838.917              88              88
   28        1968.561     858.040        1968.608     857.973              28              28
   39       -1412.061    -692.869       -1412.071    -692.823              39              39
   22        1674.063     533.148        1674.088     533.084              22              22
  205        -982.151     -63.774        -982.139     -63.748             205             205
  156         405.175    1623.367         405.224    1623.362             156             156
  118         712.238     179.019         712.250     179.029             118             118
   41         271.091   -1013.336         271.069   -1013.328              41              41
   49        -417.130    -244.033        -417.136    -244.019              49              49
  172         869.587    -428.550         869.572    -428.592             172             172
  172         337.739     498.257         337.775     498.232             172             172
   83        -131.038     648.229        -131.002     648.237              83              83
  167          45.782    -104.092          45.777    -104.092             167             167
   59        1005.613     483.317        1005.642     483.269              59              59
  242         462.898    1649.000         462.999    1649.000             242             242
  216        -533.112     368.285        -533.069     368.357             216             216
   90        -732.603   -1048.706        -732.644   -1048.646              90              90
  126          10.815     117.717          10.810     117.725             126             126
  143         370.450      82.269         370.450      82.270             143             143
   74         621.363    -107.597         621.369    -107.604              74              74
  240         106.226    -367.412         106.230    -367.401             240             240
   34         116.767     184.784         116.796     184.802              34              34
  239        -186.330   -1575.737        -186.380   -1575.727             239             239
   28       -1022.796     389.995       -1022.776     390.025              28              28
   55         -67.935     169.419         -67.948     169.429              55              55
  237         951.637    -748.651         951.600    -748.705             237             237
  158         416.633     944.316         416.711     944.294             158             158
  204        -792.195    -805.001        -792.210    -804.963             204             204
  186        -616.508     598.739        -616.478     598.755             186             186
   55        -350.170     358.356        -350.161     358.375              55              55
   26        -510.881     541.154        -510.874     541.191              26              26
   19         423.557     487.479         423.564     487.482              19              19
   84        -277.754     150.804        -277.759     150.862              84              84
   66         334.910   -1299.604         334.827   -1299.603              66              66
   42        -451.400    -384.812        -451.444    -384.802              42              42
   33         661.388     -88.227         661.354     -88.277              33              33
  222         422.032     -82.121         422.011     -82.159             222             222
  160         846.559     258.283         846.566     258.225             160             160
   74         695.407    -208.478         695.409    -208.532              74              74
   16         421.658      92.483         421.689      92.429              16              16
   76        -267.684     652.845        -267.624     652.830              76              76
  247        -498.457    1424.211        -498.381    1424.243             247             247
   99         548.758     229.494         548.768     229.482              99              99
  244        -717.526     485.343        -717.507     485.399             244             244
   50         164.117     228.153         164.097     228.156              50              50
   85         271.435     647.512         271.439     647.521              85              85
  204         726.575    -787.457         726.491    -787.490             204             204
  141        1185.704    -558.837        1185.655    -558.965             141             141
  211         440.447    2636.896         440.594    2636.855             211             211
   92        3229.905      21.248        3229.949      21.077              92              92
  216          18.924    1082.163          19.106    1082.192             216             216
  196       -1195.663    -450.371       -1195.647    -450.271             196             196
  127         479.335     876.968         479.413     876.942             127             127
  199        -189.289     485.501        -189.222     485.535             199             199
  224        -327.802     884.349        -327.716     884.405             224             224
  182        -831.921     134.338        -831.916     134.434             182             182
  180        -150.884     242.500        -150.909     242.535             180             180
  126        1699.160     581.135        1699.204     581.047             126             126
  131        -351.468      62.129        -351.426      62.170             131             131
  111          66.550    1592.246          66.674    1592.283             111             111
  182         544.402     115.457         544.449     115.494             182             182
  157       -1709.305     113.931       -1709.297     114.113             157             157
  131         103.039    -444.173         102.939    -444.141             131             131
   10        1863.116     515.675        1863.145     515.570              10              10
  223        -182.154     354.870        -182.106     354.941             223             223
  173         874.639    -475.160         874.613    -475.179             173             173
   44         897.101     356.399         897.177     356.376              44              44
  190         -57.615    -860.227         -57.623    -860.194             190             190
   77         335.063     140.984         335.133     140.963              77              77
  119        -934.669    -442.906        -934.665    -442.852             119             119
  206         289.406    1233.316         289.523    1233.276             206             206
  153        -198.714    1207.279        -198.581    1207.333             153             153
  110        -529.128     577.297        -529.062     577.394             110             110
   49         103.174    1194.954         103.284    1195.026              49              49
  141          27.145     278.327          27.207     278.438             141             141
  161        -622.085    -877.625        -622.117    -877.503             161             161
  135        -443.999     185.404        -443.957     185.470             135             135
   90       -1111.733    1113.211       -1111.644    1113.377              90              90
   47         208.000      -0.104         208.000       0.000              47              47
   91       -1111.551   -1113.553       -1111.642   -1113.381              91              91
  182        -443.913    -185.542        -443.957    -185.473             182             182
    7        -622.155     877.372        -622.120     877.500               7               7
   31          27.274    -278.558          27.207    -278.439              31              31
   53         103.409   -1195.105         103.288   -1195.027              53              53
  207        -528.988    -577.501        -529.061    -577.395             207             207
  255        -198.429   -1207.393        -198.577   -1207.334             255             255
  236         289.656   -1233.231         289.524   -1233.276             236             236
  131        -934.661     442.788        -934.665     442.850             131             131
  126         335.216    -140.936         335.134    -140.962             126             126
  112         -57.635     860.153         -57.624     860.193             112             112
  243         897.268    -356.345         897.177    -356.374             243             243
   52         874.579     475.204         874.613     475.180              52              52
   13        -182.045    -355.030        -182.105    -354.942              13              13
  118        1863.183    -515.433        1863.147    -515.566             118             118
   62         102.809     444.102         102.939     444.142              62              62
  237       -1709.285    -114.361       -1709.296    -114.119             237             237
   35         544.512    -115.542         544.449    -115.493              35              35
  107          66.844   -1592.334          66.677   -1592.283             107             107
  171        -351.367     -62.227        -351.425     -62.171             171             171
  113        1699.269    -580.917        1699.206    -581.043             113             113
  226        -150.943    -242.583        -150.908    -242.535             226             226
  121        -831.909    -134.574        -831.916    -134.436             121             121
   10        -327.589    -884.488        -327.715    -884.406              10              10
   81        -189.117    -485.585        -189.219    -485.535              81              81
  171         479.533    -876.901         479.415    -876.941             171             171
  152       -1195.622     450.115       -1195.647     450.268             152             152
  242          19.392   -1082.239          19.108   -1082.193             242             242
   50        3230.020     -20.797        3229.950     -21.069              50              50
  242         440.835   -2636.788         440.599   -2636.854             242             242
   33        1185.574     559.177        1185.654     558.967              33              33
  142         726.351     787.545         726.491     787.490             142             142
  169         271.447    -647.538         271.439    -647.522             169             169
   40         164.061    -228.162         164.097    -228.156              40              40
  173        -717.471    -485.501        -717.506    -485.402             173             173
  223         548.787    -229.460         548.769    -229.482             223             223
  247        -498.237   -1424.301        -498.378   -1424.243             247             247
  173        -267.513    -652.802        -267.623    -652.830             173             173
  204         421.749     -92.324         421.690     -92.427             204             204
  123         695.410     208.637         695.408     208.533             123             123
   43         846.583    -258.108         846.568    -258.223              43              43
   60         421.967      82.238         422.010      82.161              60              60
  111         661.285      88.381         661.354      88.278             111             111
   96        -451.534     384.780        -451.445     384.801              96              96
   74         334.650    1299.600         334.824    1299.604              74              74
  230        -277.769    -150.984        -277.759    -150.861             230             230
  158         423.582    -487.490         423.565    -487.482             158             158
   55        -510.859    -541.272        -510.874    -541.191              55              55
   10        -350.139    -358.419        -350.160    -358.376              10              10
   10        -616.407    -598.795        -616.477    -598.756              10              10
  227        -792.246     804.871        -792.212     804.961             227             227
  123         416.898    -944.239         416.713    -944.292             123             123
  236         951.508     748.839         951.598     748.707             236             236
   93         -67.981    -169.452         -67.948    -169.428              93              93
  133       -1022.723    -390.105       -1022.774    -390.028             133             133
   62        -186.508    1575.699        -186.381    1575.726              62              62
    8         116.874    -184.848         116.797    -184.802               8               8
   30         106.237     367.374         106.228     367.402              30              30
   48         621.385     107.623         621.369     107.604              48              48
   59         370.449     -82.274         370.450     -82.270              59              59
   16          10.798    -117.749          10.810    -117.726              16              16
   82        -732.764    1048.474        -732.646    1048.645              82              82
  201        -532.939    -368.571        -533.067    -368.359             201             201
  186         463.305   -1649.000         463.001   -1649.000             186             186
  123        1005.734    -483.116        1005.643    -483.267             123             123
  118          45.759     104.091          45.776     104.092             118             118
  154        -130.884    -648.265        -131.000    -648.237             154             154
  115         337.892    -498.147         337.775    -498.231             115             115
   35         869.519     428.740         869.571     428.594              35              35
  102        -417.162     243.969        -417.137     244.018             102             102
  239         270.989    1013.302         271.067    1013.328             239             239
   79         712.294    -179.062         712.250    -179.028              79              79
  163         405.413   -1623.339         405.228   -1623.361             163             163
   95        -982.097      63.647        -982.140      63.746              95              95
  175        1674.185    -532.831        1674.089    -533.081             175             175
  237       -1412.114     692.635       -1412.073     692.820             237             237
   69        1968.800    -857.694        1968.609    -857.969              69              69
   78         564.185     839.020         564.337     838.919              78              78
   37         102.056    -225.565         102.032    -225.594              37              37
   80         847.128    1906.338         847.387    1906.288              80              80
   88        1335.358    -331.760        1335.419    -331.776              88              88
    8        -833.921   -1204.224        -833.964   -1204.039               8               8
  203        -972.375    -402.719        -972.438    -402.581             203             203
   69         386.430    -527.106         386.327    -527.179              69              69
  101        -103.108     309.151        -103.069     309.154             101             101
   81         -93.086    -178.605         -93.141    -178.577              81              81
  131         451.509    -575.665         451.402    -575.778             131             131
  110         911.368    1422.449         911.618    1422.310             110             110
  111        -242.044     343.084        -241.898     343.208             111             111
  180        -952.760    -132.966        -952.739    -132.754             180             180
  169        -896.825     148.079        -896.844     148.287             169             169
  128        -390.855    -596.963        -391.014    -596.838             128             128
    6       -1137.012    -523.061       -1137.259    -522.891               6               6
  114        1914.453     476.686        1914.374     476.430             114             114
   59        1223.484     558.885        1223.598     558.836              59              59
  130          91.698   -1784.567          91.510   -1784.510             130             130
  233        -149.196    -220.835        -149.172    -220.855             233             233
  213        -881.435     583.795        -881.340     583.962             213             213
  245       -1325.623   -1056.624       -1325.919   -1056.401             245             245
   13        1618.766     297.118        1618.692     296.862              13              13
   60         374.185     819.554         374.320     819.607              60              60
  229        -108.305   -1730.486        -108.563   -1730.395             229             229
   92        -223.789     -36.724        -223.839     -36.703              92              92
  223         671.978    -360.049         671.899    -360.137             223             223
   68         360.894     421.724         361.022     421.747              68              68
   11       -1422.556   -1319.757       -1422.753   -1319.451              11              11
  204        -455.255   -1118.446        -455.537   -1118.367             204             204
  138         471.367   -1845.836         471.011   -1846.011             138             138
   89        -215.834    -138.043        -215.876    -138.176              89              89
  241       -1256.984     -84.213       -1257.127     -84.149             241             241
  218        1475.473     118.694        1475.400     118.342             218             218
  177        -903.512     519.578        -903.453     519.619             177             177
  250        -406.103     437.946        -406.146     437.938             250             250
  165        -316.730     526.510        -316.794     526.491             165             165
  247         729.436    1208.828         729.537    1208.699             247             247
   95        -904.622     895.090        -904.556     895.312              95              95
  246        -300.305      52.664        -300.428      52.813             246             246
  122        -967.762    -626.311        -968.032    -626.130             122             122
  206        -952.806     -22.681        -953.089     -22.593             206             206
  102         417.368    1938.468         417.396    1938.461             102             102
   46        -483.493    -572.585        -483.847    -572.362              46              46
  119       -1313.063    -452.648       -1313.556    -452.396             119             119
  230         861.637     423.043         861.220     422.959             230             230
   53        -718.024    -701.734        -718.711    -701.559              53              53
  234         866.077    -260.532         865.256    -260.672             234             234
   33        1912.343    -330.133        1911.357    -330.475              33              33
  183         706.833     525.550         705.217     525.429             183             183
