SINAL     NFT                         FFT                         NFT INVERSA     FFT INVERSA
-----     -----------------------     -----------------------     -----------     -----------
  164       32508.000       0.000       32508.000       0.000             164             164
   58        -388.062     871.654        -388.055     871.655              58              58
  185       -1402.338   -1035.665       -1402.333   -1035.663             185             185
  201         857.675   -1142.176         857.679   -1142.177             201             201
  233        1338.536     160.703        1338.542     160.700             233             233
   66        1829.157    -235.229        1829.165    -235.233              66              66
   93        -434.573    -607.688        -434.563    -607.686              93              93
  109        -743.337   -1083.932        -743.333   -1083.931             109             109
  153         -46.654     718.718         -46.643     718.716             153             153
  200        -763.012     160.793        -763.005     160.796             200             200
   57         374.118     230.756         374.123     230.753              57              57
  113         566.517     660.288         566.526     660.285             113             113
  163         886.223     150.571         886.232     150.567             163             163
  100        -491.578     449.686        -491.567     449.694             100             100
  150         691.361    -629.725         691.362    -629.727             150             150
  235        1221.218     -27.376        1221.230     -27.386             235             235
   71        -830.392     180.081        -830.376     180.090              71              71
  235          63.874     625.317          63.891     625.320             235             235
   53        -574.929     116.194        -574.919     116.210              53              53
  243         458.075   -1362.275         458.067   -1362.278             243             243
  100        -139.883     530.028        -139.865     530.027             100             100
  178         177.762     298.274         177.778     298.274             178             178
  136         313.981     283.676         314.004     283.676             136             136
  161       -1155.802     -36.930       -1155.785     -36.910             161             161
   68        -886.877     911.312        -886.853     911.335              68              68
  121        -928.258    -222.065        -928.258    -222.036             121             121
   47         182.178   -1057.895         182.162   -1057.895              47              47
   10         704.227    1441.280         704.265    1441.275              10              10
  148       -1055.057    -234.023       -1055.044    -233.983             148             148
  216        -857.992   -1040.696        -858.001   -1040.666             216             216
   71       -1277.381   -1109.301       -1277.399   -1109.273              71              71
   57        -394.196    -344.419        -394.205    -344.411              57              57
   19       -1001.166    -329.941       -1001.181    -329.919              19              19
    1         367.626     266.382         367.624     266.383               1               1
    2        -818.462   -1345.429        -818.507   -1345.406               2               2
  252        2910.939    -154.375        2910.939    -154.444             252             252
   67        -637.489    -195.963        -637.465    -195.948              67              67
   95        -628.303     107.495        -628.290     107.514              95              95
  106         259.968    -336.574         259.973    -336.571             106             106
  220        -554.587    -904.822        -554.590    -904.806             220             220
   40       -1165.963    -600.475       -1165.966    -600.454              40              40
  163       -1322.781     337.140       -1322.773     337.167             163             163
   78       -1847.905     792.324       -1847.914     792.388              78              78
  204        1501.089   -1427.780        1501.023   -1427.805             204             204
    8         461.941   -1259.471         461.912   -1259.494               8               8
  228        -922.764      88.412        -922.762      88.424             228             228
  183         173.239    -715.887         173.210    -715.904             183             183
   80        -283.653     448.112        -283.647     448.112              80              80
  208          16.263   -1257.697          16.214   -1257.714             208             208
  236         206.392     205.719         206.393     205.676             236             236
   68        -213.589    1615.218        -213.541    1615.213              68              68
   52        -536.554    -154.593        -536.577    -154.577              52              52
  158         479.359    1630.287         479.389    1630.285             158             158
  204        1274.230   -1285.732        1274.185   -1285.759             204             204
  214         262.370    -281.337         262.379    -281.361             214             214
  227       -1132.021      98.860       -1132.021      98.876             227             227
   70         595.750    1694.101         595.795    1694.079              70              70
    6         569.708     -98.528         569.713     -98.531               6               6
  237        -860.958     725.381        -860.928     725.435             237             237
  219        -817.446   -1388.437        -817.530   -1388.400             219             219
  223         936.104     734.889         936.096     734.846             223             223
   52         869.534     -80.130         869.520     -80.155              52              52
   20         388.124       6.245         388.122       6.239              20              20
  242        -153.878    -895.694        -153.931    -895.696             242             242
   53        1024.008     408.062        1024.000     408.000              53              53
   22        1831.794     351.984        1831.817     351.899              22              22
  238         140.062     613.849         140.109     613.845             238             238
  120         765.294    -361.426         765.293    -361.466             120             120
  117         626.489    1206.740         626.569    1206.707             117             117
   88          53.220     650.715          53.280     650.736              88              88
   85        -328.467    -182.473        -328.455    -182.440              85              85
  158        -383.559     333.028        -383.543     333.055             158             158
  252         113.806     343.186         113.811     343.198             252             252
  163        1432.243     414.120        1432.278     414.084             163             163
  106         172.537    -687.344         172.552    -687.327             106             106
    4        -143.286    -424.987        -143.250    -424.977               4               4
  136       -2903.101    -425.569       -2903.120    -425.443             136             136
   34           9.064     990.026           9.062     990.020              34              34
   85         285.447     459.338         285.441     459.349              85              85
   88        -156.097    -321.228        -156.148    -321.197              88              88
   14        1430.088    -479.569        1430.042    -479.643              14              14
  153        1153.225     414.141        1153.276     414.077             153             153
  141        -462.772     397.430        -462.715     397.468             141             141
  173        -823.892      12.502        -823.895      12.564             173             173
  101         141.101     213.039         141.094     213.052             101             101
   99         140.125    -287.787         140.097    -287.774              99              99
  144         312.762    -183.733         312.747    -183.736             144             144
  172        -680.124    -569.978        -680.183    -569.946             172             172
  105         728.166    1107.284         728.178    1107.258             105             105
  126        1804.738    -930.439        1804.673    -930.513             126             126
  135        1396.397    -662.122        1396.402    -662.219             135             135
   72        -190.305    1184.054        -190.189    1184.076              72              72
  179        -394.631   -1614.745        -394.718   -1614.719             179             179
  155         769.450     903.509         769.505     903.446             155             155
   59         944.780    -460.109         944.793    -460.160              59              59
  233        -512.870    -160.610        -512.838    -160.593             233             233
  177        -248.825     -51.913        -248.819     -51.919             177             177
   41         934.806     450.161         934.867     450.088              41              41
   97        -698.257      73.385        -698.203      73.422              97              97
   39       -1015.474    -158.672       -1015.480    -158.641              39              39
  130        -135.802    1578.277        -135.718    1578.274             130             130
  183         -94.925     571.422         -94.908     571.463             183             183
  197         671.409    -758.853         671.355    -758.898             197             197
  126         350.277     752.098         350.354     752.044             126             126
   90        -768.121    1251.236        -768.029    1251.287              90              90
   48         730.415    1386.290         730.521    1386.286              48              48
  130       -1307.563     510.893       -1307.529     511.059             130             130
  227         391.328    -352.042         391.271    -352.006             227             227
   82         224.508    -505.297         224.459    -505.281              82              82
  215         484.578    -503.904         484.537    -503.943             215             215
   59         663.967     784.786         664.040     784.740              59              59
   97         446.723     154.627         446.780     154.615              97              97
  113        -599.967     570.087        -599.880     570.161             113             113
  201       -1093.373      56.541       -1093.373      56.665             201             201
   15         326.773    -927.444         326.693    -927.468              15              15
  215        -511.992     860.081        -511.929     860.101             215             215
   44        -332.734     460.597        -332.719     460.623              44              44
  160        -599.618    1831.203        -599.532    1831.296             160             160
  131        1404.204      58.400        1404.190      58.379             131             131
  150       -1053.567     572.575       -1053.539     572.743             150             150
   30        1277.798    -887.900        1277.706    -887.924              30              30
   10        -132.851    -270.980        -132.858    -270.935              10              10
  223        -237.201     407.542        -237.180     407.617             223             223
  209        -209.530    -407.291        -209.605    -407.201             209             209
  166         888.408    -206.793         888.351    -206.777             166             166
   26        1271.666   -2199.692        1271.510   -2199.750              26              26
  186        -163.432    -847.186        -163.461    -847.186             186             186
   88        -327.360   -1955.196        -327.518   -1955.240              88              88
   68         472.000       0.176         472.000       0.000              68              68
   28        -327.687    1955.284        -327.523    1955.240              28              28
  127        -163.492     847.186        -163.462     847.186             127             127
  198        1271.340    2199.813        1271.505    2199.752             198             198
  212         888.291     206.760         888.351     206.777             212             212
   69        -209.687     407.100        -209.606     407.199              69              69
   68        -237.157    -407.700        -237.180    -407.617              68              68
   46        -132.865     270.883        -132.858     270.933              46              46
  117        1277.599     887.951        1277.704     887.924             117             117
  199       -1053.505    -572.943       -1053.538    -572.747             199             199
   18        1404.175     -58.350        1404.191     -58.376              18              18
  200        -599.423   -1831.410        -599.527   -1831.299             200             200
  159        -332.699    -460.656        -332.718    -460.624             159             159
   78        -511.848    -860.127        -511.927    -860.102              78              78
   41         326.590     927.497         326.690     927.468              41              41
   16       -1093.372     -56.826       -1093.372     -56.668              16              16
   23        -599.766    -570.256        -599.879    -570.161              23              23
   56         446.858    -154.600         446.782    -154.615              56              56
  231         664.138    -784.676         664.041    -784.738             231             231
   68         484.480     503.996         484.536     503.943              68              68
  216         224.391     505.259         224.458     505.281             216             216
  106         391.191     351.956         391.271     352.006             106             106
  219       -1307.479    -511.295       -1307.528    -511.061             219             219
  246         730.677   -1386.277         730.525   -1386.284             246             246
  117        -767.893   -1251.363        -768.028   -1251.288             117             117
  186         350.470    -751.962         350.355    -752.042             186             186
  200         671.271     758.967         671.353     758.899             200             200
   28         -94.879    -571.526         -94.906    -571.463              28              28
  213        -135.584   -1578.268        -135.716   -1578.274             213             213
  131       -1015.490     158.588       -1015.480     158.638             131             131
  116        -698.117     -73.480        -698.203     -73.422             116             116
   25         934.967    -449.965         934.869    -450.085              25              25
  160        -248.810      51.928        -248.819      51.919             160             160
  244        -512.783     160.561        -512.838     160.592             244             244
  224         944.814     460.251         944.792     460.162             224             224
  116         769.606    -903.337         769.508    -903.445             116             116
   57        -394.879    1614.671        -394.721    1614.718              57              57
   36        -189.972   -1184.117        -190.185   -1184.076              36              36
  163        1396.409     662.404        1396.400     662.222             163             163
  175        1804.547     930.659        1804.671     930.518             175             175
  235         728.203   -1107.206         728.179   -1107.257             235             235
  181        -680.299     569.882        -680.184     569.945             181             181
  119         312.716     183.746         312.746     183.737             119             119
  138         140.038     287.747         140.096     287.774             138             138
    3         141.078    -213.080         141.093    -213.053               3               3
  160        -823.899     -12.696        -823.894     -12.566             160             160
  155        -462.594    -397.551        -462.715    -397.470             155             155
   27        1153.387    -413.936        1153.277    -414.075              27              27
  217        1429.940     479.807        1430.042     479.645             217             217
  130        -156.263     321.125        -156.148     321.196             130             130
   95         285.430    -459.374         285.442    -459.348              95              95
  177           9.060    -990.006           9.064    -990.020             177             177
  237       -2903.166     425.136       -2903.120     425.437             237             237
   58        -143.162     424.952        -143.250     424.976              58              58
  168         172.584     687.286         172.550     687.327             168             168
   99        1432.366    -413.988        1432.278    -414.080              99              99
  245         113.822    -343.227         113.811    -343.197             245             245
  113        -383.497    -333.127        -383.542    -333.056             113             113
  127        -328.424     182.353        -328.456     182.439             127             127
  203          53.444    -650.790          53.282    -650.735             203             203
  244         626.795   -1206.616         626.572   -1206.706             244             244
  243         765.289     361.580         765.293     361.468             243             243
  228         140.247    -613.834         140.110    -613.844             228             228
  149        1831.887    -351.643        1831.817    -351.894             149             149
  231        1023.976    -407.813        1024.000    -408.000             231             231
  197        -154.100     895.701        -153.933     895.696             197             197
   10         388.115      -6.216         388.122      -6.238              10              10
   33         869.475      80.239         869.519      80.157              33              33
  233         936.080    -734.705         936.099    -734.845             233             233
  173        -817.815    1388.270        -817.532    1388.398             173             173
  208        -860.826    -725.622        -860.928    -725.436             208             208
  213         569.723      98.547         569.711      98.533             213             213
   99         595.960   -1694.001         595.797   -1694.078              99              99
   72       -1132.019     -98.943       -1132.020     -98.879              72              72
   96         262.409     281.451         262.378     281.361              96              96
  103        1274.003    1285.868        1274.181    1285.762             103             103
  232         479.513   -1630.272         479.391   -1630.282             232             232
  251        -536.668     154.511        -536.576     154.576             251             251
  130        -213.339   -1615.194        -213.539   -1615.213             130             130
  193         206.399    -205.497         206.392    -205.676             193             193
  126          15.998    1257.785          16.212    1257.713             126             126
  226        -283.616    -448.112        -283.645    -448.113             226             226
  115         173.067     715.987         173.207     715.906             115             115
  107        -922.754     -88.490        -922.762     -88.426             107             107
   29         461.767    1259.612         461.911    1259.496              29              29
   27        1500.692    1427.937        1501.021    1427.808              27              27
  206       -1847.954    -792.724       -1847.913    -792.391             206             206
   19       -1322.732    -337.315       -1322.774    -337.170              19              19
  140       -1165.987     600.339       -1165.967     600.453             140             140
   78        -554.612     904.714        -554.592     904.805              78              78
  222         259.995     336.557         259.972     336.572             222             222
  129        -628.213    -107.629        -628.289    -107.516             129             129
   65        -637.324     195.860        -637.467     195.948              65              65
  195        2910.940     154.892        2910.939     154.449             195             195
   22        -818.805    1345.253        -818.510    1345.405              22              22
   41         367.605    -266.389         367.622    -266.382              41              41
  136       -1001.283     329.764       -1001.181     329.919             136             136
   32        -394.275     344.352        -394.206     344.410              32              32
   74       -1277.551    1109.048       -1277.402    1109.270              74              74
  114        -858.078    1040.413        -858.003    1040.663             114             114
  206       -1054.932     233.644       -1055.043     233.980             206             206
   27         704.606   -1441.232         704.268   -1441.274              27              27
   71         182.015    1057.896         182.160    1057.895              71              71
   49        -928.270     221.760        -928.260     222.033              49              49
   99        -886.625    -911.553        -886.852    -911.335              99              99
  168       -1155.613      36.695       -1155.784      36.908             168             168
  153         314.243    -283.678         314.004    -283.676             153             153
   76         177.959    -298.275         177.779    -298.275              76              76
  164        -139.646    -530.014        -139.864    -530.027             164             164
   28         457.966    1362.325         458.064    1362.279              28              28
   14        -574.784    -116.419        -574.919    -116.211              14              14
   34          64.137    -625.369          63.892    -625.321              34              34
  255        -830.131    -180.231        -830.376    -180.092             255             255
  129        1221.446      27.574        1221.231      27.389             129             129
  142         691.368     629.775         691.361     629.728             142             142
   28        -491.340    -449.856        -491.566    -449.696              28              28
  157         886.440    -150.481         886.234    -150.565             157             157
   93         566.753    -660.221         566.528    -660.284              93              93
   47         374.250    -230.683         374.123    -230.753              47              47
   42        -762.831    -160.914        -763.005    -160.798              42              42
  171         -46.306    -718.648         -46.642    -718.715             171             171
   14        -743.221    1083.877        -743.335    1083.930              14              14
  171        -434.216     607.580        -434.565     607.684             171             171
  236        1829.575     235.483        1829.165     235.237             236             236
  209        1338.928    -160.480        1338.542    -160.698             209             209
  194         857.877    1142.298         857.675    1142.177             194             194
   22       -1401.764    1035.270       -1402.335    1035.659              22              22
   89        -386.172    -871.857        -388.054    -871.657              89              89
