SINAL     NFT                         FFT                         NFT INVERSA     FFT INVERSA
-----     -----------------------     -----------------------     -----------     -----------
   35       31114.000       0.000       31114.000       0.000              35              35
  248        1268.170     828.378        1268.177     828.378             248             248
  218        -258.922    -455.310        -258.915    -455.309             218             218
   65         594.661    1010.613         594.669    1010.614              65              65
   91        -306.584   -1546.836        -306.580   -1546.835              91              91
  232         450.218     402.824         450.227     402.823             232             232
   74        -553.086     266.701        -553.077     266.704              74              74
  230        -408.619    -557.111        -408.616    -557.109             230             230
   50         391.676     373.022         391.685     373.021              50              50
   77        -600.664    -600.943        -600.661    -600.939              77              77
   50          62.822      34.714          62.829      34.715              50              50
   85        -994.580    -655.159        -994.581    -655.153              85              85
  176         235.073     897.326         235.079     897.326             176             176
  249        1468.282   -1251.796        1468.277   -1251.805             249             249
  199        -215.913     138.099        -215.905     138.097             199             199
  122         393.665     409.089         393.670     409.086             122             122
  108        2359.230     131.127        2359.242     131.105             108             108
   93        -827.712    1106.793        -827.686    1106.813              93              93
  230         798.479   -2403.945         798.462   -2403.947             230             230
   99         -80.010      -3.161         -79.998      -3.162              99              99
  234          24.576   -1918.248          24.561   -1918.255             234             234
   51         308.769     641.620         308.787     641.601              51              51
  232        -169.525    1471.629        -169.498    1471.631             232             232
   53         917.981    -127.305         917.988    -127.309              53              53
   68         820.292   -1321.496         820.291   -1321.511              68              68
   17        -690.536     370.580        -690.514     370.580              17              17
  100         493.735     895.507         493.763     895.501             100             100
  248         189.252    -545.555         189.264    -545.555             248             248
   91        -898.500    -361.406        -898.488    -361.397              91              91
    6        -904.023     544.703        -904.008     544.713               6               6
  168         353.027      61.648         353.033      61.636             168             168
  127         271.704     676.219         271.729     676.209             127             127
  255         -28.987     713.321         -28.954     713.322             255             255
  131        -714.228     644.872        -714.198     644.891             131             131
  192        -839.452     735.998        -839.429     736.024             192             192
   91        -104.229     463.055        -104.214     463.068              91              91
  107       -1101.718     628.091       -1101.708     628.130             107             107
   11         798.111     527.103         798.117     527.101              11              11
   65         107.226     985.105         107.251     985.132              65              65
  158        1146.280    -429.158        1146.279    -429.148             158             158
   89         468.388   -1254.784         468.382   -1254.772              89              89
  115        -715.834    -918.812        -715.837    -918.786             115             115
  243          -2.211    -221.727          -2.204    -221.724             243             243
    9         -20.143     321.964         -20.118     321.979               9               9
  109         -14.032    -709.270         -14.027    -709.251             109             109
  187       -1650.803    -430.893       -1650.807    -430.834             187             187
  131         266.266    -357.501         266.250    -357.493             131             131
  218        1033.133   -1190.256        1033.122   -1190.277             218             218
   24       -1933.775    -334.959       -1933.767    -334.897              24              24
  105        -269.056      45.549        -269.064      45.579             105             105
   62         451.870   -2473.331         451.795   -2473.338              62              62
    2        -439.871   -1422.033        -439.908   -1422.056               2               2
  157         383.201    1244.220         383.259    1244.187             157             157
   38       -1784.160    -409.666       -1784.170    -409.600              38              38
   55        -184.433    -871.147        -184.488    -871.153              55              55
  225         522.195     768.870         522.205     768.846             225             225
   55         609.935    -356.999         609.918    -357.012              55              55
  156         757.804    -141.029         757.810    -141.048             156             156
  218         118.647    -818.355         118.634    -818.352             218             218
  147        -262.075    -627.852        -262.096    -627.843             147             147
  163        1624.106   -1397.625        1624.073   -1397.708             163             163
  130        -335.015     525.245        -334.952     525.231             130             130
   18        -212.548      -7.442        -212.514      -7.437              18              18
  162       -1387.892    -569.585       -1387.901    -569.538             162             162
    6        -732.952    -609.007        -733.000    -609.000               6               6
  211        1583.620     328.174        1583.633     328.083             211             211
  253        -216.596     412.913        -216.555     412.916             253             253
  114         264.783    -150.828         264.792    -150.841             114             114
  223         487.615     -88.789         487.640     -88.814             223             223
   63          64.670    -427.538          64.701    -427.552              63              63
   16       -1966.537     162.832       -1966.515     162.909              16              16
   56         738.798    -554.808         738.769    -554.858              56              56
  179         125.631     -35.570         125.660     -35.613             179             179
    4        -854.231    1507.201        -854.141    1507.229               4               4
   65         546.701     445.180         546.748     445.178              65              65
   32        -785.859     135.327        -785.807     135.398              32              32
  191       -2159.267    -961.990       -2159.318    -961.862             191             191
  196         -10.101   -1158.236         -10.192   -1158.251             196             196
  251         150.270     390.184         150.269     390.161             251             251
  215        1120.073    -747.790        1120.049    -747.851             215             215
   46        -709.102    -769.108        -709.121    -769.105              46              46
   57         476.719     175.206         476.743     175.140              57              57
  217        -145.557    -228.266        -145.540    -228.306             217             217
  203         -71.872    1615.063         -71.750    1615.042             203             203
   96       -1537.135     339.986       -1537.113     340.082              96              96
   17        1213.241     -73.107        1213.251     -73.170              17              17
  173       -1503.587     293.529       -1503.548     293.617             173             173
  151         541.756    -736.642         541.725    -736.677             151             151
  174       -1092.319    -337.638       -1092.325    -337.614             174             174
  135         577.265     503.772         577.309     503.697             135             135
   42        -554.982     747.419        -554.896     747.427              42              42
   81       -1372.822     394.405       -1372.785     394.462              81              81
   10        -832.800    1807.687        -832.717    1807.746              10              10
   61         710.947     296.655         710.966     296.660              61              61
  244        -499.176    -492.316        -499.167    -492.263             244             244
   16       -1231.309    -138.611       -1231.298    -138.543              16              16
   17       -1849.036     405.215       -1849.047     405.321              17              17
  242           3.375     822.378           3.363     822.393             242             242
  130         956.269     177.518         956.270     177.499             130             130
  240        -872.499   -1254.055        -872.569   -1253.995             240             240
   49       -1227.486    -241.421       -1227.558    -241.392              49              49
  147        1812.488     897.124        1812.515     896.953             147             147
   40        -241.646    2354.173        -241.471    2354.198              40              40
  228         -23.976    1508.497         -23.870    1508.595             228             228
  151        -218.941    -762.968        -218.987    -762.856             151             151
  105          19.094    -689.211          19.054    -689.163             105             105
    5        -122.609    -625.642        -122.635    -625.613               5               5
   86        -323.603      46.961        -323.569      47.005              86              86
   46       -1990.033    -597.489       -1990.094    -597.330              46              46
    1         102.090     275.078         102.056     275.100               1               1
   45        -652.246    -996.111        -652.361    -996.036              45              45
   92        -187.772    -364.273        -187.872    -364.249              92              92
   59         507.821   -1307.046         507.647   -1307.105              59              59
    7        1426.661     566.056        1426.650     565.923               7               7
   40        2225.981      18.388        2226.015      18.236              40              40
  155        -281.156    -606.987        -281.145    -606.969             155             155
   25         844.016     145.022         844.065     144.950              25              25
  213         364.770      48.664         364.845      48.649             213             213
   50        -537.799    -318.207        -537.760    -318.148              50              50
  199        -399.024    -698.510        -399.038    -698.478             199             199
   92        -544.605    -480.107        -544.621    -480.083              92              92
   93         181.929    -208.764         181.941    -208.794              93              93
   25        -199.372    -983.642        -199.390    -983.667              25              25
  103       -1362.052    -134.715       -1362.022    -134.688             103             103
  155       -1483.146    1276.441       -1483.078    1276.524             155             155
   14         630.891    -564.290         630.822    -564.374              14              14
  119       -1007.609    2031.593       -1007.454    2031.672             119             119
  172         251.930    -228.825         251.886    -228.794             172             172
    0          28.000      -0.024          28.000       0.000              -0               0
  250         251.839     228.762         251.884     228.794             250             250
  156       -1007.289   -2031.756       -1007.451   -2031.673             156             156
   50         630.747     564.464         630.821     564.376              50              50
  141       -1483.002   -1276.617       -1483.076   -1276.527             141             141
  197       -1361.992     134.653       -1362.024     134.685             197             197
   22        -199.411     983.693        -199.390     983.667              22              22
   37         181.954     208.827         181.941     208.794              37              37
   47        -544.640     480.055        -544.622     480.082              47              47
   28        -399.057     698.440        -399.039     698.477              28              28
  123        -537.716     318.078        -537.761     318.147             123             123
   93         364.934     -48.629         364.846     -48.648              93              93
   29         844.125    -144.860         844.065    -144.947              29              29
  169        -281.135     606.945        -281.147     606.968             169             169
  186        2226.059     -18.041        2226.016     -18.232             186             186
   88        1426.637    -565.752        1426.651    -565.920              88              88
  177         507.421    1307.181         507.646    1307.105             177             177
  226        -188.002     364.217        -187.872     364.248             226             226
  244        -652.520     995.935        -652.365     996.035             244             244
  202         102.011    -275.129         102.057    -275.100             202             202
  184       -1990.179     597.109       -1990.095     597.328             184             184
   39        -323.522     -47.068        -323.569     -47.006              39              39
  146        -122.671     625.570        -122.635     625.612             146             146
   20          18.995     689.094          19.052     689.163              20              20
  132        -219.057     762.693        -218.988     762.856             132             132
  172         -23.706   -1508.741         -23.866   -1508.595             172             172
  123        -241.200   -2354.236        -241.467   -2354.198             123             123
   31        1812.559    -896.684        1812.517    -896.948              31              31
  186       -1227.670     241.345       -1227.558     241.390             186             186
  243        -872.685    1253.898        -872.573    1253.993             243             243
  204         956.273    -177.466         956.270    -177.497             204             204
  187           3.343    -822.418           3.364    -822.394             187             187
  238       -1849.064    -405.499       -1849.046    -405.322             238             238
  105       -1231.278     138.424       -1231.297     138.540             105             105
  237        -499.156     492.172        -499.169     492.263             237             237
  124         711.000    -296.665         710.967    -296.658             124             124
   46        -832.563   -1807.851        -832.714   -1807.746              46              46
    4       -1372.715    -394.570       -1372.783    -394.466               4               4
  161        -554.735    -747.444        -554.894    -747.428             161             161
   93         577.393    -503.555         577.310    -503.696              93              93
   32       -1092.337     337.567       -1092.325     337.613              32              32
   29         541.665     736.749         541.725     736.679              29              29
  187       -1503.470    -293.796       -1503.548    -293.620             187             187
   62        1213.270      73.301        1213.250      73.173              62              62
  198       -1537.066    -340.280       -1537.111    -340.083             198             198
  117         -71.490   -1614.996         -71.746   -1615.041             117             117
  151        -145.503     228.392        -145.540     228.307             151             151
  119         476.793    -174.997         476.742    -175.139             119             119
   88        -709.163     769.099        -709.122     769.105              88              88
  140        1119.992     747.997        1120.047     747.854             140             140
   66         150.269    -390.107         150.269    -390.161              66              66
   16         -10.411    1158.288         -10.196    1158.252              16              16
  179       -2159.439     961.554       -2159.318     961.859             179             179
  212        -785.681    -135.569        -785.807    -135.399             212             212
   37         546.865    -445.169         546.749    -445.176              37              37
   55        -853.911   -1507.302        -854.138   -1507.231              55              55
  128         125.735      35.722         125.661      35.613             128             128
  161         738.693     554.992         738.768     554.860             161             161
   87       -1966.457    -163.119       -1966.515    -162.912              87              87
   58          64.783     427.590          64.699     427.552              58              58
  149         487.713      88.886         487.642      88.816             149             149
   35         264.817     150.878         264.792     150.842              35              35
  245        -216.435    -412.922        -216.554    -412.915             245             245
  131        1583.670    -327.811        1583.632    -328.078             131             131
  140        -733.145     608.979        -733.000     609.000             140             140
  227       -1387.928     569.380       -1387.902     569.534             227             227
    0        -212.406       7.421        -212.513       7.438              -0               0
  187        -334.749    -525.191        -334.951    -525.232             187             187
  231        1623.961    1397.994        1624.071    1397.712             231             231
  161        -262.169     627.814        -262.097     627.843             161             161
   24         118.588     818.347         118.634     818.354              24              24
    8         757.829     141.116         757.808     141.049               8               8
  190         609.859     357.060         609.918     357.013             190             190
  212         522.249    -768.753         522.207    -768.844             212             212
   71        -184.695     871.174        -184.489     871.153              71              71
  133       -1784.212     409.339       -1784.172     409.597             133             133
   74         383.492   -1244.054         383.260   -1244.185              74              74
  223        -440.064    1422.143        -439.911    1422.054             223             223
  252         451.476    2473.367         451.791    2473.339             252             252
  162        -269.098     -45.708        -269.065     -45.580             162             162
  107       -1933.733     334.622       -1933.767     334.895             107             107
   62        1033.066    1190.377        1033.120    1190.279              62              62
  179         266.172     357.452         266.249     357.492             179             179
   30       -1650.827     430.545       -1650.808     430.830              30              30
   19         -14.007     709.160         -14.028     709.251              19              19
  217         -19.988    -322.053         -20.116    -321.979             217             217
   86          -2.170     221.709          -2.204     221.724              86              86
  147        -715.857     918.647        -715.839     918.784             147             147
  122         468.348    1254.709         468.381    1254.773             122             122
  173        1146.274     429.101        1146.279     429.150             173             173
  206         107.402    -985.286         107.253    -985.132             206             206
   16         798.157    -527.086         798.119    -527.100              16              16
  209       -1101.639    -628.366       -1101.706    -628.130             209             209
  196        -104.114    -463.149        -104.213    -463.069             196             196
  148        -839.278    -736.197        -839.427    -736.025             148             148
   94        -713.992    -645.020        -714.197    -644.893              94              94
  168         -28.718    -713.326         -28.953    -713.321             168             168
  148         271.927    -676.131         271.731    -676.208             148             148
   25         353.076     -61.546         353.033     -61.635              25              25
  143        -903.879    -544.797        -904.006    -544.715             143             143
   53        -898.391     361.317        -898.489     361.396              53              53
   50         189.362     545.557         189.263     545.555              50              50
  152         494.015    -895.435         493.766    -895.499             152             152
  243        -690.306    -370.593        -690.513    -370.582             243             243
    7         820.270    1321.658         820.289    1321.512               7               7
  223         918.053     127.356         917.987     127.311             223             223
  121        -169.195   -1471.656        -169.496   -1471.631             121             121
   81         308.991    -641.384         308.788    -641.600              81              81
  190          24.370    1918.349          24.558    1918.257             190             190
  117         -79.851       3.168         -79.998       3.161             117             117
  244         798.210    2403.979         798.457    2403.949             244             244
   42        -827.318   -1107.094        -827.683   -1106.815              42              42
  180        2359.421    -130.766        2359.242    -131.103             180             180
  168         393.754    -409.029         393.671    -409.085             168             168
   72        -215.775    -138.083        -215.905    -138.099              72              72
  199        1468.157    1252.007        1468.274    1251.809             199             199
  129         235.208    -897.326         235.081    -897.326             129             129
  158        -994.610     655.001        -994.583     655.151             158             158
   91          62.982     -34.727          62.828     -34.714              91              91
  252        -600.572     600.798        -600.662     600.937             252             252
   76         391.954    -372.997         391.685    -373.022              76              76
   42        -408.490     557.005        -408.617     557.107              42              42
   12        -552.707    -266.852        -553.077    -266.705              12              12
   29         450.673    -402.724         450.228    -402.822              29              29
  239        -306.376    1546.722        -306.582    1546.834             239             239
  160         595.433   -1010.609         594.672   -1010.613             160             160
  124        -258.104     455.219        -258.916     455.309             124             124
  151        1270.002    -828.202        1268.178    -828.375             151             151
