SINAL     NFT                         FFT                         NFT INVERSA     FFT INVERSA
-----     -----------------------     -----------------------     -----------     -----------
  196       31705.000       0.000       31705.000       0.000             196             196
   94       -1318.071     -67.317       -1318.065     -67.316              94              94
    7         115.501     -17.917         115.508     -17.918               7               7
  123        -623.759     210.380        -623.752     210.380             123             123
  131         238.438     898.872         238.445     898.872             131             131
   87        -229.084     614.689        -229.077     614.691              87              87
   13        1037.128    -389.197        1037.133    -389.199              13              13
  255        -711.331    -162.639        -711.325    -162.634             255             255
   26         957.941    -504.296         957.943    -504.300              26              26
   47         -64.761    -973.540         -64.759    -973.541              47              47
  130          57.557    -385.798          57.558    -385.804             130             130
  193        1204.549    1035.262        1204.561    1035.251             193             193
  107         211.364     292.233         211.375     292.230             107             107
  199         459.069     607.633         459.082     607.630             199             199
   20         250.921    -211.406         250.930    -211.411              20              20
  153         131.111     716.385         131.130     716.382             153             153
   52       -1695.024     738.621       -1695.009     738.638              52              52
   52        -935.518    1000.966        -935.512    1000.982              52              52
  147         966.712    -908.995         966.697    -909.004             147             147
   34         434.911    1245.814         434.927    1245.809              34              34
    8         671.454    -368.155         671.452    -368.159               8               8
   95         437.255    1052.811         437.269    1052.812              95              95
   70        2226.864   -1467.608        2226.853   -1467.636              70              70
  154         866.885     926.254         866.922     926.239             154             154
  175        -696.164    -904.555        -696.158    -904.547             175             175
  212          -0.882    1170.039          -0.849    1170.032             212             212
   59        -795.611     969.784        -795.585     969.802              59              59
   94        -627.792    -313.493        -627.798    -313.479              94              94
   69        1574.083     784.512        1574.107     784.487              69              69
  166        -968.071     705.182        -968.041     705.210             166             166
  121        -183.495    -372.389        -183.492    -372.374             121             121
   10       -1251.611    -394.649       -1251.618    -394.625              10              10
    4         527.022     606.511         527.028     606.500               4               4
  128         805.456     680.494         805.482     680.487             128             128
  133       -1536.846    -182.549       -1536.847    -182.502             133             133
  136        1134.079    -412.428        1134.068    -412.445             136             136
  216        -544.054    -756.884        -544.066    -756.875             216             216
  147        -124.673     259.429        -124.675     259.422             147             147
  135        1588.114      18.679        1588.123      18.627             135             135
  242        -682.744    2056.220        -682.678    2056.236             242             242
  195          11.157     666.337          11.181     666.358             195             195
   10        -716.068     382.438        -716.057     382.477              10              10
  179          53.088     277.554          53.090     277.576             179             179
   47        -588.261    -274.616        -588.282    -274.578              47              47
  210        1074.839     135.840        1074.828     135.834             210             210
  200        1145.666    -759.981        1145.654    -759.988             200             200
  200         -84.884   -1324.171         -84.905   -1324.160             200             200
    7       -1023.176    -379.152       -1023.191    -379.123               7               7
  252         862.663    -788.720         862.625    -788.746             252             252
   92         253.912   -1718.602         253.852   -1718.638              92              92
   41        1125.988     775.802        1126.014     775.726              41              41
    4         112.495     987.835         112.532     987.814               4               4
  187         806.457    1499.454         806.508    1499.440             187             187
  112         905.853    -446.774         905.853    -446.781             112             112
  158         398.332   -1084.400         398.317   -1084.420             158             158
  107          -8.309      54.433          -8.285      54.407             107             107
   69        -775.366     414.618        -775.355     414.619              69              69
  218        1988.621    1396.569        1988.682    1396.485             218             218
  201        -578.515     975.401        -578.448     975.431             201             201
  138        -170.523     449.672        -170.494     449.690             138             138
  128        -292.091     867.215        -292.053     867.244             128             128
   66        -332.671    -168.130        -332.684    -168.099              66              66
  149         -56.108      61.179         -56.130      61.186             149             149
  132        1643.139     483.665        1643.155     483.605             132             132
  195         394.957     474.003         395.000     474.000             195             195
   27        -477.329    -447.054        -477.347    -447.035              27              27
   12        1366.772     785.154        1366.811     785.084              12              12
  155        -387.413     895.116        -387.363     895.131             155             155
  175         746.200    1772.076         746.277    1772.071             175             175
  148         621.335     189.962         621.354     189.982             148             148
  142         341.895    -262.907         341.891    -262.900             142             142
  115        1175.653     886.175        1175.713     886.141             115             115
  159          73.156     616.796          73.206     616.837             159             159
   66        1625.945    -764.846        1625.945    -764.896              66              66
  162        -119.341     948.256        -119.239     948.281             162             162
  114         -60.532     268.683         -60.477     268.729             114             114
   10        -298.518    -343.581        -298.503    -343.535              10              10
  107          13.695     368.145          13.739     368.170             107             107
  121        -138.284     280.812        -138.245     280.856             121             121
    7         214.912     523.398         214.970     523.442               7               7
  199        -435.919    -255.168        -435.895    -255.069             199             199
  163        -827.564   -2401.017        -827.669   -2400.949             163             163
   11       -1116.182     133.320       -1116.198     133.364              11              11
  131        1158.519     190.136        1158.509     190.086             131             131
   19         569.375     135.048         569.404     135.045              19              19
  170        -164.178     107.667        -164.155     107.729             170             170
  238         797.251   -1992.228         797.164   -1992.242             238             238
   88         263.015   -1511.832         262.980   -1511.888              88              88
  132        -573.186     466.886        -573.120     466.865             132             132
  184         -81.978    1182.686         -81.882    1182.693             184             184
  227        -549.551   -1187.465        -549.593   -1187.438             227             227
    5        -454.378     834.532        -454.321     834.532               5               5
  251         301.660     293.662         301.693     293.637             251             251
  121         -24.288     282.036         -24.230     282.017             121             121
  137        -924.887    1549.911        -924.760    1549.968             137             137
  190        -956.339    1152.285        -956.265    1152.392             190             190
  148        -593.013     -29.587        -593.029     -29.501             148             148
  150        -172.232     594.997        -172.205     595.051             150             150
   90       -1059.275      74.541       -1059.306      74.661              90              90
   68        1276.870     122.625        1276.854     122.598              68              68
   43        -289.641    -510.340        -289.663    -510.277              43              43
  232        -453.355    -553.850        -453.418    -553.809             232             232
  183        1507.813     595.613        1507.851     595.525             183             183
  203         435.762     813.340         435.878     813.363             203             203
   43       -1382.796     228.157       -1382.746     228.342              43              43
   90        -641.646   -1852.919        -641.793   -1852.826              90              90
   61         452.667     -10.152         452.663     -10.174              61              61
   53        -989.093    -422.522        -989.132    -422.431              53              53
  197         268.501    -270.113         268.455    -270.109             197             197
  182         -35.687   -1104.629         -35.776   -1104.636             182             182
   60        -342.427     963.171        -342.390     963.191              60              60
  140         665.411     106.215         665.389     106.213             140             140
   89         464.322    -575.685         464.280    -575.684              89              89
   72        -442.791    -339.715        -442.841    -339.664              72              72
   16        1314.760    -544.803        1314.700    -544.895              16              16
  109         249.495    -305.100         249.478    -305.133             109             109
  243         897.381     713.129         897.438     713.075             243             243
  254        1150.088    -670.875        1150.078    -670.937             254             254
  197         700.958    -520.513         701.001    -520.587             197             197
  120        -841.669    1032.161        -841.527    1032.231             120             120
  182         -22.908    -921.704         -22.952    -921.702             182             182
  169          21.290    1503.355          21.436    1503.364             169             169
  125         225.290    -159.454         225.313    -159.407             125             125
  177         541.737    -568.907         541.761    -568.911             177             177
   34        -271.733    -760.621        -271.702    -760.599              34              34
    7        -499.823    -229.639        -499.739    -229.629               7               7
  112       -2242.578     578.211       -2242.481     578.368             112             112
  183        -618.094    1258.983        -617.984    1259.070             183             183
  158       -1555.000      -0.215       -1555.000       0.000             158             158
  203        -617.867   -1259.162        -617.981   -1259.072             203             203
  251       -2242.380    -578.539       -2242.480    -578.373             251             251
  202        -499.652     229.617        -499.739     229.628             202             202
  180        -271.670     760.574        -271.703     760.598             180             180
  179         541.783     568.916         541.759     568.912             179             179
  149         225.338     159.356         225.313     159.407             149             149
  223          21.604   -1503.376          21.440   -1503.365             223             223
   13         -23.005     921.698         -22.954     921.701              13              13
  211        -841.360   -1032.313        -841.525   -1032.232             211             211
   21         701.054     520.676         701.002     520.589              21              21
  210        1150.067     671.014        1150.078     670.940             210             210
  137         897.509    -713.009         897.439    -713.074             137             137
   82         249.456     305.173         249.477     305.133              82              82
   95        1314.625     545.010        1314.699     544.896              95              95
  227        -442.904     339.599        -442.842     339.663             227             227
  155         464.225     575.684         464.279     575.685             155             155
  111         665.361    -106.206         665.389    -106.210             111             111
   81        -342.337    -963.218        -342.388    -963.192              81              81
  143         -35.900    1104.645         -35.779    1104.636             143             143
  110         268.390     270.102         268.454     270.108             110             110
   23        -989.187     422.299        -989.133     422.428              23              23
    7         452.656      10.204         452.662      10.174               7               7
   37        -642.007    1852.690        -641.796    1852.824              37              37
  192       -1382.673    -228.614       -1382.746    -228.343             192             192
  133         436.053    -813.396         435.880    -813.363             133             133
  214        1507.909    -595.387        1507.852    -595.521             214             214
  227        -453.516     553.744        -453.419     553.807             227             227
  141        -289.698     510.177        -289.664     510.275             141             141
   71        1276.829    -122.551        1276.855    -122.596              71              71
  154       -1059.358     -74.856       -1059.307     -74.663             154             154
   44        -172.159    -595.142        -172.203    -595.052              44              44
   18        -593.055      29.356        -593.028      29.500              18              18
  150        -956.135   -1152.578        -956.263   -1152.394             150             150
  246        -924.535   -1550.068        -924.756   -1549.969             246             246
  199         -24.127    -281.987         -24.229    -282.019             199             199
   73         301.754    -293.594         301.694    -293.638              73              73
  139        -454.214    -834.531        -454.319    -834.532             139             139
  166        -549.675    1187.387        -549.595    1187.437             166             166
   86         -81.694   -1182.708         -81.877   -1182.693              86              86
   94        -572.992    -466.827        -573.118    -466.866              94              94
  187         262.907    1511.999         262.977    1511.889             187             187
   41         796.987    1992.272         797.161    1992.243              41              41
  232        -164.107    -107.856        -164.154    -107.729             232             232
   13         569.465    -135.039         569.405    -135.045              13              13
  137        1158.490    -189.979        1158.509    -190.084             137             137
  204       -1116.230    -133.461       -1116.197    -133.367             204             204
  168        -827.904    2400.801        -827.674    2400.948             168             168
  248        -435.843     254.852        -435.896     255.069             248             248
   29         215.104    -523.540         214.971    -523.442              29              29
   55        -138.152    -280.955        -138.243    -280.856              55              55
  103          13.845    -368.228          13.741    -368.171             103             103
   52        -298.468     343.424        -298.503     343.533              52              52
   63         -60.345    -268.840         -60.477    -268.730              63              63
  140        -118.986    -948.344        -119.237    -948.282             140             140
  245        1625.946     765.025        1625.945     764.899             245             245
  197          73.334    -616.941          73.207    -616.837             197             197
   99        1175.871    -886.051        1175.715    -886.140              99              99
  216         341.882     262.882         341.892     262.901             216             216
   82         621.408    -190.033         621.355    -189.981              82              82
  170         746.493   -1772.056         746.280   -1772.070             170             170
  115        -387.219    -895.175        -387.361    -895.132             115             115
  127        1366.925    -784.878        1366.813    -785.081             127             127
  189        -477.401     446.976        -477.347     447.033             189             189
    9         395.128    -473.990         395.000    -474.000               9               9
  117        1643.203    -483.405        1643.155    -483.600             117             117
  132         -56.194     -61.204         -56.129     -61.185             132             132
   82        -332.728     167.997        -332.684     168.098              82              82
    1        -291.923    -867.344        -292.051    -867.246               1               1
   42        -170.395    -449.751        -170.493    -449.690              42              42
  169        -578.212    -975.538        -578.446    -975.433             169             169
   96        1988.903   -1396.181        1988.685   -1396.480              96              96
  230        -775.315    -414.626        -775.354    -414.620             230             230
  211          -8.202     -54.313          -8.287     -54.407             211             211
   72         398.260    1084.497         398.316    1084.421              72              72
  244         905.850     446.813         905.852     446.783             244             244
   92         806.716   -1499.379         806.511   -1499.438              92              92
   21         112.685    -987.728         112.534    -987.813              21              21
  157        1126.123    -775.411        1126.015    -775.724             157             157
   85         253.591    1718.789         253.848    1718.638              85              85
   51         862.456     788.861         862.624     788.747              51              51
  213       -1023.272     378.985       -1023.194     379.121             213             213
  188         -85.007    1324.112         -84.907    1324.161             188             188
  103        1145.592     760.028        1145.652     759.989             103             103
   21        1074.777    -135.798        1074.829    -135.832              21              21
   72        -588.389     274.387        -588.283     274.576              72              72
   93          53.104    -277.690          53.090    -277.577              93              93
  218        -715.997    -382.690        -716.057    -382.480             218             218
  172          11.315    -666.467          11.183    -666.357             172             172
   54        -682.292   -2056.330        -682.673   -2056.237              54              54
   45        1588.169     -18.319        1588.122     -18.624              45              45
   86        -124.683    -259.380        -124.674    -259.422              86              86
  169        -544.140     756.821        -544.067     756.875             169             169
  172        1133.994     412.561        1134.066     412.448             172             172
   20       -1536.858     182.190       -1536.848     182.500              20              20
  179         805.659    -680.438         805.483    -680.486             179             179
   34         527.077    -606.419         527.029    -606.499              34              34
  152       -1251.678     394.438       -1251.620     394.623             152             152
    6        -183.475     372.265        -183.493     372.374               6               6
   35        -967.798    -705.442        -968.039    -705.213              35              35
  195        1574.307    -784.263        1574.108    -784.484             195             195
  175        -627.848     313.348        -627.799     313.477             175             175
  131        -795.337    -969.975        -795.581    -969.805             131             131
  170          -0.535   -1169.967          -0.846   -1170.032             170             170
  131        -696.100     904.477        -696.158     904.548             131             131
  204         867.309    -926.083         866.924    -926.237             204             204
  158        2226.723    1467.954        2226.850    1467.640             158             158
  223         437.435   -1052.815         437.271   -1052.811             223             223
  225         671.418     368.222         671.451     368.160             225             225
   60         435.135   -1245.750         434.929   -1245.809              60              60
   52         966.501     909.131         966.696     909.006              52              52
   20        -935.419   -1001.204        -935.510   -1000.983              20              20
   17       -1694.774    -738.901       -1695.008    -738.640              17              17
  240         131.455    -716.310         131.131    -716.381             240             240
  124         251.074     211.481         250.929     211.410             124             124
   39         459.338    -607.546         459.084    -607.627              39              39
   57         211.592    -292.165         211.376    -292.230              57              57
  218        1204.855   -1034.958        1204.563   -1035.247             218             218
    1          57.589     385.958          57.557     385.803               1               1
  229         -64.750     973.585         -64.762     973.542             229             229
   16         958.008     504.432         957.942     504.302              16              16
   47        -711.160     162.482        -711.326     162.634              47              47
   60        1037.304     389.297        1037.131     389.201              60              60
  185        -228.737    -614.804        -229.077    -614.691             185             185
  220         238.921    -898.818         238.446    -898.871             220             220
   81        -623.237    -210.419        -623.753    -210.380              81              81
  108         116.264      17.988         115.508      17.918             108             108
  254       -1316.431      67.130       -1318.064      67.314             254             254
