SINAL     NFT                         FFT                         NFT INVERSA     FFT INVERSA
-----     -----------------------     -----------------------     -----------     -----------
  108       32919.000       0.000       32919.000       0.000             108             108
   70        -836.111    -314.138        -836.105    -314.137              70              70
  167        -182.958   -1170.789        -182.952   -1170.789             167             167
  181        -974.018    -521.437        -974.013    -521.435             181             181
  115        -314.440    -153.522        -314.435    -153.520             115             115
   53         439.046   -1946.534         439.046   -1946.535              53              53
   76        1014.146    -895.053        1014.150    -895.060              76              76
  121        -232.831    1376.341        -232.817    1376.340             121             121
  137        -502.994    -742.930        -502.991    -742.928             137             137
  193         334.746     274.632         334.753     274.630             193             193
  100         841.565    -616.652         841.571    -616.658             100             100
  250        -393.929      69.603        -393.916      69.602             250             250
  182       -1781.308    1130.584       -1781.293    1130.598             182             182
  197        -308.617    -586.913        -308.620    -586.909             197             197
  167         -98.524    -339.509         -98.526    -339.512             167             167
   14          90.819     547.156          90.825     547.150              14              14
  183        1213.992    1448.660        1214.013    1448.651             183             183
  121        -791.746    -215.129        -791.742    -215.115             121             121
  189         217.125     -46.650         217.125     -46.653             189             189
  189         965.262    1226.961         965.283    1226.954             189             189
   73         291.121     372.176         291.137     372.184              73              73
   39         408.923    -244.346         408.937    -244.340              39              39
   61       -1687.203    -768.021       -1687.203    -767.993              61              61
  163        -199.040     381.126        -199.037     381.133             163             163
   91         732.634    -515.421         732.631    -515.427              91              91
  128        -391.974      64.338        -391.966      64.348             128             128
  201         705.514    -297.947         705.518    -297.954             201             201
  203       -1035.653     839.741       -1035.632     839.769             203             203
  189         276.131    -984.071         276.116    -984.058             189             189
  166        -265.284   -1475.163        -265.307   -1475.157             166             166
   34         482.169     214.397         482.176     214.387              34              34
   41         703.350     107.243         703.366     107.242              41              41
  236         -92.579   -1033.463         -92.580   -1033.446             236             236
  202       -1079.275   -2121.788       -1079.306   -2121.768             202             202
  223        -809.110    -797.659        -809.128    -797.659             223             223
   95        -229.825    -350.459        -229.835    -350.470              95              95
    0        -715.784    -839.285        -715.811    -839.293               0               0
   43         -21.963    1421.535         -21.948    1421.516              43              43
  217        1588.374     968.408        1588.393     968.377             217             217
  137          27.077    -363.805          27.076    -363.791             137             137
  237         878.618   -1341.201         878.593   -1341.229             237             237
   61         337.178     216.583         337.205     216.560              61              61
  132       -1268.653    -319.970       -1268.655    -319.947             132             132
  163         321.051     267.566         321.049     267.545             163             163
    3         814.505     371.489         814.518     371.462               3               3
   43         660.982     174.101         661.004     174.083              43              43
  178        -457.819    -177.291        -457.812    -177.278             178             178
  186         937.503    -146.675         937.516    -146.706             186             186
  164        -303.011    -148.456        -302.990    -148.449             164             164
  112        -112.907   -1061.261        -112.914   -1061.274             112             112
  120       -1559.194    -149.560       -1559.190    -149.548             120             120
  238         517.320    1301.457         517.370    1301.411             238             238
  152       -2042.777    1229.802       -2042.740    1229.866             152             152
  181         841.131     506.858         841.130     506.833             181             181
  146          55.004    1337.314          55.060    1337.332             146             146
  243       -1427.431    -178.802       -1427.450    -178.718             243             243
   53         602.838   -1582.742         602.754   -1582.756              53              53
   91         846.721    -670.482         846.694    -670.541              91              91
  191        -154.717     475.601        -154.700     475.575             191             191
  242         635.982     467.303         635.995     467.253             242             242
    1         777.046    2009.724         777.136    2009.699               1               1
  226         -71.316    -501.096         -71.318    -501.075             226             226
   28         666.652      43.070         666.680      43.033              28              28
  237       -1115.427     857.401       -1115.372     857.436             237             237
  172        -247.040    1083.977        -247.000    1084.000             172             172
  251        -128.816     319.556        -128.812     319.588             251             251
   77         375.859    -227.692         375.840    -227.690              77              77
  173        1090.720    -553.402        1090.711    -553.458             173             173
   39         273.034    1211.189         273.132    1211.171              39              39
   39       -1775.687     567.554       -1775.649     567.654              39              39
   55          67.934     315.931          67.926     315.956              55              55
   20        1221.634    -474.546        1221.631    -474.584              20              20
  100       -1285.435     182.207       -1285.404     182.275             100             100
  187        -472.724    -132.244        -472.745    -132.212             187             187
  184         462.505     -94.397         462.495     -94.417             184             184
  104        -626.113      -4.737        -626.121      -4.708             104             104
  231         554.851    -355.729         554.815    -355.778             231             231
  106        1183.291    1656.316        1183.394    1656.251             106             106
   35        -966.864     396.860        -966.822     396.930              35              35
  140         368.380    1284.305         368.454    1284.329             140             140
  218        -848.190    -242.271        -848.201    -242.159             218             218
  155         532.972   -2080.449         532.861   -2080.470             155             155
  122        -271.850    1027.987        -271.784    1027.985             122             122
  114        -135.548     728.770        -135.499     728.819             114             114
   80       -1077.914   -1345.311       -1078.001   -1345.219              80              80
   12         755.556    -845.076         755.498    -845.132              12              12
  102       -1296.189     -79.606       -1296.211     -79.566             102             102
  134         144.860     957.821         144.852     957.808             134             134
  104        1603.221    -513.102        1603.163    -513.192             104             104
   37         821.236     443.783         821.273     443.722              37              37
  121         852.314     561.877         852.377     561.829             121             121
  105        -103.185     512.296        -103.119     512.321             105             105
    7        -298.120    -129.295        -298.111    -129.261               7               7
  149        -399.128     234.335        -399.121     234.369             149             149
   87         328.136    -264.904         328.100    -264.928              87              87
  180        1267.882    1196.580        1267.969    1196.512             180             180
  145         102.505     586.506         102.581     586.554             145             145
  165         216.704    -725.843         216.693    -725.809             165             165
   98         -83.975    -853.060         -83.990    -853.052              98              98
  184        -508.879      83.603        -508.848      83.623             184             184
  204         -92.143     169.622         -92.115     169.626             204             204
  153        -162.089     534.268        -162.031     534.296             153             153
  205        -505.908    -347.013        -505.910    -346.956             205             205
   49        -594.917    -564.157        -594.947    -564.125              49              49
   85        -641.009     270.223        -641.003     270.251              85              85
  133        -192.195     104.486        -192.208     104.492             133             133
  153        -271.834     256.954        -271.839     256.963             153             153
   60         187.087     732.497         187.121     732.489              60              60
  240        -447.796     239.846        -447.807     239.897             240             240
  188         386.211      76.575         386.175      76.557             188             188
  200         905.474     514.208         905.497     514.154             200             200
  203         757.869     405.259         757.924     405.227             203             203
   88        -854.837     246.854        -854.824     246.939              88              88
   67        1486.440     452.156        1486.465     452.076              67              67
   62         736.762     418.579         736.852     418.571              62              62
  168        -683.087    -301.259        -683.068    -301.169             168             168
   80         662.078    -254.573         662.097    -254.613              80              80
  164        -416.679     756.107        -416.563     756.155             164             164
   46        -472.592     762.360        -472.483     762.466              46              46
  184       -1529.195   -1132.896       -1529.265   -1132.730             184             184
  202       -1371.715     515.609       -1371.741     515.747             202             202
  167        1025.705    -219.651        1025.627    -219.666             167             167
   34         692.842   -1148.069         692.764   -1148.088              34              34
  210        -114.199    -814.468        -114.228    -814.471             210             210
   61       -1326.554    -708.402       -1326.639    -708.356              61              61
  121        1649.159    1807.583        1649.295    1807.435             121             121
  135       -1057.351     200.981       -1057.319     201.125             135             135
  207        1158.353    -586.128        1158.333    -586.192             207             207
   30       -2029.000      -0.172       -2029.000       0.000              30              30
  233        1158.308     586.261        1158.331     586.194             233             233
  136       -1057.285    -201.278       -1057.318    -201.127             136             136
  235        1649.444   -1807.274        1649.299   -1807.431             235             235
  130       -1326.731     708.302       -1326.640     708.354             130             130
   85        -114.264     814.472        -114.231     814.470              85              85
   28         692.675    1148.109         692.762    1148.088              28              28
  215        1025.540     219.685        1025.626     219.669             215             215
  218       -1371.768    -515.905       -1371.739    -515.748             218             218
  182       -1529.351    1132.532       -1529.269    1132.726             182             182
   20        -472.353    -762.592        -472.482    -762.467              20              20
  202        -416.423    -756.215        -416.561    -756.157             202             202
  115         662.118     254.663         662.097     254.615             115             115
  221        -683.045     301.053        -683.069     301.165             221             221
  149         736.965    -418.559         736.853    -418.569             149             149
  203        1486.499    -451.971        1486.467    -452.072             203             203
   33        -854.806    -247.051        -854.824    -246.940              33              33
  212         757.997    -405.184         757.924    -405.227             212             212
  115         905.528    -514.079         905.498    -514.152             115             115
  113         386.128     -76.532         386.176     -76.557             113             113
  120        -447.820    -239.967        -447.806    -239.897             120             120
  162         187.168    -732.478         187.121    -732.489             162             162
   42        -271.846    -256.974        -271.839    -256.962              42              42
   67        -192.226    -104.500        -192.207    -104.492              67              67
   74        -640.992    -270.293        -641.002    -270.252              74              74
   76        -594.995     564.072        -594.949     564.122              76              76
   22        -505.914     346.867        -505.911     346.955              22              22
  136        -161.939    -534.340        -162.029    -534.296             136             136
  198         -92.071    -169.631         -92.115    -169.626             198             198
  157        -508.798     -83.657        -508.847     -83.625             157             157
   87         -84.016     853.037         -83.992     853.051              87              87
  229         216.675     725.753         216.692     725.810             229             229
  135         102.706    -586.635         102.581    -586.554             135             135
  223        1268.119   -1196.392        1267.970   -1196.510             223             223
  208         328.037     264.969         328.099     264.928             208             208
   10        -399.108    -234.430        -399.121    -234.369              10              10
   53        -298.093     129.198        -298.111     129.260              53              53
  236        -102.997    -512.367        -103.118    -512.321             236             236
  225         852.496    -561.741         852.378    -561.829             225             225
   15         821.343    -443.604         821.274    -443.719              15              15
  162        1603.052     513.367        1603.163     513.194             162             162
  246         144.840    -957.783         144.854    -957.808             246             246
  218       -1296.258      79.484       -1296.212      79.564             218             218
   21         755.380     845.249         755.496     845.134              21              21
  211       -1078.184    1345.030       -1078.004    1345.217             211             211
  112        -135.396    -728.922        -135.498    -728.820             112             112
  225        -271.641   -1027.981        -271.782   -1027.986             225             225
  245         532.617    2080.516         532.856    2080.471             245             245
   68        -848.225     241.912        -848.201     242.158              68              68
   85         368.622   -1284.383         368.456   -1284.329              85              85
  103        -966.725    -397.093        -966.822    -396.932             103             103
  189        1183.641   -1656.097        1183.398   -1656.248             189             189
  247         554.731     355.895         554.815     355.779             247             247
  145        -626.143       4.637        -626.122       4.707             145             145
    1         462.470      94.466         462.495      94.418               1               1
   66        -472.799     132.132        -472.746     132.212              66              66
  222       -1285.325    -182.451       -1285.404    -182.276             222             222
   23        1221.619     474.687        1221.629     474.586              23              23
  202          67.907    -316.022          67.928    -315.956             202             202
  165       -1775.543    -567.928       -1775.648    -567.657             165             165
  181         273.404   -1211.122         273.134   -1211.171             181             181
   34        1090.684     553.619        1090.709     553.460              34              34
  138         375.785     227.686         375.840     227.692             138             138
   60        -128.799    -319.681        -128.811    -319.588              60              60
    2        -246.879   -1084.070        -247.000   -1084.000               2               2
   90       -1115.205    -857.552       -1115.372    -857.439              90              90
   71         666.765     -42.913         666.679     -43.032              71              71
   55         -71.330     501.013         -71.319     501.076              55              55
   71         777.440   -2009.612         777.139   -2009.697              71              71
   41         636.043    -467.081         635.997    -467.252              41              41
   71        -154.639    -475.489        -154.699    -475.576              71              71
  233         846.596     670.753         846.692     670.543             233             233
   31         602.448    1582.812         602.752    1582.758              31              31
   34       -1427.516     178.397       -1427.450     178.714              34              34
  255          55.275   -1337.397          55.062   -1337.332             255             255
  243         841.133    -506.734         841.132    -506.831             243             243
  147       -2042.593   -1230.125       -2042.739   -1229.869             147             147
  224         517.577   -1301.224         517.373   -1301.410             224             224
  232       -1559.172     149.495       -1559.190     149.546             232             232
  216        -112.947    1061.329        -112.917    1061.274             216             216
   53        -302.893     148.417        -302.989     148.449              53              53
   79         937.567     146.849         937.514     146.708              79              79
  149        -457.778     177.214        -457.812     177.278             149             149
   45         661.111    -173.994         661.005    -174.081              45              45
  225         814.582    -371.323         814.518    -371.459             225             225
  151         321.040    -267.439         321.049    -267.545             151             151
  112       -1268.666     319.824       -1268.655     319.945             112             112
  192         337.350    -216.441         337.205    -216.559             192             192
  175         878.450    1341.380         878.591    1341.229             175             175
   59          27.063     363.716          27.074     363.791              59              59
  101        1588.510    -968.191        1588.396    -968.373             101             101
  100         -21.852   -1421.403         -21.945   -1421.515             100             100
   93        -715.981     839.343        -715.812     839.293              93              93
  240        -229.902     350.540        -229.836     350.470             240             240
  161        -809.243     797.658        -809.129     797.658             161             161
   96       -1079.529    2121.626       -1079.311    2121.765              96              96
   74         -92.590    1033.324         -92.581    1033.446              74              74
  232         703.473    -107.224         703.364    -107.241             232             232
  151         482.226    -214.302         482.176    -214.386             151             151
  146        -265.508    1475.104        -265.311    1475.156             146             146
   17         275.982     983.957         276.114     984.059              17              17
  223       -1035.440    -840.029       -1035.630    -839.773             223             223
  124         705.555     298.023         705.518     297.955             124             124
   49        -391.898     -64.450        -391.966     -64.349              49              49
    1         732.592     515.478         732.630     515.427               1               1
  124        -199.003    -381.211        -199.036    -381.134             124             124
   37       -1687.220     767.680       -1687.205     767.991              37              37
  149         409.081     244.276         408.936     244.341             149             149
   92         291.330    -372.272         291.138    -372.183              92              92
   13         965.551   -1226.849         965.285   -1226.952              13              13
  109         217.133      46.689         217.126      46.653             109             109
  146        -791.675     214.913        -791.741     215.113             146             146
   93        1214.335   -1448.494        1214.015   -1448.649              93              93
    3          90.920    -547.058          90.824    -547.151               3               3
  192         -98.558     339.556         -98.526     339.512             192             192
   63        -308.697     586.821        -308.622     586.908              63              63
  154       -1780.979   -1130.890       -1781.292   -1130.600             154             154
   49        -393.631     -69.583        -393.916     -69.603              49              49
    0         841.696     616.822         841.570     616.660               0              -0
   74         334.944    -274.558         334.753    -274.628              74              74
  108        -502.922     742.832        -502.992     742.926             108             108
  101        -232.300   -1376.321        -232.815   -1376.341             101             101
  174        1014.288     895.381        1014.148     895.061             174             174
  202         438.962    1946.595         439.041    1946.537             202             202
   86        -314.154     153.382        -314.436     153.521              86              86
   80        -973.577     521.234        -974.014     521.432              80              80
   42        -182.300    1170.652        -182.954    1170.788              42              42
  161        -834.415     313.824        -836.105     314.134             161             161
