SINAL     NFT                         FFT                         NFT INVERSA     FFT INVERSA
-----     -----------------------     -----------------------     -----------     -----------
  195       33824.000       0.000       33824.000       0.000             195             195
   49        -437.953     516.228        -437.946     516.228              49              49
   42        -575.884    -103.683        -575.877    -103.683              42              42
  151        -515.295     -95.192        -515.289     -95.191             151             151
   83          99.685      -8.159          99.691      -8.161              83              83
   24          92.492    1146.699          92.501    1146.699              24              24
  153           6.146     673.685           6.154     673.687             153             153
  185         337.260     599.312         337.270     599.315             185             185
  234          42.509    -146.696          42.517    -146.690             234             234
   72       -1313.724   -2409.800       -1313.732   -2409.791              72              72
   72         286.517    -909.131         286.513    -909.139              72              72
  144         970.028     838.959         970.038     838.949             144             144
  134         920.758    -803.704         920.762    -803.714             134             134
  171        -585.392     655.726        -585.377     655.725             171             171
   61          -6.146     388.562          -6.134     388.560              61              61
  158        -795.008     307.959        -794.997     307.965             158             158
  112        -731.166     443.013        -731.159     443.024             112             112
    6        -663.792   -1698.612        -663.814   -1698.611               6               6
  132         835.715    1551.252         835.727    1551.234             132             132
   46         698.428     -13.216         698.426     -13.226              46              46
    3        1649.739    1327.077        1649.762    1327.056               3               3
  177        -141.159    -203.365        -141.154    -203.357             177             177
  148        1818.529   -1073.372        1818.527   -1073.405             148             148
   10        -948.385    1156.943        -948.354    1156.944              10              10
  196         986.648    1744.528         986.686    1744.517             196             196
  209        -890.922    -244.086        -890.913    -244.063             209             209
  120        -318.119    -973.781        -318.135    -973.785             120             120
  141         570.630    2056.356         570.665    2056.340             141             141
  185         907.318     573.310         907.338     573.304             185             185
   61         233.269    -640.929         233.277    -640.936              61              61
  149       -1303.814    1572.593       -1303.781    1572.609             149             149
  125        1679.245    1660.120        1679.282    1660.099             125             125
  111         -89.608     667.429         -89.572     667.449             111             111
  192        -506.144     760.859        -506.111     760.890             192             192
   21       -1325.582     361.120       -1325.572     361.176              21              21
  194         432.259    -800.873         432.239    -800.862             194             194
  217        -799.883    -515.805        -799.902    -515.780             217             217
  175        1264.972     246.105        1264.972     246.082             175             175
  124         316.698    -162.199         316.703    -162.198             124             124
  195         651.613     327.854         651.632     327.850             195             195
  247         -11.920    -334.101         -11.913    -334.086             247             247
  196        -152.755    -753.410        -152.765    -753.405             196             196
   84          17.013     826.341          17.041     826.344              84              84
  125         543.088    -247.685         543.092    -247.685             125             125
  112          -7.663    -463.706          -7.657    -463.699             112             112
  145        -571.390      -6.561        -571.380      -6.540             145             145
   28         494.619    -586.330         494.618    -586.347              28              28
  224       -1229.722     637.820       -1229.693     637.853             224             224
  152        -137.496     744.809        -137.477     744.835             152             152
  160        -236.811   -1276.740        -236.856   -1276.715             160             160
   15         896.727    -590.521         896.717    -590.559              15              15
  155        -891.670     291.754        -891.648     291.774             155             155
   82          13.411     384.167          13.428     384.172              82              82
  164        -946.959    -340.489        -946.973    -340.443             164             164
  166        -257.899   -1619.951        -257.970   -1619.958             166             166
   23          89.375     671.441          89.386     671.407              23              23
  117        -311.893     523.987        -311.894     523.986             117             117
   31         593.589     417.929         593.583     417.902              31              31
  165         668.733     640.498         668.747     640.478             165             165
   47         282.719    -922.769         282.677    -922.790              47              47
   92         948.786     608.613         948.808     608.543              92              92
   59         289.090    1676.646         289.160    1676.626              59              59
  172         390.814     677.471         390.843     677.465             172             172
  204         136.064     739.782         136.087     739.785             204             204
  251        1606.952     955.047        1607.000     955.000             251             251
  194         466.610      91.323         466.647      91.327             194             194
  143         -44.147    -423.959         -44.140    -423.965             143             143
  212         394.367    1785.292         394.470    1785.271             212             212
  113        -592.522     784.192        -592.466     784.239             113             113
   11        -490.739    1620.564        -490.670    1620.625              11              11
  152         536.610     662.420         536.636     662.461             152             152
  105         595.635    -315.791         595.641    -315.763             105             105
  208        -731.988     350.860        -731.959     350.947             208             208
  236         552.501    -609.293         552.481    -609.261             236             236
  231        -882.671   -1306.493        -882.729   -1306.425             231             231
   64         156.363    -116.013         156.341    -116.005              64              64
  126         637.622   -1096.305         637.570   -1096.331             126             126
    3        -302.871      29.272        -302.865      29.284               3               3
   33         122.653    -858.822         122.604    -858.841              33              33
   22        -460.206     273.043        -460.217     273.038              22              22
  164        1192.386     692.933        1192.396     692.859             164             164
   48        1107.359     599.969        1107.400     599.916              48              48
  177          97.097     107.276          97.111     107.265             177             177
  247        1094.937    1928.244        1095.044    1928.206             247             247
  212        1600.297     -22.199        1600.348     -22.242             212             212
   88        -640.672    1220.947        -640.551    1221.037              88              88
   14         353.199    -762.953         353.190    -762.907              14              14
   74        -102.746    -580.078        -102.738    -580.040              74              74
  119        -151.627    -963.581        -151.643    -963.571             119             119
  179        -503.868     148.979        -503.827     148.990             179             179
  121       -1202.213     564.408       -1202.185     564.475             121             121
  212         580.311     504.429         580.328     504.408             212             212
  238        -164.075     400.714        -164.047     400.738             238             238
   38         472.930    1200.667         473.015    1200.679              38              38
  160        -924.109    -289.633        -924.135    -289.528             160             160
  234        1648.462     441.362        1648.491     441.301             234             234
  232         163.523     -80.583         163.572     -80.551             232             232
   47        -575.066     243.562        -575.015     243.636              47              47
  190         165.309     438.812         165.375     438.857             190             190
   89       -1810.230     274.719       -1810.207     274.917              89              89
   59         105.261   -1016.434         105.161   -1016.361              59              59
   86         -44.322   -1568.565         -44.454   -1568.536              86              86
  195        1547.814    -246.405        1547.812    -246.503             195             195
   11        -325.576    -396.256        -325.553    -396.221              11              11
   66        -351.260    -336.334        -351.254    -336.297              66              66
  170        -697.453    -538.537        -697.481    -538.485             170             170
   75         -33.985      59.522         -33.976      59.536              75              75
  192       -1231.345   -1072.306       -1231.446   -1072.226             192             192
  173        1145.361    -188.060        1145.319    -188.187             173             173
  109         417.873    1602.301         418.013    1602.271             109             109
  215        -253.428     250.792        -253.376     250.872             215             215
   82        -596.079   -1213.673        -596.148   -1213.611              82              82
  157        -227.825     659.027        -227.761     659.048             157             157
  136       -1940.192    -581.127       -1940.273    -580.975             136             136
   73         407.965     941.818         407.950     941.813              73              73
  114        1228.760    -901.786        1228.676    -901.844             114             114
  224        -460.244      44.469        -460.241      44.508             224             224
   88         -17.334    -557.378         -17.419    -557.387              88              88
  188        1524.075     834.586        1524.134     834.462             188             188
   88         145.319     573.306         145.405     573.331              88              88
   12         -14.625     548.869         -14.542     548.943              12              12
   54       -1107.913   -1280.771       -1108.008   -1280.632              54              54
   44          -0.134    -835.083          -0.225    -835.107              44              44
  251        -295.479    1222.409        -295.407    1222.434             251             251
   92        -435.834     186.676        -435.877     186.781              92              92
  204        1056.232   -1234.897        1056.082   -1234.941             204             204
  229        1057.908   -1031.788        1057.838   -1031.909             229             229
   69        -461.137     970.110        -461.055     970.126              69              69
  252         958.000       0.052         958.000       0.000             252             252
  164        -460.967    -970.143        -461.052    -970.127             164             164
  159        1057.761    1032.037        1057.835    1031.911             159             159
   55        1055.920    1234.989        1056.079    1234.943              55              55
  250        -435.921    -186.894        -435.876    -186.782             250             250
   98        -295.323   -1222.462        -295.404   -1222.434              98              98
   67          -0.328     835.133          -0.228     835.106              67              67
   61       -1108.118    1280.474       -1108.011    1280.629              61              61
   12         -14.446    -549.026         -14.541    -548.942              12              12
  142         145.506    -573.355         145.406    -573.329             142             142
  254        1524.205    -834.314        1524.136    -834.459             254             254
  186         -17.522     557.397         -17.420     557.386             186             186
  251        -460.239     -44.558        -460.241     -44.510             251             251
  213        1228.570     901.919        1228.673     901.847             213             213
   12         407.934    -941.807         407.952    -941.813              12              12
  153       -1940.375     580.778       -1940.273     580.970             153             153
   94        -227.678    -659.076        -227.760    -659.048              94              94
   86        -596.245    1213.528        -596.152    1213.610              86              86
   11        -253.306    -250.979        -253.375    -250.873              11              11
   63         418.207   -1602.231         418.016   -1602.271              63              63
  174        1145.261     188.362        1145.319     188.188             174             174
  200       -1231.591    1072.110       -1231.449    1072.223             200             200
  151         -33.964     -59.557         -33.977     -59.537             151             151
  187        -697.522     538.408        -697.481     538.483             187             187
  254        -351.244     336.241        -351.254     336.296             254             254
  196        -325.519     396.167        -325.553     396.220             196             196
  182        1547.807     246.656        1547.811     246.507             182             182
   91         -44.658    1568.490         -44.457    1568.534              91              91
  144         105.003    1016.245         105.160    1016.360             144             144
  155       -1810.169    -275.237       -1810.205    -274.923             155             155
  160         165.484    -438.927         165.375    -438.855             160             160
  141        -574.930    -243.760        -575.012    -243.639             141             141
   63         163.654      80.497         163.572      80.551              63              63
   64        1648.543    -441.192        1648.493    -441.298              64              64
  197        -924.182     289.343        -924.137     289.526             197             197
   58         473.167   -1200.702         473.018   -1200.679              58              58
  162        -163.995    -400.782        -164.046    -400.739             162             162
    8         580.362    -504.368         580.329    -504.408               8               8
  120       -1202.131    -564.603       -1202.184    -564.477             120             120
  175        -503.748    -149.013        -503.825    -148.992             175             175
  150        -151.678     963.551        -151.645     963.570             150             150
  118        -102.725     579.964        -102.740     580.039             118             118
  106         353.171     762.819         353.189     762.908             106             106
  146        -640.303   -1221.222        -640.547   -1221.039             146             146
   76        1600.450      22.334        1600.347      22.244              76              76
  119        1095.274   -1928.124        1095.049   -1928.204             119             119
   44          97.141    -107.241          97.111    -107.265              44              44
  170        1107.491    -599.796        1107.402    -599.912             170             170
  205        1192.419    -692.695        1192.397    -692.858             205             205
   55        -460.242    -273.028        -460.217    -273.038              55              55
  234         122.490     858.884         122.603     858.841             234             234
  124        -302.851     -29.312        -302.865     -29.284             124             124
  255         637.445    1096.391         637.569    1096.331             255             255
  130         156.287     115.988         156.341     116.006             130             130
   55        -882.876    1306.252        -882.732    1306.422              55              55
  254         552.431     609.183         552.481     609.263             254             254
   70        -731.885    -351.171        -731.958    -350.948              70              70
  237         595.656     315.692         595.640     315.764             237             237
   89         536.707    -662.568         536.637    -662.460              89              89
  215        -490.479   -1620.790        -490.666   -1620.627             215             215
  137        -592.308    -784.370        -592.464    -784.241             137             137
  250         394.767   -1785.212         394.475   -1785.270             250             250
  100         -44.121     423.982         -44.141     423.965             100             100
  201         466.755     -91.334         466.648     -91.325             201             201
   58        1607.144    -954.858        1607.000    -955.000              58              58
   41         136.159    -739.795         136.088    -739.785              41              41
    3         390.937    -677.447         390.844    -677.465               3               3
  221         289.395   -1676.558         289.164   -1676.624             221             221
   49         948.882    -608.309         948.809    -608.541              49              49
  123         282.531     922.864         282.675     922.791             123             123
  140         668.801    -640.407         668.749    -640.476             140             140
  200         593.563    -417.801         593.584    -417.899             200             200
  242        -311.893    -523.983        -311.893    -523.986             242             242
  247          89.424    -671.282          89.386    -671.407             247             247
   91        -258.247    1619.984        -257.974    1619.958              91              91
   62        -947.026     340.265        -946.974     340.442              62              62
  110          13.495    -384.197          13.428    -384.173             110             110
  135        -891.559    -291.861        -891.648    -291.776             135             135
  233         896.674     590.718         896.715     590.561             233             233
   59        -237.052    1276.615        -236.859    1276.716              59              59
  191        -137.392    -744.945        -137.476    -744.835             191             191
  211       -1229.555    -638.011       -1229.691    -637.856             211             211
  184         494.606     586.426         494.616     586.347             184             184
  191        -571.330       6.441        -571.379       6.539             191             191
   86          -7.629     463.666          -7.657     463.698              86              86
  240         543.116     247.687         543.093     247.686             240             240
  189          17.187    -826.363          17.042    -826.345             189             189
  156        -152.818     753.379        -152.766     753.405             156             156
  222         -11.875     334.008         -11.913     334.086             222             222
   22         651.748    -327.820         651.633    -327.849              22              22
  116         316.726     162.194         316.702     162.198             116             116
  103        1264.979    -245.940        1264.974    -246.079             103             103
   17        -800.013     515.622        -799.902     515.778              17              17
  216         432.106     800.793         432.237     800.863             216             216
   48       -1325.506    -361.546       -1325.572    -361.179              48              48
   75        -505.880    -761.104        -506.109    -760.892              75              75
    2         -89.319    -667.590         -89.572    -667.449               2               2
   52        1679.569   -1659.924        1679.285   -1660.095              52              52
   40       -1303.517   -1572.744       -1303.778   -1572.611              40              40
   52         233.324     640.999         233.274     640.938              52              52
  175         907.508    -573.243         907.339    -573.303             175             175
  181         570.982   -2056.194         570.669   -2056.339             181             181
  253        -318.273     973.817        -318.135     973.784             253             253
  161        -890.835     243.842        -890.914     244.062             161             161
  172         987.062   -1744.402         986.688   -1744.516             172             172
   88        -948.034   -1156.961        -948.353   -1156.946              88              88
  224        1818.498    1073.764        1818.525    1073.407             224             224
   26        -141.099     203.274        -141.155     203.358              26              26
  224        1650.043   -1326.808        1649.765   -1327.054             224             224
  201         698.407      13.369         698.426      13.229             201             201
   86         835.902   -1550.991         835.730   -1551.233              86              86
  159        -664.141    1698.585        -663.819    1698.610             159             159
  157        -731.058    -443.178        -731.159    -443.024             157             157
   15        -794.834    -308.080        -794.997    -307.966              15              15
   95          -5.927    -388.530          -6.133    -388.560              95              95
  243        -585.081    -655.724        -585.376    -655.727             243             243
  255         920.834     803.928         920.761     803.715             255             255
   28         970.270    -838.706         970.039    -838.946              28              28
  144         286.400     909.336         286.511     909.139             144             144
  221       -1313.984    2409.532       -1313.737    2409.789             221             221
   51          42.747     146.509          42.517     146.691              51              51
    4         337.605    -599.387         337.270    -599.314               4               4
   69           6.520    -673.751           6.155    -673.687              69              69
   68          93.001   -1146.656          92.505   -1146.698              68              68
  221         100.061       8.251          99.691       8.161             221             221
  118        -514.780      95.140        -515.290      95.191             118             118
  144        -575.022     103.588        -575.878     103.682             144             144
  224        -436.052    -516.276        -437.943    -516.229             224             224
