SINAL     NFT                         FFT                         NFT INVERSA     FFT INVERSA
-----     -----------------------     -----------------------     -----------     -----------
  187       33022.000       0.000       33022.000       0.000             187             187
   11         504.662     726.925         504.669     726.924              11              11
  187       -1394.820     149.974       -1394.812     149.976             187             187
  152        -154.863     170.809        -154.857     170.809             152             152
   90         729.850     606.859         729.857     606.857              90              90
  192         141.183      77.183         141.189      77.182             192             192
  174         774.919    1654.325         774.932    1654.323             174             174
   14        -401.435     202.528        -401.427     202.531              14              14
  157          58.487    1000.232          58.497    1000.235             157             157
   58        1019.748     700.455        1019.759     700.455              58              58
   28          21.975    -142.869          21.983    -142.861              28              28
  166         326.884   -1610.726         326.883   -1610.725             166             166
  113         331.296     892.454         331.316     892.454             113             113
   78       -1826.438    -980.884       -1826.433    -980.863              78              78
   20       -2103.695   -1004.117       -2103.704   -1004.099              20              20
  233         421.426    -141.850         421.419    -141.853             233             233
   52        1210.904    -723.367        1210.898    -723.380              52              52
   93         178.866    -428.386         178.867    -428.392              93              93
   75         490.950     239.745         490.958     239.733              75              75
   22         227.270    1789.073         227.295    1789.078              22              22
   18        1019.083   -1532.577        1019.072   -1532.579              18              18
   65         -69.811    -206.116         -69.800    -206.112              65              65
  200        -607.606   -1111.629        -607.615   -1111.617             200             200
  118         632.180   -1553.382         632.163   -1553.400             118             118
  119        -202.421     188.263        -202.412     188.253             119             119
  196         362.877    -187.471         362.878    -187.486             196             196
  252         932.001      13.536         932.012      13.513             252             252
  157           2.673     -63.882           2.688     -63.893             157             157
  123        -812.312     759.489        -812.290     759.496             123             123
  188        -270.640     -45.851        -270.639     -45.853             188             188
  176        -124.559    1385.836        -124.536    1385.838             176             176
   54         759.528      -3.996         759.529      -4.001              54              54
  200         314.585    -553.951         314.578    -553.957             200             200
  107         774.659     -84.278         774.666     -84.301             107             107
  206          14.458      -4.316          14.468      -4.326             206             206
   34         269.838     446.243         269.855     446.228              34              34
   43         835.496     385.230         835.521     385.204              43              43
  124        -249.567     845.017        -249.524     845.022             124             124
   49       -1810.635      96.458       -1810.635      96.502              49              49
  200        1421.653    1113.721        1421.671    1113.696             200             200
  183         435.025   -1236.268         435.006   -1236.274             183             183
   77          67.242      69.676          67.258      69.658              77              77
  110        -362.735     564.124        -362.711     564.121             110             110
   41        -557.277    1150.623        -557.252    1150.638              41              41
  156         497.786      21.718         497.772      21.709             156             156
  131        1586.745     332.188        1586.759     332.142             131             131
   18         328.241     262.547         328.267     262.534              18              18
  208         608.984     888.606         609.026     888.588             208             208
  225         292.446     895.615         292.492     895.624             225             225
   94         664.835   -1147.991         664.822   -1148.007              94              94
  230         168.514     384.248         168.555     384.221             230             230
  244         271.828    1992.304         271.924    1992.298             244             244
  160        -295.583     133.050        -295.544     133.080             160             160
  174        -643.115    1071.434        -643.053    1071.481             174             174
  107        -289.314    -998.026        -289.325    -997.997             107             107
   23        -687.212     -92.794        -687.193     -92.782              23              23
  114       -1363.052    1666.460       -1362.993    1666.522             114             114
  103         499.168   -1137.332         499.124   -1137.340             103             103
  181        -306.380    1749.549        -306.301    1749.570             181             181
  238       -1282.221    -494.436       -1282.248    -494.361             238             238
   36         847.140     450.965         847.143     450.956              36              36
  101          48.686   -1523.731          48.633   -1523.731             101             101
   36         629.756     338.474         629.785     338.420              36              36
  236          91.557    1775.940          91.663    1775.939             236             236
  208       -1458.040     499.905       -1458.000     500.000             208             208
  243        -587.617      39.294        -587.623      39.353             243             243
   15        -541.410    -787.070        -541.458    -787.032              15              15
  252        -297.266    -150.849        -297.298    -150.844             252             252
  111         620.646     943.101         620.664     943.079             111             111
   64         834.747      47.781         834.743      47.763              64              64
  196        1395.768     667.878        1395.830     667.844             196             196
   39        -642.301    -745.081        -642.294    -745.025              39              39
  142          37.603    -153.194          37.625    -153.181             142             142
   51        -902.360   -1146.308        -902.389   -1146.272              51              51
   81        -653.783     175.075        -653.768     175.078              81              81
   42        -733.668     580.179        -733.646     580.201              42              42
  183         197.041     756.364         197.082     756.365             183             183
   99       -1459.592    -750.258       -1459.637    -750.191              99              99
  251         247.813    1096.271         247.851    1096.248             251             251
  153       -1518.029     101.834       -1518.054     101.914             153             153
  193         846.871     662.091         846.862     662.048             193             193
  225         -69.585     498.420         -69.579     498.436             225             225
  141         416.375      19.063         416.359      19.042             141             141
   97         393.913     953.443         393.969     953.421              97              97
  144       -1431.391    1292.222       -1431.353    1292.338             144             144
  248        1286.385    -736.020        1286.305    -736.061             248             248
  121        -589.198     677.656        -589.201     677.696             121             121
    3        2313.914     252.085        2313.906     251.974               3               3
   96         535.489     290.873         535.538     290.851              96              96
   46          44.615     805.671          44.682     805.680              46              46
  241        -433.393     905.541        -433.354     905.593             241             241
  132        1927.713    1138.072        1927.795    1138.013             132             132
  147        -142.810     655.793        -142.706     655.889             147             147
   21       -1534.308   -1247.661       -1534.363   -1247.505              21              21
  113       -1016.571    -808.181       -1016.670    -808.122             113             113
  100        1319.810    1597.272        1319.872    1597.217             100             100
    9        -556.519    -552.051        -556.577    -551.958               9               9
  128        1366.623    -175.498        1366.583    -175.549             128             128
   96         789.833    -676.039         789.797    -676.076              96              96
  121        1301.276     155.328        1301.329     155.237             121             121
  193        -294.878    1102.376        -294.744    1102.418             193             193
   37       -1070.208     -89.221       -1070.199     -89.116              37              37
  160         -54.114    1588.766         -54.024    1588.841             160             160
   79         -56.333   -1074.636         -56.418   -1074.538              79              79
   89        -156.961   -1140.141        -157.078   -1140.097              89              89
  241        2526.283    -188.466        2526.295    -188.622             241             241
  122        -772.657    -207.256        -772.596    -207.174             122             122
   17        -797.964    -729.055        -797.997    -728.978              17              17
   85        -447.287    -848.707        -447.357    -848.685              85              85
  117        -356.850    -214.606        -356.894    -214.610             117             117
  170         311.266     506.159         311.270     506.128             170             170
   23         692.707    -517.065         692.667    -517.126              23              23
   87        -142.276     271.069        -142.253     271.042              87              87
   56         -33.386    1016.405         -33.336    1016.394              56              56
  121        1585.456    1095.844        1585.562    1095.763             121             121
  231       -1334.628    -382.984       -1334.628    -382.856             231             231
   48        -265.411     633.114        -265.406     633.142              48              48
  242         201.241     771.462         201.240     771.484             242             242
  235        1930.273     -42.359        1930.258     -42.469             235             235
  145         746.880     561.535         746.980     561.506             145             145
   33        -560.244     468.969        -560.184     469.056              33              33
  220        1195.708     611.283        1195.781     611.253             220             220
   21          10.407    -196.020          10.452    -195.958              21              21
  180         394.884    -128.072         394.959    -128.065             180             180
  242       -2653.092     539.091       -2653.041     539.351             242             242
  134        1082.339    -250.800        1082.286    -250.827             134             134
   25        -683.613    -258.972        -683.630    -258.887              25              25
  251         544.585     707.544         544.648     707.544             251             251
    7        -854.000      -0.148        -854.000       0.000               7               7
  121         544.713    -707.545         544.649    -707.544             121             121
  116        -683.649     258.796        -683.631     258.885             116             116
  200        1082.230     250.860        1082.285     250.829             200             200
  159       -2652.983    -539.638       -2653.039    -539.357             159             159
   21         395.040     128.058         394.958     128.066              21              21
   24          10.502     195.888          10.453     195.957              24              24
  249        1195.865    -611.216        1195.783    -611.251             249             249
    7        -560.114    -469.154        -560.183    -469.056               7               7
  146         747.096    -561.471         746.981    -561.505             146             146
   10        1930.241      42.603        1930.259      42.472              10              10
   92         201.239    -771.510         201.240    -771.484              92              92
    8        -265.396    -633.176        -265.403    -633.143               8               8
  180       -1334.629     382.695       -1334.629     382.853             180             180
  115        1585.695   -1095.658        1585.563   -1095.760             115             115
   95         -33.270   -1016.380         -33.333   -1016.394              95              95
  236        -142.223    -271.011        -142.253    -271.044             236             236
  237         692.612     517.205         692.666     517.127             237             237
   71         311.275    -506.088         311.270    -506.128              71              71
   29        -356.953     214.614        -356.894     214.609              29              29
  223        -447.454     848.651        -447.358     848.683             223             223
   50        -798.045     728.866        -797.998     728.975              50              50
  174        -772.512     207.055        -772.598     207.172             174             174
    0        2526.310     188.852        2526.293     188.627              -0              -0
   14        -157.250    1140.032        -157.079    1140.097              14              14
  196         -56.549    1074.390         -56.421    1074.536             196             196
  181         -53.886   -1588.956         -54.022   -1588.842             181             181
    1       -1070.185      88.953       -1070.199      89.113               1               1
   74        -294.533   -1102.485        -294.741   -1102.419              74              74
  206        1301.415    -155.090        1301.330    -155.235             206             206
  253         789.740     676.137         789.796     676.078             253             253
   82        1366.518     175.635        1366.582     175.551              82              82
   72        -556.676     551.802        -556.578     551.957              72              72
  113        1319.984   -1597.121        1319.875   -1597.215             113             113
   27       -1016.845     808.016       -1016.673     808.119              27              27
  232       -1534.464    1247.227       -1534.366    1247.501             232             232
  135        -142.517    -656.061        -142.704    -655.890             135             135
   51        1927.947   -1137.899        1927.798   -1138.009              51              51
  225        -433.279    -905.690        -433.352    -905.595             225             225
  142          44.811    -805.696          44.684    -805.680             142             142
  198         535.630    -290.807         535.537    -290.850             198             198
  235        2313.890    -251.748        2313.905    -251.969             235             235
  235        -589.203    -677.776        -589.199    -677.696             235             235
  206        1286.140     736.147        1286.302     736.064             206             206
  159       -1431.269   -1292.578       -1431.349   -1292.340             159             159
   94         394.085    -953.376         393.969    -953.421              94              94
   46         416.322     -18.998         416.358     -19.042              46              46
  140         -69.564    -498.470         -69.579    -498.436             140             140
   75         846.846    -661.954         846.864    -662.048              75              75
  117       -1518.116    -102.101       -1518.056    -101.918             117             117
  169         247.943   -1096.195         247.854   -1096.247             169             169
   43       -1459.742     750.028       -1459.638     750.188              43              43
  167         197.182    -756.366         197.084    -756.364             167             167
   88        -733.592    -580.256        -733.645    -580.203              88              88
   44        -653.730    -175.089        -653.768    -175.080              44              44
  182        -902.466    1146.180        -902.392    1146.270             182             182
   28          37.682     153.149          37.625     153.182              28              28
  225        -642.279     744.873        -642.296     745.022             225             225
  183        1395.996    -667.749        1395.831    -667.841             183             183
  103         834.735     -47.710         834.744     -47.761             103             103
  176         620.716    -943.018         620.667    -943.077             176             176
  181        -297.393     150.829        -297.300     150.843             181             181
  185        -541.599     786.919        -541.460     787.031             185             185
  249        -587.641     -39.528        -587.622     -39.355             249             249
   39       -1457.881    -500.285       -1458.000    -500.000              39              39
  213          92.000   -1775.937          91.667   -1775.939             213             213
  225         629.876    -338.248         629.785    -338.419             225             225
  174          48.454    1523.729          48.630    1523.731             174             174
    9         847.161    -450.921         847.145    -450.954               9               9
  194       -1282.343     494.103       -1282.249     494.358             194             194
   61        -306.021   -1749.644        -306.297   -1749.571              61              61
  207         498.964    1137.370         499.121    1137.340             207             207
  173       -1362.778   -1666.748       -1362.991   -1666.523             173             173
   40        -687.126      92.728        -687.193      92.779              40              40
  158        -289.377     997.886        -289.328     997.997             158             158
   77        -642.812   -1071.666        -643.050   -1071.484              77              77
  135        -295.390    -133.197        -295.543    -133.080             135             135
  204         272.323   -1992.275         271.929   -1992.298             204             204
  218         168.725    -384.107         168.556    -384.221             218             218
  210         664.764    1148.080         664.821    1148.008             210             210
   65         292.695    -895.664         292.493    -895.625              65              65
  132         609.225    -888.506         609.030    -888.588             132             132
  254         328.385    -262.471         328.267    -262.533             254             254
  233        1586.829    -331.916        1586.761    -332.139             233             233
  220         497.709     -21.665         497.773     -21.708             220             220
   42        -557.117   -1150.718        -557.249   -1150.639              42              42
  159        -362.584    -564.104        -362.710    -564.121             159             159
  248          67.345     -69.568          67.259     -69.660             248             248
   12         434.902    1236.310         435.005    1236.274              12              12
   87        1421.783   -1113.548        1421.675   -1113.693              87              87
   96       -1810.636     -96.766       -1810.635     -96.506              96              96
  188        -249.261    -845.052        -249.522    -845.023             188             188
   12         835.676    -385.041         835.522    -385.202              12              12
   26         269.966    -446.131         269.855    -446.227              26              26
  181          14.540       4.391          14.469       4.327             181             181
   52         774.714      84.462         774.666      84.302              52              52
  239         314.528     554.002         314.577     553.958             239             239
  151         759.525       4.050         759.528       4.003             151             151
  226        -124.355   -1385.848        -124.534   -1385.838             226             226
  248        -270.640      45.872        -270.639      45.853             248             248
   89        -812.099    -759.551        -812.288    -759.496              89              89
   31           2.821      63.990           2.688      63.894              31              31
  200         932.106     -13.288         932.012     -13.509             200             200
    7         362.877     187.621         362.877     187.486               7               7
   71        -202.327    -188.160        -202.413    -188.254              71              71
  103         631.970    1553.587         632.159    1553.400             103             103
   85        -607.729    1111.491        -607.618    1111.617              85              85
  206         -69.690     206.063         -69.801     206.111             206             206
   52        1018.938    1532.611        1019.070    1532.581              52              52
   48         227.632   -1789.134         227.299   -1789.077              48              48
  161         491.057    -239.582         490.957    -239.732             161             161
  118         178.871     428.484         178.866     428.392             118             118
  180        1210.799     723.579        1210.897     723.381             180             180
  160         421.284     141.924         421.418     141.854             160             160
   95       -2103.886    1003.751       -2103.706    1004.095              95              95
  144       -1826.365     980.455       -1826.435     980.860             144             144
  203         331.744    -892.458         331.318    -892.454             203             203
  255         326.841    1610.709         326.880    1610.726             255             255
  137          22.192     142.666          21.983     142.860             137             137
  215        1020.074    -700.455        1019.761    -700.455             215             215
   86          58.827   -1000.305          58.499   -1000.234              86              86
  234        -401.129    -202.670        -401.426    -202.533             234             234
  148         775.507   -1654.206         774.936   -1654.321             148             148
   99         141.524     -77.109         141.189     -77.182              99              99
    4         730.327    -606.706         729.858    -606.855               4               4
   74        -154.365    -170.788        -154.858    -170.810              74              74
  151       -1393.912    -150.182       -1394.813    -149.977             151             151
  243         506.599    -726.772         504.672    -726.923             243             243
