SINAL     NFT                         FFT                         NFT INVERSA     FFT INVERSA
-----     -----------------------     -----------------------     -----------     -----------
   98       33833.000       0.000       33833.000       0.000              98              98
  111       -1470.061   -1105.905       -1470.054   -1105.905             111             111
  167         795.431     399.818         795.438     399.816             167             167
  249       -1126.954     422.299       -1126.947     422.299             249             249
   10        1386.257    1525.857        1386.266    1525.855              10              10
  123        1129.841    -868.828        1129.847    -868.830             123             123
  172        1372.913    -240.930        1372.923    -240.936             172             172
   84        -894.499     653.719        -894.485     653.720              84              84
   44         -60.564    1570.053         -60.546    1570.056              44              44
   94       -1353.400    -190.372       -1353.392    -190.360              94              94
  252       -1109.971     121.263       -1109.967     121.275             252             252
  158         772.273    -831.626         772.272    -831.626             158             158
  229        -186.169   -1522.845        -186.174   -1522.846             229             229
    6         340.619    1120.772         340.634    1120.767               6               6
  155         153.701    -654.070         153.706    -654.072             155             155
   45        -756.170    1034.999        -756.152    1035.005              45              45
  169        -986.711    -384.403        -986.714    -384.392             169             169
  132        1683.880     440.258        1683.889     440.237             132             132
   75         -68.754    1869.036         -68.718    1869.043              75              75
   70       -1170.472    -431.379       -1170.469    -431.357              70              70
   59         458.512    1040.391         458.530    1040.394              59              59
   13        -267.813      24.581        -267.803      24.598              13              13
   46        -509.487      66.354        -509.481      66.375              46              46
  255         619.166    -580.439         619.165    -580.433             255             255
  235        -235.164    -662.396        -235.162    -662.381             235             235
  208        -439.790    -327.329        -439.785    -327.309             208             208
   63        -176.904   -1528.683        -176.918   -1528.672              63              63
   42       -1108.796   -1437.852       -1108.813   -1437.841              42              42
    0          12.938     252.081          12.945     252.071               0              -0
    4        -847.484     505.390        -847.472     505.405               4               4
  240        -326.046     789.760        -326.037     789.779             240             240
   99         413.391    -216.564         413.385    -216.549              99              99
  116         115.255   -1321.935         115.230   -1321.918             116             116
  152         306.871   -1563.636         306.842   -1563.633             152             152
   92         448.569   -2193.357         448.532   -2193.377              92              92
  127        -226.389    -813.450        -226.393    -813.471             127             127
   19         159.254     211.163         159.276     211.139              19              19
    9       -1460.747      81.407       -1460.733      81.431               9               9
  211       -1302.125    -482.081       -1302.149    -482.062             211             211
   64         -83.000    -516.336         -83.036    -516.360              64              64
  103        1437.824    1542.840        1437.857    1542.785             103             103
  208        -797.574     574.363        -797.564     574.385             208             208
  222        1568.400     204.546        1568.396     204.503             222             222
   77        1018.926     873.252        1018.964     873.228              77              77
  215         870.746      56.180         870.774      56.164             215             215
  121         486.447     649.244         486.509     649.239             121             121
  122       -2066.311      -7.542       -2066.291      -7.468             122             122
  128         553.933     562.579         553.955     562.582             128             128
  254        -914.962    -721.937        -914.972    -721.889             254             254
  197        -290.619    -724.208        -290.644    -724.198             197             197
  199         690.249     552.290         690.280     552.271             199             199
   57       -1416.594    -116.438       -1416.589    -116.378              57              57
  211         409.709     112.233         409.708     112.241             211             211
  245         145.666   -1138.826         145.641   -1138.816             245             245
   56        -202.957    -280.080        -202.950    -280.065              56              56
  190         -62.126    -959.496         -62.133    -959.488             190             190
  197       -2061.354    -839.512       -2061.381    -839.446             197             197
  119           0.118    -560.231           0.080    -560.246             119             119
  233         -25.564    -432.244         -25.585    -432.262             233             233
  198          20.553     -52.488          20.557     -52.508             198             198
  124       -1167.060     176.923       -1167.062     176.957             124             124
  218         738.303    -747.759         738.269    -747.810             218             218
   41        -671.098    1288.770        -671.041    1288.784              41              41
  241        -314.955    -529.906        -314.980    -529.892             241             241
  114        -267.003     106.005        -267.000     106.000             114             114
  134        -900.747    1016.528        -900.715    1016.573             134             134
  113        -460.488    -969.536        -460.557    -969.512             113             113
  133        -255.086     459.369        -255.102     459.372             133             133
  143         778.639     -12.008         778.610     -12.037             143             143
   68        1242.138    -104.749        1242.149    -104.796              68              68
  198       -1618.405   -1328.382       -1618.459   -1328.326             198             198
  246         -17.017    -215.896         -17.056    -215.945             246             246
   21        -293.917    1135.253        -293.898    1135.228              21              21
  165         955.551    1492.826         955.598    1492.786             165             165
   67        -318.623    -178.453        -318.653    -178.423              67              67
  237        1053.136     489.893        1053.140     489.849             237             237
   31         -42.471    -152.612         -42.495    -152.603              31              31
  189        1370.032    -472.973        1369.998    -473.063             189             189
  110         882.860    1300.776         882.950    1300.710             110             110
   29         -59.186    1451.819         -59.083    1451.848              29              29
  131        -396.405     278.823        -396.380     278.896             131             131
   53         144.714   -1103.496         144.666   -1103.488              53              53
   86       -1216.551    1086.707       -1216.509    1086.786              86              86
   86        1014.224    -416.580        1014.190    -416.595              86              86
   42       -1789.569    -804.327       -1789.645    -804.217              42              42
  142        1114.256    -549.754        1114.160    -549.830             142             142
   21         798.678     675.071         798.681     675.023              21              21
  240        1066.561    -287.170        1066.518    -287.215             240             240
    6        1811.233    -522.876        1811.208    -522.983               6               6
  254        1102.949    -528.958        1102.966    -529.053             254             254
  182        -275.202     670.827        -275.125     670.804             182             182
  131         -26.437    1118.545         -26.372    1118.540             131             131
  216        1134.621     767.774        1134.677     767.728             216             216
  223         548.526     986.372         548.622     986.395             223             223
  117         331.803   -1252.294         331.775   -1252.277             117             117
   75        -146.096     409.119        -146.024     409.140              75              75
  101        -965.233    -214.013        -965.229    -213.918             101             101
  230        -427.646    -960.924        -427.731    -960.882             230             230
  209         917.354   -1009.092         917.282   -1009.177             209             209
  245        -537.042     144.290        -537.040     144.280             245             245
   42         556.875     271.675         556.858     271.606              42              42
  151        1509.368     677.799        1509.410     677.681             151             151
  235        1037.132    1048.289        1037.240    1048.240             235             235
   64        1006.520    -726.144        1006.544    -726.200              64              64
   60        -906.227     185.027        -906.164     185.055              60              60
   47         631.207    1670.164         631.345    1670.132              47              47
   46         334.859     -54.859         334.909     -54.839              46              46
   91        -279.652    -568.299        -279.638    -568.291              91              91
  237        -927.591    1973.398        -927.453    1973.479             237             237
  156        1903.870     -58.233        1903.898     -58.301             156             156
  120        -559.029       6.161        -558.948       6.245             120             120
  112        -511.754     176.690        -511.705     176.780             112             112
  209         422.077    -751.622         422.067    -751.607             209             209
  207        -147.018    -459.195        -146.978    -459.163             207             207
  199       -1056.938    -621.818       -1056.928    -621.733             199             199
  252        -815.891    -563.594        -815.917    -563.547             252             252
   94         435.023    -241.509         435.048    -241.576              94              94
  220       -1424.867     975.345       -1424.746     975.452             220             220
  237        -760.324    -753.881        -760.371    -753.815             237             237
  101        -833.569      66.185        -833.560      66.220             101             101
  219       -1155.915     393.867       -1155.918     393.933             219             219
  163         321.833     665.281         321.852     665.246             163             163
  232         176.661    1117.682         176.766    1117.694             232             232
  179        -872.456     826.622        -872.372     826.777             179             179
  131        -985.679   -2007.653        -985.867   -2007.548             131             131
   93        -425.829     540.369        -425.850     540.357              93              93
  255        1103.718    1450.125        1103.808    1450.059             255             255
  233         536.202     337.011         536.280     337.041             233             233
   67       -1783.000      -0.223       -1783.000       0.000              67              67
  208         536.358    -337.069         536.280    -337.040             208             208
  222        1103.904   -1449.987        1103.810   -1450.057             222             222
  110        -425.869    -540.345        -425.848    -540.358             110             110
  103        -986.071    2007.432        -985.870    2007.545             103             103
  202        -872.281    -826.950        -872.371    -826.780             202             202
  175         176.884   -1117.707         176.768   -1117.694             175             175
  164         321.875    -665.205         321.854    -665.245             164             164
  249       -1155.917    -394.010       -1155.916    -393.935             249             249
  221        -833.550     -66.262        -833.560     -66.221             221             221
    0        -760.429     753.738        -760.373     753.815              -0               0
  231       -1424.599    -975.583       -1424.742    -975.455             231             231
  121         435.077     241.657         435.048     241.576             121             121
  121        -815.950     563.488        -815.918     563.546             121             121
   87       -1056.917     621.623       -1056.929     621.730              87              87
   75        -146.926     459.122        -146.977     459.163              75              75
   72         422.053     751.589         422.066     751.608              72              72
   30        -511.639    -176.901        -511.704    -176.782              30              30
   72        -558.839      -6.359        -558.947      -6.246              72              72
  166        1903.937      58.398        1903.899      58.305             166             166
  250        -927.257   -1973.593        -927.449   -1973.481             250             250
   53        -279.621     568.277        -279.639     568.289              53              53
   11         334.979      54.810         334.909      54.839              11              11
  213         631.547   -1670.083         631.349   -1670.130             213             213
  217        -906.072    -185.098        -906.164    -185.057             217             217
  244        1006.578     726.286        1006.543     726.202             244             244
  137        1037.404   -1048.163        1037.242   -1048.238             137             137
   92        1509.477    -677.494        1509.412    -677.677              92              92
   82         556.832    -271.498         556.859    -271.605              82              82
  136        -537.036    -144.266        -537.040    -144.281             136             136
   70         917.166    1009.319         917.281    1009.180              70              70
  149        -427.872     960.811        -427.733     960.881             149             149
   88        -965.224     213.759        -965.230     213.918              88              88
   36        -145.900    -409.178        -146.023    -409.141              36              36
    4         331.718    1252.248         331.770    1252.277               4               4
  192         548.795    -986.432         548.625    -986.393             192             192
  239        1134.779    -767.641        1134.678    -767.726             239             239
  179         -26.248   -1118.531         -26.369   -1118.540             179             179
  100        -274.983    -670.763        -275.124    -670.805             100             100
  233        1102.996     529.237        1102.965     529.057             233             233
  145        1811.162     523.191        1811.209     522.986             145             145
  101        1066.433     287.308        1066.518     287.218             101             101
  208         798.687    -674.927         798.681    -675.022             208             208
   11        1113.967     549.988        1114.159     549.833              11              11
  222       -1789.803     803.988       -1789.646     804.214             222             222
   39        1014.116     416.629        1014.188     416.597              39              39
   87       -1216.418   -1086.955       -1216.507   -1086.788              87              87
   38         144.559    1103.468         144.663    1103.487              38              38
   69        -396.324    -279.056        -396.380    -278.895              69              69
  159         -58.847   -1451.912         -59.081   -1451.848             159             159
  205         883.160   -1300.556         882.952   -1300.708             205             205
   64        1369.918     473.278        1369.997     473.066              64              64
  212         -42.552     152.582         -42.495     152.604             212             212
  217        1053.149    -489.737        1053.141    -489.847             217             217
   22        -318.726     178.351        -318.653     178.424              22              22
  174         955.717   -1492.682         955.599   -1492.783             174             174
  205        -293.849   -1135.162        -293.897   -1135.228             205             205
  160         -17.160     216.077         -17.058     215.946             160             160
   10       -1618.608    1328.171       -1618.462    1328.323              10              10
   32        1242.176     104.926        1242.147     104.799              32              32
   41         778.528      12.121         778.610      12.038              41              41
   80        -255.148    -459.379        -255.102    -459.372              80              80
  181        -460.755     969.442        -460.558     969.511             181             181
  130        -900.620   -1016.705        -900.713   -1016.574             130             130
  117        -266.991    -105.985        -267.000    -106.000             117             117
  186        -315.062     529.850        -314.981     529.892             186             186
   66        -670.857   -1288.830        -671.039   -1288.785              66              66
  100         738.151     747.977         738.266     747.812             100             100
  110       -1167.064    -177.074       -1167.061    -176.959             110             110
  167          20.572      52.576          20.557      52.508             167             167
   77         -25.657     432.325         -25.585     432.263              77              77
  255          -0.061     560.298           0.077     560.247             255             255
   12       -2061.479     839.203       -2061.382     839.444              12              12
   29         -62.167     959.461         -62.136     959.488              29              29
   10        -202.925     280.013        -202.950     280.065              10              10
  234         145.536    1138.776         145.637    1138.816             234             234
   69         409.708    -112.271         409.709    -112.241              69              69
   97       -1416.571     116.127       -1416.590     116.374              97              97
   17         690.414    -552.191         690.282    -552.270              17              17
  138        -290.749     724.156        -290.644     724.197             138             138
    1        -915.018     721.676        -914.973     721.888               1               1
  222         554.060    -562.593         553.956    -562.581             222             222
  203       -2066.198       7.123       -2066.290       7.465             203             203
  214         486.796    -649.217         486.509    -649.239             214             214
  184         870.906     -56.078         870.774     -56.161             184             184
  226        1019.153    -873.103        1018.965    -873.226             226             226
  132        1568.379    -204.275        1568.397    -204.499             132             132
  134        -797.515    -574.502        -797.565    -574.386             134             134
  130        1438.043   -1542.482        1437.859   -1542.784             130             130
  142         -83.246     516.494         -83.038     516.360             142             142
  166       -1302.288     481.942       -1302.149     482.059             166             166
  172       -1460.651     -81.580       -1460.733     -81.434             172             172
  223         159.413    -210.990         159.276    -211.139             223             223
   92        -226.429     813.603        -226.395     813.471              92              92
   46         448.283    2193.509         448.528    2193.377              46              46
   84         306.640    1563.618         306.839    1563.634              84              84
   22         115.051    1321.796         115.229    1321.918              22              22
  113         413.334     216.437         413.383     216.549             113             113
  185        -325.961    -789.925        -326.036    -789.780             185             185
  132        -847.381    -505.529        -847.472    -505.407             132             132
   25          13.007    -251.986          12.946    -252.071              25              25
    7       -1108.982    1437.732       -1108.817    1437.838               7               7
  132        -177.055    1528.567        -176.921    1528.670             132             132
   38        -439.742     327.126        -439.786     327.307              38              38
   36        -235.139     662.238        -235.162     662.381              36              36
  142         619.150     580.378         619.164     580.434             142             142
   16        -509.418     -66.613        -509.480     -66.377              16              16
  105        -267.694     -24.798        -267.803     -24.599             105             105
  240         458.754   -1040.424         458.533   -1040.393             240             240
   34       -1170.439     431.059       -1170.470     431.353              34              34
  244         -68.225   -1869.129         -68.715   -1869.043             244             244
  242        1684.027    -439.925        1683.890    -440.234             242             242
    1        -986.763     384.223        -986.715     384.391               1               1
  192        -755.841   -1035.118        -756.150   -1035.007             192             192
  200         153.779     654.109         153.705     654.073             200             200
  185         340.947   -1120.662         340.636   -1120.765             185             185
  162        -186.279    1522.869        -186.176    1522.846             162             162
   77         772.227     831.645         772.270     831.628              77              77
   63       -1109.863    -121.579       -1109.967    -121.277              63              63
   37       -1353.174     189.996       -1353.394     190.357              37              37
  219         -59.973   -1570.148         -60.544   -1570.055             219             219
  229        -893.973    -653.818        -894.484    -653.723             229             229
  209        1373.326     241.203        1372.924     240.938             209             209
  187        1130.069     868.930        1129.844     868.832             187             187
   66        1386.834   -1525.692        1386.267   -1525.852              66              66
  255       -1126.386    -422.432       -1126.946    -422.302             255             255
   16         796.319    -399.593         795.440    -399.815              16              16
   88       -1468.510    1105.686       -1470.057    1105.901              88              88
