SINAL     NFT                         FFT                         NFT INVERSA     FFT INVERSA
-----     -----------------------     -----------------------     -----------     -----------
  115       33093.000       0.000       33093.000       0.000             115             115
  112          23.752    -302.913          23.759    -302.914             112             112
  175         261.896     547.371         261.903     547.371             175             175
  101         568.009      55.075         568.016      55.074             101             101
  248         731.040     202.101         731.048     202.099             248             248
   55        -214.070    1006.692        -214.059    1006.694              55              55
  208       -1150.834     106.767       -1150.828     106.773             208             208
   62        1180.625    -191.284        1180.631    -191.286              62              62
   63        -167.102     128.956        -167.093     128.960              63              63
  133       -1246.818   -1018.445       -1246.820   -1018.437             133             133
  172        1838.885    -955.019        1838.883    -955.033             172             172
   60         508.579     303.370         508.592     303.364              60              60
  199        -362.129      48.895        -362.119      48.895             199             199
  230         154.105     553.415         154.115     553.413             230             230
   80         626.693    -276.053         626.697    -276.061              80              80
   54        1366.413    1261.817        1366.437    1261.803              54              54
  201        -482.774    -110.290        -482.759    -110.287             201             201
   40        -225.165    1939.187        -225.133    1939.191              40              40
  132        -662.010     344.489        -661.997     344.506             132             132
  172         551.859     718.317         551.878     718.322             172             172
   15        -656.114    -608.693        -656.108    -608.673              15              15
  143        -798.679    -389.503        -798.677    -389.489             143             143
   71        -111.215     926.159        -111.197     926.170              71              71
  174         105.368   -1253.117         105.358   -1253.109             174             174
   66          42.646     581.045          42.668     581.056              66              66
  173        -963.071   -1949.798        -963.089   -1949.773             173             173
  140       -1272.049   -1273.186       -1272.072   -1273.172             140             140
  129         735.709    -789.612         735.690    -789.641             129             129
  251         810.361    1407.175         810.394    1407.150             251             251
    3        -391.140     707.994        -391.117     708.010               3               3
   68         308.917    -611.942         308.915    -611.936              68              68
  111         -36.089   -1371.895         -36.101   -1371.900             111             111
  116        -534.919     279.819        -534.905     279.817             116             116
  243         838.449     -55.698         838.463     -55.725             243             243
  212       -1262.596     285.413       -1262.576     285.428             212             212
  108         214.397     796.832         214.421     796.819             108             108
   43        -496.709    1037.096        -496.675    1037.108              43              43
  165        -269.313    1196.674        -269.277    1196.696             165             165
  171        -630.741    -869.757        -630.757    -869.733             171             171
  106        -147.623    1204.737        -147.593    1204.745             106             106
   42         140.948      94.470         140.955      94.482              42              42
   87         167.709     397.704         167.734     397.719              87              87
  167       -1125.286    -885.300       -1125.302    -885.259             167             167
  242         502.058     460.386         502.079     460.376             242             242
   62       -1350.722      99.163       -1350.708      99.210              62              62
  247       -1077.989     605.716       -1077.986     605.766             247             247
   40         139.465    -597.805         139.427    -597.788              40              40
    7         720.659     313.853         720.659     313.855               7               7
   31        1318.481   -1483.907        1318.458   -1483.929              31              31
  173       -1278.766   -1164.059       -1278.776   -1164.031             173             173
  179       -1016.008     153.178       -1016.006     153.192             179             179
   47         -84.725     560.922         -84.716     560.920              47              47
   60        -529.546     595.613        -529.538     595.641              60              60
  251         769.173    -104.067         769.167    -104.075             251             251
  222        -803.602    -518.803        -803.618    -518.773             222             222
  127         100.524    1579.755         100.568    1579.774             127             127
  169         -63.034   -1146.765         -63.079   -1146.722             169             169
  106        -228.341   -1234.947        -228.393   -1234.931             106             106
    1         -43.884    -228.115         -43.902    -228.112               1               1
  165         -78.818    -646.713         -78.857    -646.710             165             165
  109         434.277    -329.582         434.250    -329.603             109             109
   69         122.940    -182.410         122.919    -182.417              69              69
   20        1059.656     121.333        1059.654     121.305              20              20
  225         686.927   -1906.814         686.867   -1906.851             225             225
   57         -58.023     221.029         -58.000     221.000              57              57
  233         388.521    -146.253         388.529    -146.294             233             233
   78        -542.039    1403.737        -541.973    1403.763              78              78
  100          12.119    -773.646          12.073    -773.627             100             100
  142        1009.118    -607.101        1009.093    -607.150             142             142
  249         670.370    -589.829         670.378    -589.879             249             249
  207        -977.329     -74.766        -977.306     -74.753             207             207
  184        -945.744     563.458        -945.734     563.479             184             184
   81         638.919      38.534         638.899      38.486              81              81
  118         407.186     786.206         407.218     786.176             118             118
  171        1059.118     -29.784        1059.138     -29.842             171             171
  143        -718.179     320.902        -718.142     320.913             143             143
  109        -353.343    1452.189        -353.283    1452.206             109             109
  211         694.659     264.161         694.664     264.143             211             211
  151         434.027     521.063         434.063     521.051             151             151
  141         257.563     529.282         257.606     529.280             141             141
  129         -64.416     943.899         -64.356     943.926             129             129
   74          97.181     836.454          97.227     836.499              74              74
  188         402.913     -25.694         402.911     -25.650             188             188
  190        1320.178   -1054.798        1320.151   -1054.829             190             190
   70         241.192    -186.323         241.243    -186.321              70              70
  154        -619.300     338.408        -619.231     338.481             154             154
   61        -416.861   -1171.489        -416.888   -1171.425              61              61
  240        -800.728   -1074.424        -800.757   -1074.373             240             240
    4       -1630.713   -1118.837       -1630.787   -1118.766               4               4
   63         -15.547    -434.844         -15.611    -434.889              63              63
  149         823.015    1032.897         823.070    1032.830             149             149
  114          83.747    -162.306          83.763    -162.303             114             114
  132        -398.603     -49.276        -398.581     -49.256             132             132
  170        -855.810     173.913        -855.796     173.966             170             170
   84        -321.997    -140.088        -322.019    -140.061              84              84
  190        -351.241    -668.836        -351.301    -668.830             190             190
  147         102.902     459.846         102.905     459.817             147             147
  163        1158.298     415.859        1158.341     415.789             163             163
   34       -1270.000    -126.086       -1269.995    -126.002              34              34
   34         445.164      82.100         445.152      82.065              34              34
  157         487.559     572.507         487.616     572.483             157             157
  242        -722.544     -50.428        -722.533     -50.360             242             242
  218         474.516     -81.906         474.523     -81.919             218             218
  238        -245.648    -650.000        -245.650    -649.978             238             238
  104       -1352.176   -1019.532       -1352.234   -1019.485             104             104
  133        -565.131     967.032        -565.091     967.023             133             133
  126        -118.603      69.163        -118.617      69.137             126             126
  214        -646.759    1659.759        -646.666    1659.789             214             214
   89        -223.517     949.694        -223.482     949.745              89              89
   21        -311.913    1006.586        -311.877    1006.686              21              21
  100        -181.702   -1416.958        -181.852   -1416.891             100             100
  219         635.380    -109.818         635.336    -109.863             219             219
   96         124.698    -258.420         124.657    -258.431              96              96
   32         727.390      89.857         727.392      89.795              32              32
  153          26.785     503.752          26.838     503.766             153             153
  167        -283.858    -970.793        -283.923    -970.777             167             167
  187        -708.806     -20.511        -708.833     -20.519             187             187
  215         481.563    1814.774         481.676    1814.714             215             215
  151        -829.347    1427.873        -829.268    1428.005             151             151
  192         293.632   -1089.687         293.496   -1089.663             192             192
   22         174.645     886.868         174.672     886.875              22              22
   45         184.171    -340.891         184.093    -340.871              45              45
   51        1031.505     298.283        1031.500     298.222              51              51
  155        -192.373     -66.285        -192.411     -66.251             155             155
  215        1365.692     174.426        1365.679     174.320             215             215
  135         331.533    1163.170         331.621    1163.184             135             135
   89        1304.664    -196.778        1304.655    -196.819              89              89
  107        1417.143     -34.648        1417.242     -34.720             107             107
   43       -3361.000      -0.322       -3361.000       0.000              43              43
  124        1417.341      34.798        1417.241      34.723             124             124
  141        1304.646     196.866        1304.655     196.822             141             141
  200         331.715   -1163.198         331.622   -1163.183             200             200
  110        1365.664    -174.205        1365.679    -174.319             110             110
  104        -192.452      66.213        -192.411      66.251             104             104
  182        1031.495    -298.151        1031.500    -298.220             182             182
  215         184.006     340.851         184.093     340.872             215             215
  238         174.704    -886.881         174.673    -886.874             238             238
   53         293.334    1089.635         293.492    1089.663              53              53
  174        -829.174   -1428.162        -829.267   -1428.007             174             174
   72         481.816   -1814.643         481.680   -1814.714              72              72
   74        -708.866      20.527        -708.834      20.518              74              74
   18        -284.006     970.756        -283.925     970.776              18              18
   35          26.904    -503.783          26.838    -503.765              35              35
  171         727.394     -89.716         727.391     -89.794             171             171
   51         124.605     258.445         124.657     258.431              51              51
  188         635.278     109.922         635.335     109.863             188             188
   82        -182.054    1416.804        -181.854    1416.892              82              82
  239        -311.827   -1006.821        -311.876   -1006.687             239             239
  147        -223.434    -949.817        -223.481    -949.746             147             147
  233        -646.530   -1659.833        -646.662   -1659.791             233             233
  175        -118.634     -69.099        -118.616     -69.137             175             175
  169        -565.032    -967.009        -565.090    -967.023             169             169
   22       -1352.321    1019.415       -1352.236    1019.484              22              22
  227        -245.657     649.944        -245.653     649.978             227             227
   68         474.533      81.939         474.522      81.920              68              68
  238        -722.518      50.255        -722.534      50.359             238             238
  106         487.708    -572.446         487.618    -572.483             106             106
  158         445.134     -82.007         445.154     -82.064             158             158
   89       -1269.988     125.864       -1269.996     125.999              89              89
  150        1158.412    -415.672        1158.341    -415.786             150             150
   26         102.910    -459.769         102.905    -459.817              26              26
  230        -351.407     668.818        -351.303     668.829             230             230
   94        -322.057     140.012        -322.019     140.060              94              94
  136        -855.770    -174.062        -855.796    -173.968             136             136
   78        -398.540      49.218        -398.581      49.255              78              78
   20          83.794     162.300          83.764     162.304              20              20
   96         823.176   -1032.704         823.072   -1032.828              96              96
   61         -15.731     434.976         -15.612     434.890              61              61
   73       -1630.930    1118.627       -1630.788    1118.764              73              73
   15        -800.814    1074.267        -800.758    1074.370              15              15
  133        -416.946    1171.299        -416.891    1171.425             133             133
  148        -619.091    -338.630        -619.229    -338.482             148             148
   34         241.349     186.317         241.243     186.321              34              34
  168        1320.092    1054.899        1320.149    1054.832             168             168
   63         402.907      25.559         402.911      25.651              63              63
   85          97.328    -836.598          97.228    -836.500              85              85
  100         -64.221    -943.986         -64.355    -943.926             100             100
  146         257.705    -529.275         257.607    -529.280             146             146
   69         434.148    -521.021         434.064    -521.050              69              69
  248         694.676    -264.098         694.664    -264.141             248             248
  123        -353.138   -1452.244        -353.281   -1452.206             123             123
  245        -718.050    -320.944        -718.141    -320.915             245             245
  161        1059.183      29.988        1059.137      29.844             161             161
  146         407.301    -786.098         407.220    -786.173             146             146
  216         638.849     -38.363         638.900     -38.485             216             216
  230        -945.707    -563.537        -945.733    -563.481             230             230
  129        -977.245      74.718        -977.307      74.751             129             129
   67         670.397     590.020         670.376     589.882              67              67
  132        1009.023     607.290        1009.092     607.152             132             132
  218          11.943     773.575          12.072     773.627             218             218
  217        -541.779   -1403.838        -541.971   -1403.764             217             217
  158         388.550     146.415         388.527     146.295             158             158
  193         -57.931    -220.913         -58.000    -221.000             193             193
   55         686.668    1906.965         686.863    1906.852              55              55
   39        1059.650    -121.210        1059.655    -121.302              39              39
   16         122.849     182.439         122.918     182.417              16              16
   76         434.162     329.673         434.249     329.603              76              76
  136         -78.993     646.696         -78.859     646.709             136             136
   77         -43.972     228.108         -43.905     228.114              77              77
  150        -228.581    1234.872        -228.396    1234.930             150             150
  151         -63.244    1146.568         -63.081    1146.722             151             151
  210         100.745   -1579.848         100.573   -1579.775             210             210
   42        -803.684     518.658        -803.620     518.772              42              42
  185         769.144     104.112         769.166     104.077             185             185
  122        -529.504    -595.756        -529.537    -595.642             122             122
  106         -84.675    -560.911         -84.714    -560.921             106             106
   15       -1015.999    -153.255       -1016.006    -153.194              15              15
  223       -1278.824    1163.904       -1278.779    1164.027             223             223
  252        1318.351    1484.028        1318.456    1483.930             252             252
   84         720.664    -313.859         720.660    -313.854              84              84
  215         139.250     597.715         139.426     597.789             215             215
  120       -1077.968    -606.007       -1077.985    -605.769             120             120
   74       -1350.642     -99.448       -1350.708     -99.213              74              74
  121         502.190    -460.323         502.081    -460.375             121             121
   11       -1125.387     885.048       -1125.304     885.258              11              11
   34         167.870    -397.793         167.735    -397.718              34              34
   95         140.997     -94.550         140.955     -94.482              95              95
  140        -147.417   -1204.794        -147.590   -1204.745             140             140
  102        -630.854     869.591        -630.759     869.731             102             102
  228        -269.054   -1196.829        -269.274   -1196.697             228             228
  102        -496.458   -1037.179        -496.673   -1037.109             102             102
   63         214.581    -796.731         214.424    -796.817              63              63
  131       -1262.442    -285.533       -1262.575    -285.430             131             131
   40         838.553      55.912         838.462      55.727              40              40
  119        -534.809    -279.804        -534.905    -279.817             119             119
  171         -36.208    1371.935         -36.104    1371.900             171             171
   56         308.893     611.899         308.914     611.937              56              56
  195        -390.924    -708.140        -391.115    -708.010             195             195
   51         810.681   -1406.943         810.397   -1407.148              51              51
  134         735.528     789.903         735.689     789.644             134             134
   90       -1272.289    1273.041       -1272.075    1273.170              90              90
  203        -963.278    1949.531        -963.094    1949.770             203             203
   88          42.886    -581.158          42.669    -581.056              88              88
  132         105.251    1253.017         105.356    1253.108             132             132
  133        -110.998    -926.298        -111.195    -926.171             133             133
  211        -798.648     389.319        -798.677     389.486             211             211
  239        -656.033     608.438        -656.109     608.673             239             239
  148         552.133    -718.383         551.881    -718.322             148             148
  178        -661.816    -344.735        -661.996    -344.507             178             178
  235        -224.644   -1939.257        -225.127   -1939.193             235             235
  233        -482.526     110.231        -482.759     110.286             233             233
  137        1366.857   -1261.556        1366.440   -1261.801             137             137
  100         626.770     276.214         626.697     276.062             100             100
   52         154.317    -553.357         154.116    -553.412              52              52
    2        -361.929     -48.896        -362.119     -48.895               2               2
  111         508.878    -303.195         508.593    -303.362             111             111
   86        1838.829     955.396        1838.882     955.036              86              86
   98       -1246.880    1018.182       -1246.822    1018.434              98              98
  251        -166.795    -129.068        -167.092    -128.960             251             251
  188        1180.815     191.412        1180.630     191.288             188             188
   71       -1150.555    -107.056       -1150.827    -106.776              71              71
   98        -213.452   -1006.763        -214.056   -1006.694              98              98
  252         731.582    -201.952         731.049    -202.098             252             252
  202         568.603     -54.976         568.016     -55.072             202             202
  139         262.840    -547.295         261.904    -547.370             139             139
  115          25.444     302.957          23.758     302.913             115             115
