SINAL     NFT                         FFT                         NFT INVERSA     FFT INVERSA
-----     -----------------------     -----------------------     -----------     -----------
   69       31901.000       0.000       31901.000       0.000              69              69
  208         965.870     670.117         965.877     670.117             208             208
  219         -36.091    1561.646         -36.082    1561.647             219             219
  142        -158.902    -944.176        -158.896    -944.175             142             142
  204         563.284     799.004         563.293     799.003             204             204
   37       -1067.485    -153.045       -1067.479    -153.041              37              37
  249         745.974     477.520         745.980     477.519             249             249
   18         924.924    -494.331         924.929    -494.334              18              18
  221         409.769     870.958         409.781     870.956             221             221
  117        -100.384     483.839        -100.375     483.842             117             117
   34        1265.206     807.258        1265.219     807.256              34              34
   57        -277.308     150.020        -277.297     150.030              57              57
  240         351.174    -743.033         351.178    -743.027             240             240
    3        -789.129    -933.015        -789.128    -933.003               3               3
   28         994.401    -517.761         994.405    -517.764              28              28
   27        -688.467   -1559.639        -688.470   -1559.632              27              27
  106         476.588    -173.623         476.596    -173.628             106             106
  152       -1089.202   -1626.552       -1089.211   -1626.544             152             152
  104         363.053    -113.551         363.057    -113.566             104             104
    1        -394.928     725.877        -394.913     725.877               1               1
  255         -63.110     125.874         -63.106     125.875             255             255
  219         597.677     255.530         597.686     255.524             219             219
  203         651.176     375.375         651.194     375.373             203             203
   68       -1250.814    -910.128       -1250.820    -910.109              68              68
  228         818.932     849.747         818.948     849.737             228             228
   97        -386.195    -774.505        -386.202    -774.493              97              97
   13        1341.839    -297.743        1341.841    -297.764              13              13
  243         333.200    -617.878         333.209    -617.887             243             243
  204        -537.025    1060.162        -536.991    1060.172             204             204
   44         -13.978    -330.789         -13.970    -330.780              44              44
   47        -262.472     403.217        -262.451     403.232              47              47
   17        -649.029    -803.689        -649.034    -803.662              17              17
  253        -399.127   -1030.214        -399.142   -1030.201             253             253
   10        -958.753   -1076.987        -958.779   -1076.972              10              10
  160         153.961    -516.598         153.939    -516.614             160             160
  201          74.948     447.199          74.946     447.192             201             201
   47        1575.651    -864.826        1575.626    -864.867              47              47
  153        1588.557     396.421        1588.585     396.377             153             153
  220         -73.763    -130.859         -73.743    -130.856             220             220
   13         470.224   -1631.446         470.204   -1631.475              13              13
   15         167.471    1249.294         167.526    1249.262              15              15
  254         187.762    1662.093         187.834    1662.096             254             254
   70       -1038.449    -656.577       -1038.445    -656.537              70              70
  255        -650.868     589.787        -650.846     589.815             255             255
    1        -602.746   -1357.889        -602.790   -1357.870               1               1
   99         649.181     319.859         649.184     319.830              99              99
   27         649.024      -4.502         649.029      -4.527              27              27
  108        1378.529     950.009        1378.585     949.977             108             108
  251        -774.828    -500.003        -774.810    -499.965             251             251
  132        -357.774     336.572        -357.752     336.607             132             132
  109         725.556   -3146.734         725.477   -3146.763             109             109
  251        -792.422    -395.709        -792.412    -395.736             251             251
   95         243.170     922.680         243.220     922.632              95              95
   57        -536.601    1191.681        -536.538    1191.683              57              57
   64        -256.264     833.224        -256.216     833.233              64              64
   68        -800.082     874.831        -800.037     874.874              68              68
  154        -242.100    -479.363        -242.108    -479.344             154             154
   77        -434.797    -141.889        -434.786    -141.885              77              77
   55       -1157.064    1387.413       -1157.008    1387.458              55              55
  102       -1113.159     323.531       -1113.169     323.600             102             102
  121          78.052    -645.356          77.991    -645.343             121             121
  102        1121.877    -196.969        1121.853    -197.013             102             102
  120         629.209      51.382         629.215      51.350             120             120
  118         607.833    1112.341         607.887    1112.330             118             118
  113         673.987    -147.003         674.000    -147.000             113             113
   24         474.428    -609.288         474.430    -609.289              24              24
   64         497.708    -439.260         497.730    -439.268              64              64
  160        -554.659   -1474.637        -554.684   -1474.622             160             160
  178        -498.966    -312.892        -498.964    -312.904             178             178
   29         661.475     -79.232         661.496     -79.294              29              29
  173         -82.668     -54.717         -82.623     -54.758             173             173
  194        -742.909    1513.561        -742.791    1513.561             194             194
   27       -2775.316    1723.071       -2775.251    1723.212              27              27
  244        2231.018     465.393        2231.028     465.323             244             244
  193        -688.777      63.085        -688.733      63.142             193             193
   29        -301.541     653.087        -301.490     653.135              29              29
   87         415.451    -891.385         415.452    -891.377              87              87
  221       -1264.723    -540.777       -1264.692    -540.719             221             221
  137       -2338.044       5.430       -2338.033       5.526             137             137
   83       -1317.025    1214.523       -1317.000    1214.592              83              83
   98        -504.932     521.948        -504.949     522.017              98              98
  247         150.230   -1402.511         150.125   -1402.512             247             247
   78         165.150    1424.770         165.215    1424.766              78              78
  194        -648.058    -235.808        -648.085    -235.735             194             194
   48         -62.488    -401.267         -62.537    -401.243              48              48
  143        -182.931    -205.187        -182.977    -205.169             143             143
    6        1007.628     342.960        1007.629     342.918               6               6
  203        -308.753     616.648        -308.735     616.720             203             203
  220        1305.269   -2345.192        1305.122   -2345.245             220             220
   61         854.837     253.925         854.875     253.854              61              61
   50         497.404      49.530         497.446      49.515              50              50
   85         285.951    -757.899         285.961    -757.904              85              85
  164       -1309.889   -1173.018       -1309.935   -1172.972             164             164
  170         322.546     667.479         322.582     667.419             170             170
  204         252.563    1022.993         252.642    1022.988             204             204
   21         362.872      -3.058         362.904      -3.038              21              21
  195         445.139    -900.198         445.143    -900.200             195             195
   13        -459.244    -912.787        -459.216    -912.772              13              13
  182       -2322.283      99.821       -2322.240      99.954             182             182
  118       -1130.376   -1121.629       -1130.473   -1121.589             118             118
   42        -513.635     662.503        -513.625     662.489              42              42
  100        -249.659    1350.142        -249.600    1350.179             100             100
   56          94.621   -1359.153          94.516   -1359.139              56              56
   69        -290.024    -144.559        -290.047    -144.566              69              69
   88         133.754      61.466         133.738      61.439              88              88
  250         702.867    -253.271         702.854    -253.344             250             250
   99         803.383     799.396         803.501     799.332              99              99
  176       -2012.948    -267.068       -2012.931    -266.920             176             176
  215         242.880    -385.219         242.858    -385.245             215             215
  237       -1849.123    -641.073       -1849.180    -640.984             237             237
    4         221.384     261.537         221.363     261.462               4               4
   58        -912.267     667.616        -912.266     667.636              58              58
  229        1499.094    1228.466        1499.163    1228.354             229             229
   83        -647.659    -235.053        -647.663    -235.006              83              83
  252         272.223    1086.795         272.298    1086.788             252             252
   22          37.321   -1583.647          37.225   -1583.676              22              22
  226       -1133.740    1385.490       -1133.648    1385.507             226             226
    2         616.809    1130.275         616.873    1130.221               2               2
  225        -425.274     271.501        -425.259     271.513             225             225
  190         394.422    2461.032         394.603    2461.030             190             190
   64         230.230    -168.326         230.241    -168.276              64              64
   19        -300.661    -123.391        -300.629    -123.368              19              19
   20       -1365.542    1597.810       -1365.404    1597.926              20              20
  228       -1421.225    1288.594       -1421.183    1288.784             228             228
  189         -11.930     -91.927         -12.023     -91.849             189             189
  225        -315.299     768.866        -315.338     768.964             225             225
  250        2010.610    -254.706        2010.530    -254.796             250             250
  129         607.305     479.725         607.353     479.744             129             129
  238         403.000      -0.054         403.000       0.000             238             238
  176         607.403    -479.762         607.354    -479.744             176             176
  247        2010.447     254.893        2010.530     254.798             247             247
   24        -315.377    -769.066        -315.337    -768.964              24              24
   21         -12.122      91.766         -12.023      91.849              21              21
   47       -1421.134   -1288.994       -1421.181   -1288.787              47              47
   94       -1365.248   -1598.058       -1365.402   -1597.930              94              94
  110        -300.592     123.341        -300.628     123.367             110             110
   41         230.256     168.220         230.242     168.276              41              41
  193         394.820   -2461.026         394.608   -2461.029             193             193
   30        -425.240    -271.530        -425.258    -271.515              30              30
    1         616.953   -1130.154         616.876   -1130.219               1               1
  175       -1133.536   -1385.529       -1133.646   -1385.508             175             175
   34          37.102    1583.714          37.221    1583.678              34              34
   59         272.395   -1086.777         272.300   -1086.787              59              59
  148        -647.670     234.944        -647.664     235.005             148             148
  117        1499.253   -1228.208        1499.164   -1228.353             117             117
   55        -912.264    -667.664        -912.266    -667.637              55              55
  170         221.335    -261.363         221.363    -261.462             170             170
   87       -1849.258     640.859       -1849.181     640.981              87              87
   58         242.829     385.281         242.858     385.246              58              58
  139       -2012.909     266.707       -2012.931     266.916             139             139
   22         803.670    -799.239         803.502    -799.330              22              22
  122         702.835     253.451         702.855     253.345             122             122
  158         133.715     -61.399         133.738     -61.439             158             158
   42        -290.083     144.577        -290.048     144.566              42              42
   95          94.352    1359.118          94.513    1359.139              95              95
   92        -249.506   -1350.238        -249.596   -1350.180              92              92
   11        -513.607    -662.465        -513.623    -662.488              11              11
   90       -1130.629    1121.524       -1130.475    1121.587              90              90
  221       -2322.170    -100.173       -2322.240     -99.959             221             221
  250        -459.172     912.745        -459.217     912.771             250             250
   11         445.150     900.206         445.142     900.201              11              11
  213         362.957       3.005         362.904       3.039             213             213
   18         252.781   -1022.980         252.644   -1022.988              18              18
   32         322.649    -667.312         322.584    -667.417              32              32
    4       -1310.019    1172.887       -1309.937    1172.970               4               4
  113         285.978     757.914         285.960     757.904             113             113
  142         497.524     -49.484         497.447     -49.513             142             142
   46         854.948    -253.720         854.876    -253.852              46              46
   51        1304.837    2345.350        1305.119    2345.247              51              51
  173        -308.698    -616.861        -308.734    -616.720             173             173
   47        1007.630    -342.833        1007.629    -342.917              47              47
  226        -183.071     205.135        -182.977     205.170             226             226
  207         -62.639     401.196         -62.538     401.244             207             207
  107        -648.142     235.581        -648.085     235.734             107             107
  118         165.357   -1424.757         165.218   -1424.765             118             118
   69         149.894    1402.512         150.122    1402.512              69              69
  162        -504.988    -522.168        -504.949    -522.017             162             162
   33       -1316.939   -1214.754       -1316.997   -1214.595              33              33
  157       -2338.009      -5.756       -2338.033      -5.531             157             157
  221       -1264.621     540.582       -1264.693     540.717             221             221
  172         415.452     891.358         415.451     891.378             172             172
  179        -301.361    -653.253        -301.487    -653.136             179             179
   87        -688.625     -63.284        -688.732     -63.143              87              87
   75        2231.057    -465.140        2231.030    -465.318              75              75
  222       -2775.083   -1723.578       -2775.249   -1723.216             222             222
  183        -742.475   -1513.561        -742.787   -1513.561             183             183
  168         -82.500      54.868         -82.621      54.758             168             168
  234         661.555      79.466         661.496      79.297             234             234
   18        -498.958     312.934        -498.964     312.903              18              18
  134        -554.759    1474.579        -554.687    1474.621             134             134
  228         497.792     439.290         497.729     439.269             228             228
   29         474.437     609.289         474.429     609.289              29              29
   91         674.038     146.990         674.000     147.000              91              91
  247         608.059   -1112.290         607.889   -1112.328             247             247
   61         629.233     -51.246         629.215     -51.349              61              61
   96        1121.773     197.164        1121.851     197.016              96              96
  104          77.790     645.302          77.991     645.343             104             104
  204       -1113.203    -323.836       -1113.169    -323.603             204             204
  142       -1156.810   -1387.616       -1157.005   -1387.459             142             142
  156        -434.750     141.870        -434.787     141.884             156             156
  121        -242.135     479.273        -242.107     479.344             121             121
  189        -799.868    -875.032        -800.035    -874.875             189             189
  126        -256.029    -833.265        -256.213    -833.232             126             126
   73        -536.290   -1191.691        -536.535   -1191.684              73              73
   40         243.419    -922.440         243.221    -922.631              40              40
  245        -792.369     395.842        -792.412     395.735             245             245
  142         725.140    3146.884         725.471    3146.765             142             142
  203        -357.656    -336.755        -357.750    -336.608             203             203
   22        -774.737     499.795        -774.811     499.964              22              22
   43        1378.841    -949.817        1378.587    -949.972              43              43
  168         649.053       4.644         649.030       4.528             168             168
  195         649.200    -319.686         649.185    -319.827             195             195
  223        -603.007    1357.776        -602.791    1357.869             223             223
    0        -650.731    -589.955        -650.844    -589.816              -0               0
   15       -1038.425     656.327       -1038.446     656.534              15              15
  189         188.218   -1662.105         187.838   -1662.094             189             189
  184         167.829   -1249.090         167.528   -1249.263             184             184
  183         470.078    1631.649         470.200    1631.478             183             183
  167         -73.624     130.833         -73.742     130.855             167             167
  202        1588.755    -396.101        1588.585    -396.372             202             202
   62        1575.469     865.129        1575.625     864.870              62              62
  140          74.934    -447.146          74.947    -447.192             140             140
  231         153.799     516.722         153.939     516.614             231             231
  153        -958.959    1076.868        -958.782    1076.971             153             153
  131        -399.253    1030.108        -399.143    1030.200             131             131
   37        -649.083     803.467        -649.037     803.662              37              37
  249        -262.287    -403.351        -262.450    -403.232             249             249
  236         -13.926     330.717         -13.972     330.781             236             236
  241        -536.703   -1060.257        -536.988   -1060.173             241             241
  135         333.282     617.980         333.208     617.889             135             135
  136        1341.864     297.961        1341.841     297.766             136             136
  107        -386.280     774.372        -386.204     774.492             107             107
   69         819.108    -849.641         818.950    -849.736              69              69
    7       -1250.884     909.899       -1250.822     910.106               7               7
  180         651.394    -375.333         651.196    -375.371             180             180
  110         597.782    -255.443         597.686    -255.521             110             110
  253         -63.051    -125.887         -63.106    -125.876             253             253
   66        -394.717    -725.881        -394.912    -725.877              66              66
   57         363.110     113.756         363.057     113.565              57              57
   20       -1089.350    1626.423       -1089.214    1626.542              20              20
  110         476.721     173.706         476.597     173.628             110             110
  226        -688.550    1559.498        -688.474    1559.631             226             226
  215         994.475     517.835         994.405     517.766             215             215
   77        -789.129     932.774        -789.131     933.001              77              77
  227         351.268     742.911         351.178     743.028             227             227
  231        -277.032    -150.270        -277.295    -150.031             231             231
   11        1265.566    -807.182        1265.221    -807.253              11              11
  155        -100.106    -483.933        -100.373    -483.843             155             155
  159         410.180    -870.899         409.782    -870.954             159             159
  178         925.088     494.467         924.928     494.337             178             178
  102         746.246    -477.444         745.981    -477.517             102             102
  221       -1067.196     152.820       -1067.480     153.039             221             221
   63         563.877    -798.923         563.294    -799.002              63              63
   77        -158.484     944.085        -158.897     944.174              77              77
  119         -34.917   -1561.717         -36.079   -1561.647             119             119
  194         967.705    -669.872         965.880    -670.116             194             194
