SINAL     NFT                         FFT                         NFT INVERSA     FFT INVERSA
-----     -----------------------     -----------------------     -----------     -----------
   46       33849.000       0.000       33849.000       0.000              46              46
  224         580.930     159.358         580.937     159.357             224             224
   33         -91.350     124.036         -91.342     124.037              33              33
  251        -289.952    -320.628        -289.946    -320.629             251             251
  177        1903.291       1.782        1903.299       1.777             177             177
  217        -286.739     290.989        -286.728     290.987             217             217
   73        -759.778    2843.543        -759.760    2843.548              73              73
   71        -799.841    -557.530        -799.835    -557.523              71              71
  191        -225.467     859.855        -225.457     859.860             191             191
   48         467.458     249.162         467.469     249.166              48              48
  162       -2025.660    -904.289       -2025.658    -904.270             162             162
  103        -437.910    -846.592        -437.914    -846.586             103             103
   57         463.018    -555.360         463.016    -555.362              57              57
   88        1054.341     138.339        1054.351     138.333              88              88
  202       -1505.186      77.417       -1505.177      77.436             202             202
   76         -39.859   -1199.048         -39.867   -1199.042              76              76
  223        -400.865    -708.755        -400.873    -708.748             223             223
  201        1127.388   -1185.432        1127.377   -1185.446             201             201
  176         823.288     169.383         823.301     169.371             176             176
   51         277.213      33.788         277.227      33.786              51              51
   37         -36.151    -148.076         -36.139    -148.070              37              37
  176        -537.020    -733.935        -537.016    -733.924             176             176
  146        -704.710    -552.983        -704.708    -552.970             146             146
   15        -578.610   -1535.101        -578.625   -1535.097              15              15
  224        -797.104     -25.306        -797.103     -25.303             224             224
  212         181.240     123.500         181.243     123.498             212             212
  129       -1285.251   -1302.496       -1285.275   -1302.474             129             129
  184         388.921   -1876.589         388.877   -1876.617             184             184
   71        1486.800    1863.601        1486.831    1863.558              71              71
  206         386.532    -405.961         386.534    -405.971             206             206
  124         285.687     283.265         285.699     283.252             124             124
  118        1164.823     608.230        1164.850     608.206             118             118
  175       -1019.185     400.869       -1019.165     400.898             175             175
  157         747.099   -1252.008         747.075   -1252.023             157             157
  114         858.316    -219.262         858.327    -219.295             114             114
   96         568.812     677.221         568.855     677.202              96              96
  119       -1061.717    -616.451       -1061.708    -616.434             119             119
  187        -120.237     607.966        -120.205     607.957             187             187
  168       -1937.960     444.859       -1937.947     444.902             168             168
   55        1199.709     194.992        1199.714     194.961              55              55
  236        -613.285     254.087        -613.260     254.100             236             236
   75       -1066.033     542.483       -1066.016     542.513              75              75
  159        -110.692    -135.264        -110.698    -135.257             159             159
   37        -175.914     298.378        -175.904     298.386              37              37
  163        -512.843    -772.276        -512.868    -772.271             163             163
  105          11.490    1708.699          11.533    1708.696             105             105
  114        -110.999     218.133        -110.997     218.162             114             114
  131         149.114   -1449.899         149.069   -1449.899             131             131
   50        -504.070      49.339        -504.078      49.335              50              50
   35        1105.466    1414.028        1105.506    1413.995              35              35
  182        -243.194     226.897        -243.182     226.934             182             182
   88         522.249   -1671.354         522.199   -1671.363              88              88
  212        -729.224    -670.432        -729.252    -670.438             212             212
   72        1420.332    1625.911        1420.386    1625.852              72              72
  104        -331.296     -87.528        -331.283     -87.505             104             104
  180        -331.202     107.654        -331.203     107.671             180             180
   29         484.016    -138.714         484.006    -138.729              29              29
  233         157.214    -100.663         157.209    -100.675             233             233
  109         333.297     776.968         333.321     776.962             109             109
  101         629.702    -731.329         629.674    -731.349             101             101
  184         158.212     685.538         158.234     685.528             184             184
  233        1480.434       2.659        1480.438       2.607             233             233
  219        1094.312     574.696        1094.368     574.665             219             219
  103         731.748    -377.166         731.788    -377.182             103             103
  135       -1126.071     666.932       -1126.000     667.000             135             135
   77        -567.380   -1021.488        -567.407   -1021.437              77              77
  200       -1237.601   -1637.635       -1237.686   -1637.601             200             200
  254        1371.759     399.028        1371.767     398.935             254             254
    9        -578.912     -65.706        -578.913     -65.708               9               9
  112        1065.350    1273.937        1065.404    1273.875             112             112
   54         220.912     825.218         220.961     825.226              54              54
  246         754.036    -151.142         754.043    -151.156             246             246
  187         340.915     337.115         340.955     337.116             187             187
  213         442.793    -426.479         442.798    -426.485             213             213
   27         380.031    -198.797         380.052    -198.817              27              27
   95         253.933     909.010         254.011     909.017              95              95
   62          25.863    -910.457          25.851    -910.433              62              62
  142         584.260    -364.926         584.288    -364.951             142             142
  226        -853.840    -960.408        -853.845    -960.382             226             226
  113        -204.327     466.637        -204.282     466.626             113             113
  177         -87.850      75.491         -87.818      75.491             177             177
  152        -553.402    -132.885        -553.388    -132.867             152             152
  202         -35.996     564.136         -35.950     564.136             202             202
  133        -377.011    -379.725        -377.018    -379.708             133             133
  225         249.621     375.867         249.659     375.842             225             225
   50        -348.129     740.765        -348.067     740.802              50              50
   58          63.437   -1473.321          63.379   -1473.331              58              58
  255        -934.757    1011.232        -934.699    1011.258             255             255
   28         680.147     108.574         680.148     108.540              28              28
  167         763.960    -700.008         763.953    -700.080             167             167
  100         138.607     937.152         138.718     937.097             100             100
  212        -544.907    1734.931        -544.754    1734.954             212             212
  144       -1167.427    1547.861       -1167.318    1547.974             144             144
   64         267.037     184.684         267.058     184.719              64              64
   60        -688.777    1023.782        -688.701    1023.882              60              60
   23         278.151     -96.685         278.158     -96.630              23              23
  142        -488.849     -43.201        -488.835     -43.102             142             142
    4          33.145    -762.589          33.100    -762.532               4               4
   22        1130.293    -738.704        1130.293    -738.735              22              22
  151       -1105.558   -1162.880       -1105.577   -1162.796             151             151
  117         127.227    -645.978         127.229    -646.001             117             117
   76       -1591.623      30.852       -1591.595      30.938              76              76
  141        -285.043     506.677        -285.020     506.705             141             141
   49        -282.321     433.548        -282.303     433.621              49              49
   34        1202.449   -1774.226        1202.363   -1774.281              34              34
  169       -1070.086    -128.729       -1070.044    -128.674             169             169
  144        -444.512    -172.295        -444.515    -172.270             144             144
   97         396.483      12.698         396.511      12.665              97              97
   56        -226.647     803.262        -226.537     803.312              56              56
  114        -468.883    -767.995        -468.874    -767.905             114             114
  210       -1781.036   -1670.138       -1781.131   -1670.017             210             210
  233        -460.652     170.174        -460.661     170.178             233             233
   11         504.761    -146.556         504.770    -146.591              11              11
  156        -413.618    -596.212        -413.599    -596.193             156             156
  111       -2175.615     376.718       -2175.588     376.875             111             111
  237         970.947    -161.102         970.929    -161.153             237             237
  207        -607.477    -375.782        -607.444    -375.711             207             207
  169       -1694.464   -1175.837       -1694.534   -1175.711             169             169
  236        -295.275    -477.294        -295.304    -477.298             236             236
  235       -1641.853    -703.540       -1641.906    -703.458             235             235
   80       -1111.634     348.236       -1111.651     348.285              80              80
   81        -912.313    -280.772        -912.407    -280.728              81              81
  192         571.556     948.817         571.583     948.783             192             192
  225        -721.289   -1379.756        -721.426   -1379.685             225             225
  146          10.154    -710.995          10.057    -711.047             146             146
  252        -414.928    -283.608        -415.001    -283.648             252             252
  248         955.732     855.319         955.769     855.191             248             248
   32         380.400     556.488         380.463     556.456              32              32
    0        -549.000      -0.060        -549.000       0.000              -0               0
   15         380.529    -556.420         380.464    -556.454              15              15
  184         955.808    -855.055         955.770    -855.189             184             184
  118        -415.079     283.690        -415.002     283.648             118             118
   92           9.951     711.101          10.055     711.047              92              92
   70        -721.577    1379.607        -721.428    1379.684              70              70
  167         571.618    -948.744         571.586    -948.781             167             167
  127        -912.512     280.677        -912.408     280.727             127             127
  239       -1111.669    -348.342       -1111.650    -348.286             239             239
   55       -1641.969     703.358       -1641.907     703.454              55              55
  224        -295.342     477.305        -295.307     477.299             224             224
   39       -1694.621    1175.555       -1694.537    1175.706              39              39
  170        -607.406     375.625        -607.445     375.710             170             170
  178         970.909     161.217         970.930     161.155             178             178
   17       -2175.554    -377.072       -2175.588    -376.877              17              17
  181        -413.577     596.168        -413.600     596.192             181             181
   79         504.780     146.637         504.769     146.592              79              79
  128        -460.671    -170.186        -460.660    -170.179             128             128
  162       -1781.262    1669.851       -1781.134    1670.014             162             162
   30        -468.865     767.781        -468.876     767.903              30              30
   42        -226.383    -803.381        -226.535    -803.312              42              42
  143         396.551     -12.620         396.512     -12.665             143             143
   10        -444.519     172.236        -444.514     172.270              10              10
  122       -1069.984     128.594       -1070.044     128.672             122             122
  224        1202.234    1774.364        1202.361    1774.283             224             224
  202        -282.275    -433.731        -282.302    -433.622             202             202
   91        -284.983    -506.748        -285.019    -506.706              91              91
  114       -1591.551     -31.076       -1591.594     -30.943             114             114
  199         127.231     646.038         127.228     646.001             199             199
   84       -1105.609    1162.659       -1105.579    1162.793              84              84
  147        1130.292     738.788        1130.292     738.738             147             147
  199          33.025     762.438          33.100     762.532             199             199
  100        -488.811      42.938        -488.835      43.102             100             100
   75         278.171      96.536         278.158      96.629              75              75
   62        -688.566   -1024.055        -688.699   -1023.883              62              62
  193         267.099    -184.781         267.060    -184.719             193             193
  145       -1167.119   -1548.178       -1167.315   -1547.976             145             145
  229        -544.467   -1734.998        -544.748   -1734.955             229             229
   64         138.925    -936.991         138.720    -937.095              64              64
  129         763.938     700.218         763.952     700.081             129             129
   29         680.149    -108.474         680.148    -108.539              29              29
   32        -934.578   -1011.312        -934.695   -1011.260              32              32
  169          63.258    1473.353          63.376    1473.332             169             169
  199        -347.939    -740.880        -348.064    -740.804             199             199
  210         249.738    -375.790         249.660    -375.841             210             210
  187        -377.031     379.670        -377.017     379.707             187             187
  124         -35.851    -564.135         -35.949    -564.135             124             124
   34        -553.356     132.826        -553.387     132.865              34              34
   60         -87.748     -75.492         -87.818     -75.491              60              60
   31        -204.176    -466.600        -204.279    -466.626              31              31
   64        -853.859     960.320        -853.846     960.381              64              64
  102         584.353     365.010         584.288     364.951             102             102
  174          25.820     910.377          25.849     910.434             174             174
   75         254.205    -909.031         254.015    -909.015              75              75
  225         380.104     198.870         380.051     198.819             225             225
  143         442.809     426.502         442.798     426.486             143             143
   22         341.055    -337.118         340.955    -337.116              22              22
   61         754.066     151.199         754.044     151.159              61              61
    2         221.095    -825.248         220.962    -825.226               2               2
  221        1065.556   -1273.705        1065.407   -1273.873             221             221
  145        -578.916      65.713        -578.913      65.707             145             145
  149        1371.791    -398.668        1371.769    -398.931             149             149
  165       -1237.934    1637.500       -1237.689    1637.599             165             165
  246        -567.488    1021.288        -567.408    1021.435             246             246
  225       -1125.786    -667.205       -1126.000    -667.000             225             225
  227         731.907     377.238         731.787     377.184             227             227
  183        1094.543    -574.562        1094.368    -574.663             183             183
  114        1480.452      -2.434        1480.439      -2.605             114             114
  200         158.308    -685.496         158.235    -685.527             200             200
  247         629.580     731.424         629.673     731.352             247             247
  244         333.407    -776.937         333.323    -776.960             244             244
  229         157.190     100.715         157.209     100.674             229             229
   23         483.966     138.785         484.005     138.730              23              23
  158        -331.203    -107.732        -331.202    -107.671             158             158
  172        -331.240      87.420        -331.285      87.505             172             172
  234        1420.603   -1625.617        1420.390   -1625.848             234             234
   89        -729.365     670.455        -729.253     670.437              89              89
   41         521.989    1671.401         522.196    1671.363              41              41
   12        -243.133    -227.086        -243.181    -226.933              12              12
  149        1105.680   -1413.854        1105.509   -1413.993             149             149
   73        -504.116     -49.319        -504.078     -49.335              73              73
   77         148.859    1449.900         149.066    1449.899              77              77
  252        -110.987    -218.293        -110.997    -218.162             252             252
  247          11.744   -1708.686          11.536   -1708.696             247             247
  153        -512.988     772.245        -512.868     772.271             153             153
  221        -175.856    -298.425        -175.903    -298.386             221             221
  135        -110.736     135.226        -110.700     135.258             135             135
  175       -1065.923    -542.678       -1066.014    -542.515             175             175
   26        -613.124    -254.173        -613.260    -254.101              26              26
  137        1199.746    -194.779        1199.715    -194.958             137             137
  140       -1937.873    -445.161       -1937.947    -444.906             140             140
  172        -120.008    -607.904        -120.203    -607.956             172             172
   31       -1061.650     616.327       -1061.707     616.432              31              31
   49         569.134    -677.076         568.857    -677.200              49              49
  162         858.394     219.516         858.327     219.297             162             162
    0         746.907    1252.132         747.073    1252.025               0               0
   20       -1019.027    -401.102       -1019.165    -400.898              20              20
   90        1165.049    -608.015        1164.851    -608.203              90              90
  115         285.784    -283.142         285.698    -283.251             115             115
  221         386.541     406.056         386.532     405.973             221             221
   81        1487.102   -1863.191        1486.834   -1863.555              81              81
  104         388.477    1876.862         388.872    1876.619             104             104
  195       -1285.509    1302.277       -1285.279    1302.473             195             195
  105         181.278    -123.481         181.244    -123.498             105             105
    6        -797.099      25.261        -797.104      25.301               6               6
  111        -578.801    1535.045        -578.629    1535.096             111             111
   84        -704.696     552.825        -704.709     552.968              84              84
   95        -536.983     733.791        -537.018     733.923              95              95
  153         -35.991     148.006         -36.138     148.070             153             153
   97         277.399     -33.766         277.227     -33.786              97              97
  245         823.455    -169.197         823.300    -169.368             245             245
  226        1127.215    1185.653        1127.375    1185.448             226             226
  175        -400.983     708.653        -400.873     708.748             175             175
  241         -40.025    1198.940         -39.870    1199.041             241             241
  218       -1505.021     -77.794       -1505.177     -77.439             218             218
   72        1054.551    -138.208        1054.351    -138.332              72              72
  206         462.975     555.411         463.015     555.363             206             206
   97        -438.026     846.438        -437.916     846.585              97              97
  248       -2025.616     903.776       -2025.660     904.266             248             248
  233         467.777    -249.291         467.469    -249.166             233             233
  235        -225.112    -860.015        -225.455    -859.860             235             235
  132        -799.656     557.221        -799.837     557.520             132             132
  149        -758.901   -2843.746        -759.754   -2843.549             149             149
   11        -286.150    -290.930        -286.728    -290.989              11              11
  182        1903.800      -1.404        1903.300      -1.773             182             182
   56        -289.449     320.589        -289.946     320.627              56              56
   12         -90.393    -124.068         -91.341    -124.036              12              12
  203         582.776    -159.257         580.938    -159.358             203             203
