SINAL     NFT                         FFT                         NFT INVERSA     FFT INVERSA
-----     -----------------------     -----------------------     -----------     -----------
  211       30211.000       0.000       30211.000       0.000             211             211
  235        -128.923      26.292        -128.917      26.292             235             235
   99        1405.511    1400.617        1405.518    1400.615              99              99
  238        -100.800    1352.530        -100.791    1352.531             238             238
  143          28.210     634.025          28.219     634.027             143             143
   21       -1262.440     763.461       -1262.432     763.467              21              21
   42        -251.674     321.741        -251.669     321.745              42              42
  108        1074.197     308.682        1074.205     308.682             108             108
  168        -421.974    -200.480        -421.967    -200.473             168             168
   25        -729.566    -254.974        -729.561    -254.965              25              25
   68       -1312.840    -564.171       -1312.845    -564.161              68              68
  109        2016.365     374.087        2016.367     374.079             109             109
    5         740.639    -676.579         740.640    -676.580               5               5
   53         924.356     510.283         924.368     510.280              53              53
  163         306.509    -228.379         306.516    -228.375             163             163
   58         508.805      57.003         508.815      57.004              58              58
  159         116.639    -633.368         116.644    -633.365             159             159
  244        -474.418    1120.549        -474.398    1120.560             244             244
   18         617.407     721.223         617.423     721.235              18              18
  188        -185.151   -1652.940        -185.158   -1652.921             188             188
   33        -511.262   -1095.479        -511.266   -1095.465              33              33
  117        -179.948    -461.326        -179.945    -461.317             117             117
   55       -1444.518   -1019.085       -1444.530   -1019.059              55              55
   29        -168.331    -933.617        -168.352    -933.614              29              29
  167        1104.070     310.452        1104.075     310.441             167             167
  236          76.950   -1038.075          76.942   -1038.068             236             236
   25        -711.989   -1190.084        -712.008   -1190.075              25              25
   15         788.521     321.673         788.526     321.655              15              15
  195        -566.363     825.410        -566.348     825.431             195             195
  134         482.165    -429.400         482.152    -429.389             134             134
    1         453.626    -842.237         453.610    -842.228               1               1
  150        -374.663   -1096.111        -374.690   -1096.091             150             150
  113        1510.115   -1600.332        1510.075   -1600.359             113             113
  101         760.032   -1213.927         760.011   -1213.949             101             101
  132         674.806    -878.767         674.790    -878.791             132             132
    1        1585.710    -964.907        1585.701    -964.958               1               1
  122         383.948     229.799         383.974     229.776             122             122
  175         532.163      50.153         532.184      50.141             175             175
  109        -630.134   -1777.121        -630.167   -1777.123             109             109
   35        1301.992    1178.597        1302.031    1178.545              35              35
  201        -869.618      11.140        -869.609      11.159             201             201
  177        1710.080      23.430        1710.089      23.379             177             177
  145         347.905     338.262         347.943     338.251             145             145
  206        -307.762    -320.792        -307.750    -320.789             206             206
  231         554.367     793.108         554.414     793.089             231             231
   52        -997.432     567.220        -997.394     567.263              52              52
    9        -235.841   -1268.275        -235.869   -1268.261               9               9
  134        -754.721    -366.675        -754.733    -366.672             134             134
   40         393.059    1355.530         393.093    1355.517              40              40
   28        1190.314    -984.924        1190.299    -984.959              28              28
   67        -449.788     626.787        -449.740     626.794              67              67
   74       -1450.815     -34.971       -1450.821     -34.924              74              74
  146        1171.051    -110.942        1171.036    -110.992             146             146
  123         647.496     995.911         647.546     995.882             123             123
  103         120.909    1214.815         120.974    1214.835             103             103
   57        -204.459    -998.951        -204.468    -998.925              57              57
  103       -1089.290     215.039       -1089.276     215.078             103             103
  128         139.105     414.335         139.118     414.344             128             128
   72        -908.033   -1386.006        -908.094   -1385.981              72              72
   42         598.064    1117.046         598.089    1116.999              42              42
    7         821.235    1228.035         821.294    1228.008               7               7
   74       -1006.294    1105.371       -1006.244    1105.439              74              74
  192        -844.389     168.346        -844.420     168.420             192             192
  120        2260.872       3.448        2260.855       3.397             120             120
  176         379.001    -538.017         379.000    -538.000             176             176
   69         500.080    -660.355         500.078    -660.358              69              69
  121       -1152.016    -333.224       -1152.023    -333.162             121             121
   43         192.597   -1189.717         192.528   -1189.734              43              43
  244         255.198     480.471         255.209     480.440             244             244
  231        -401.874     355.811        -401.892     355.825             231             231
   79        2183.099     503.442        2183.100     503.346              79              79
  189        1692.166    1011.591        1692.250    1011.536             189             189
  153        -704.549     350.434        -704.502     350.508             153             153
  224         973.878    -145.626         973.889    -145.634             224             224
  140        -598.661      62.460        -598.645      62.527             140             140
  128         873.448    -188.271         873.439    -188.263             128             128
   20         634.493   -1470.176         634.442   -1470.176              20              20
  150         404.722   -1034.420         404.696   -1034.443             150             150
    7         645.664    -790.709         645.658    -790.769               7               7
   61         146.133     834.185         146.220     834.160              61              61
  179        -869.301      19.938        -869.278      19.985             179             179
   74         279.929    1383.440         280.007    1383.459              74              74
  135          90.286    -814.782          90.255    -814.731             135             135
   69         970.857   -1097.945         970.831   -1097.980              69              69
  197         -77.397    -230.888         -77.346    -230.876             197             197
  238       -1700.264   -1379.460       -1700.312   -1379.383             238             238
  127        -567.891     826.831        -567.861     826.850             127             127
   45        -340.554   -1030.434        -340.633   -1030.421              45              45
  111         -24.761     140.342         -24.779     140.308             111             111
  200           1.513    1176.585           1.542    1176.584             200             200
   87        1409.013    -107.749        1408.989    -107.810              87              87
  118         408.366       6.921         408.369       6.898             118             118
   19        1322.289    1038.092        1322.367    1038.038              19              19
   24         474.868    -241.041         474.893    -241.025              24              24
  238         443.606    -307.514         443.625    -307.511             238             238
  196         426.544    -545.787         426.560    -545.802             196             196
   93        -614.140     573.576        -614.075     573.640              93              93
  104         869.738   -1182.939         869.694   -1182.973             104             104
  240        -100.724     222.758        -100.657     222.769             240             240
   82        -438.631    -454.222        -438.626    -454.177              82              82
   80         213.248    -438.207         213.257    -438.213              80              80
   63        -922.482   -1013.250        -922.520   -1013.215              63              63
   16         217.154     859.703         217.234     859.670              16              16
  234       -1576.935    -235.406       -1576.957    -235.296             234             234
   32         818.752     156.833         818.738     156.781              32              32
  157          98.685    -472.598          98.664    -472.615             157             157
  107           9.648     942.472           9.716     942.477             107             107
   53         503.959    -664.006         503.922    -664.030              53              53
   52         290.246     614.325         290.306     614.308              52              52
  114        1287.908     -88.606        1287.962     -88.669             114             114
  114        -596.902    -731.471        -596.872    -731.433             114             114
  231        -740.546     482.585        -740.466     482.621             231             231
  189        -516.546     835.030        -516.461     835.103             189             189
  249        -170.469   -1357.432        -170.537   -1357.408             249             249
   45        -866.366     514.729        -866.305     514.768              45              45
  131        -290.240     604.166        -290.186     604.206             131             131
  232        -420.314    -463.276        -420.331    -463.234             232             232
  173        -466.410     561.704        -466.342     561.743             173             173
  176       -1750.833      80.067       -1750.847      80.219             176             176
   87        -240.076     509.338        -240.107     509.391              87              87
  118         851.391    -579.812         851.320    -579.850             118             118
    8        -336.249     416.822        -336.222     416.867               8               8
  205         415.195     -81.332         415.183     -81.325             205             205
  137        -133.945    -247.641        -133.959    -247.592             137             137
   32         184.188    -786.650         184.133    -786.651              32              32
  188           5.502    -225.605           5.511    -225.612             188             188
   77       -1013.968     -97.008       -1013.981     -96.928              77              77
  126         512.110    -387.909         512.066    -387.961             126             126
   37        -449.000      -0.014        -449.000       0.000              37              37
   61         512.019     388.016         512.065     387.962              61              61
  209       -1013.995      96.841       -1013.981      96.926             209             209
  117           5.519     225.621           5.510     225.613             117             117
  125         184.073     786.652         184.132     786.651             125             125
  226        -133.974     247.540        -133.960     247.592             226             226
   95         415.170      81.319         415.183      81.326              95              95
  157        -336.190    -416.919        -336.221    -416.868             157             157
  128         851.238     579.897         851.319     579.852             128             128
  202        -240.142    -509.453        -240.107    -509.392             202             202
  210       -1750.864     -80.402       -1750.847     -80.222             210             210
  180        -466.261    -561.791        -466.342    -561.744             180             180
   61        -420.353     463.181        -420.332     463.233              61              61
   68        -290.117    -604.254        -290.184    -604.205              68              68
  156        -866.229    -514.818        -866.304    -514.769             156             156
  251        -170.626    1357.377        -170.539    1357.408             251             251
   62        -516.349    -835.197        -516.460    -835.103              62              62
  201        -740.360    -482.670        -740.465    -482.622             201             201
  126        -596.831     731.381        -596.872     731.432             126             126
   39        1288.032      88.759        1287.961      88.673              39              39
  119         290.389    -614.285         290.307    -614.308             119             119
   47         503.869     664.065         503.921     664.032              47              47
  126           9.814    -942.483           9.718    -942.476             126             126
  237          98.632     472.640          98.663     472.616             237             237
   56         818.719    -156.704         818.738    -156.780              56              56
   76       -1576.989     235.127       -1576.957     235.292              76              76
  118         217.358    -859.618         217.236    -859.669             118             118
   89        -922.582    1013.159        -922.523    1013.213              89              89
    8         213.272     438.222         213.257     438.213               8               8
  196        -438.618     454.104        -438.626     454.176             196             196
  215        -100.548    -222.787        -100.656    -222.769             215             215
   45         869.618    1183.030         869.692    1182.974              45              45
    2        -613.965    -573.748        -614.074    -573.641               2               2
  169         426.586     545.829         426.559     545.803             169             169
  163         443.659     307.508         443.626     307.512             163             163
  128         474.935     240.998         474.892     241.025             128             128
  140        1322.510   -1037.938        1322.369   -1038.036             140             140
    2         408.375      -6.856         408.370      -6.898               2               2
   29        1408.944     107.928        1408.989     107.814              29              29
   12           1.601   -1176.582           1.545   -1176.584              12              12
  205         -24.815    -140.244         -24.780    -140.308             205             205
  240        -340.790    1030.395        -340.635    1030.420             240             240
  192        -567.798    -826.889        -567.859    -826.851             192             192
   11       -1700.413    1379.222       -1700.315    1379.379              11              11
   53         -77.243     230.850         -77.346     230.875              53              53
   92         970.776    1098.055         970.830    1097.982              92              92
    6          90.185     814.623          90.252     814.732               6               6
  116         280.180   -1383.501         280.011   -1383.459             116             116
   38        -869.224     -20.089        -869.277     -19.986              38              38
  133         146.422    -834.106         146.223    -834.160             133             133
  155         645.643     790.908         645.657     790.770             155             155
  157         404.631    1034.498         404.694    1034.444             157             157
  181         634.317    1470.174         634.440    1470.176             181             181
   26         873.420     188.246         873.440     188.264              26              26
  138        -598.605     -62.693        -598.645     -62.527             138             138
  237         973.917     145.655         973.889     145.636             237             237
  102        -704.380    -350.697        -704.502    -350.508             102             102
    1        1692.477   -1011.384        1692.254   -1011.532               1               1
   70        2183.102    -503.083        2183.100    -503.341              70              70
  110        -401.938    -355.865        -401.891    -355.826             110             110
  198         255.239    -480.355         255.210    -480.441             198             198
   30         192.331    1189.782         192.525    1189.734              30              30
  155       -1152.045     332.982       -1152.024     333.160             155             155
  200         500.072     660.368         500.077     660.358             200             200
  200         378.996     537.950         379.000     538.000             200             200
   63        2260.798      -3.227        2260.854      -3.393              63              63
   72        -844.516    -168.654        -844.420    -168.421              72              72
   84       -1006.077   -1105.667       -1006.242   -1105.443              84              84
   66         821.492   -1227.920         821.296   -1228.008              66              66
  102         598.179   -1116.839         598.091   -1116.998             102             102
   96        -908.307    1385.892        -908.096    1385.979              96              96
   16         139.168    -414.373         139.120    -414.343              16              16
   87       -1089.223    -215.218       -1089.275    -215.079              87              87
   32        -204.513     998.830        -204.471     998.925              32              32
   27         121.225   -1214.904         120.976   -1214.833              27              27
  140         647.741    -995.769         647.549    -995.881             140             140
  125        1170.976     111.191        1171.036     110.993             125             125
   34       -1450.848      34.728       -1450.821      34.921              34              34
    0        -449.540    -626.823        -449.739    -626.795              -0               0
  163        1190.232     985.111        1190.297     984.961             163             163
  168         393.244   -1355.459         393.094   -1355.516             168             168
  156        -754.788     366.652        -754.733     366.670             156             156
   65        -236.004    1268.200        -235.871    1268.261              65              65
   93        -997.214    -567.477        -997.393    -567.267              93              93
  182         554.642    -792.993         554.414    -793.088             182             182
  204        -307.688     320.775        -307.749     320.789             204             204
   75         348.140    -338.187         347.944    -338.249              75              75
   28        1710.138     -23.104        1710.089     -23.375              28              28
  205        -869.562     -11.264        -869.609     -11.160             205             205
  145        1302.266   -1178.244        1302.035   -1178.542             145             145
  138        -630.367    1777.127        -630.172    1777.122             138             138
  148         532.310     -50.063         532.185     -50.139             148             148
  175         384.129    -229.636         383.974    -229.776             175             175
   38        1585.635     965.288        1585.699     964.962              38              38
   92         674.677     878.951         674.788     878.792              92              92
  119         759.860    1214.097         760.006    1213.950             119             119
  102        1509.791    1600.549        1510.074    1600.360             102             102
  165        -374.910    1095.940        -374.694    1096.089             165             165
  204         453.486     842.171         453.609     842.229             204             204
  168         482.048     429.309         482.151     429.390             168             168
   12        -566.224    -825.599        -566.347    -825.431              12              12
   44         788.573    -321.496         788.526    -321.653              44              44
  184        -712.187    1189.991        -712.011    1190.073             184             184
   99          76.859    1037.999          76.939    1038.068              99              99
   76        1104.118    -310.323        1104.075    -310.439              76              76
  211        -168.578     933.579        -168.355     933.613             211             211
  240       -1444.665    1018.763       -1444.531    1019.056             240             240
  202        -179.915     461.207        -179.946     461.315             202             202
  246        -511.326    1095.296        -511.267    1095.464             246             246
  241        -185.263    1652.668        -185.161    1652.918             241             241
  110         617.650    -721.391         617.425    -721.234             110             110
  158        -474.108   -1120.723        -474.395   -1120.563             158             158
  141         116.716     633.324         116.644     633.365             141             141
  175         508.983     -57.029         508.815     -57.004             175             175
  252         306.639     228.315         306.516     228.376             252             252
   67         924.597    -510.209         924.369    -510.279              67              67
  124         740.654     676.618         740.639     676.581             124             124
   71        2016.410    -373.846        2016.368    -374.075              71              71
   96       -1312.964     563.866       -1312.846     564.158              96              96
   74        -729.449     254.715        -729.563     254.963              74              74
  217        -421.752     200.245        -421.967     200.472             217             217
  235        1074.466    -308.671        1074.204    -308.680             235             235
  222        -251.452    -321.940        -251.669    -321.747             222             222
  137       -1261.979    -763.807       -1262.429    -763.470             137             137
   18          28.808    -634.133          28.220    -634.027              18              18
   59         -99.937   -1352.608        -100.788   -1352.531              59              59
    1        1406.571   -1400.314        1405.522   -1400.612               1               1
  120        -127.359     -26.203        -128.917     -26.293             120             120
