SINAL     NFT                         FFT                         NFT INVERSA     FFT INVERSA
-----     -----------------------     -----------------------     -----------     -----------
   74       33980.000       0.000       33980.000       0.000              74              74
  106        1073.526     776.648        1073.534     776.648             106             106
  101        -752.093     672.691        -752.084     672.692             101             101
  131         120.337    -341.802         120.344    -341.801             131             131
  194         221.938     573.919         221.947     573.920             194             194
  222       -1010.495     478.381       -1010.486     478.386             222             222
  159       -1254.409     400.620       -1254.402     400.629             159             159
   98         856.865   -1348.633         856.866   -1348.631              98              98
  191       -1691.182   -1404.393       -1691.184   -1404.383             191             191
  235        1639.870   -1686.406        1639.864   -1686.418             235             235
   23         951.540     663.659         951.555     663.649              23              23
  194        -578.660     -59.659        -578.649     -59.655             194             194
  118          -8.077     -84.994          -8.065     -84.994             118             118
   70       -1801.520     149.917       -1801.510     149.931              70              70
  229        -491.654     -69.213        -491.651     -69.209             229             229
  128        -425.656     665.039        -425.648     665.049             128             128
   79        -263.428   -1745.453        -263.445   -1745.447              79              79
  172         737.301    -305.206         737.301    -305.217             172             172
  189         803.104    -911.670         803.104    -911.686             189             189
   12        -542.391     153.688        -542.379     153.681              12              12
  161         373.018    2096.931         373.053    2096.924             161             161
   58         633.036     291.312         633.056     291.316              58              58
   15        -824.622   -1368.155        -824.622   -1368.141              15              15
  202        -611.762    -120.527        -611.749    -120.527             202             202
  140       -1514.768     808.895       -1514.746     808.914             140             140
   65       -1152.740     238.675       -1152.740     238.692              65              65
  106         560.031     761.713         560.045     761.707             106             106
  253       -1060.071     143.404       -1060.066     143.428             253             253
  121         817.968     422.467         817.982     422.462             121             121
  180       -1596.474    -643.580       -1596.479    -643.544             180             180
   95        -301.282     141.470        -301.287     141.480              95              95
  196         519.419    -623.691         519.405    -623.699             196             196
   30         601.752    -123.479         601.761    -123.499              30              30
  197        -737.124    1316.713        -737.083    1316.733             197             197
   71       -1014.809    -531.622       -1014.822    -531.588              71              71
  225         522.868    -600.436         522.851    -600.451             225             225
  163         181.282     994.065         181.313     994.060             163             163
  230        -193.143      75.533        -193.130      75.549             230             230
   67        -415.990    -607.734        -415.994    -607.722              67              67
   99        -998.597     848.260        -998.576     848.289              99              99
  210         512.568    -558.337         512.559    -558.344             210             210
   91       -1264.225     684.427       -1264.200     684.463              91              91
   38        -327.254     222.273        -327.250     222.295              38              38
   72       -1313.346     455.959       -1313.347     456.018              72              72
  162         386.112   -1379.376         386.053   -1379.370             162             162
   11         369.259    -513.069         369.238    -513.082              11              11
  201         415.276    -439.601         415.267    -439.622             201             201
  242          43.434     546.181          43.462     546.176             242             242
  183       -1204.801    -232.992       -1204.810    -232.955             183             183
  134         293.381    1193.566         293.410    1193.570             134             134
  254        -747.240   -1037.996        -747.281   -1037.956             254             254
   88          69.584      71.779          69.570      71.777              88              88
  193         315.533     -48.470         315.525     -48.476             193             193
   14        -708.346    -318.593        -708.375    -318.571              14              14
   35        1356.992     665.043        1357.003     664.998              35              35
   77        -440.036     497.405        -440.022     497.438              77              77
   80         730.188      29.898         730.179      29.901              80              80
  141         849.360   -1034.083         849.334   -1034.101             141             141
   74        -584.011     576.600        -583.982     576.636              74              74
  201          11.712   -1001.306          11.661   -1001.282             201             201
   65        1596.409   -1469.987        1596.364   -1470.059              65              65
  170        -966.373     327.091        -966.344     327.105             170             170
  141         523.446     374.224         523.461     374.197             141             141
   96         -29.209     472.857         -29.181     472.862              96              96
  111         -49.042     878.966         -49.000     879.000             111             111
  212          93.611   -1048.819          93.572   -1048.788             212             212
   65        -119.957    -723.675        -119.984    -723.661              65              65
   19         215.741     -87.166         215.743     -87.161              19              19
  187        -442.823   -1859.353        -442.905   -1859.344             187             187
  133         564.209     548.181         564.233     548.130             133             133
  118         -84.525     217.423         -84.510     217.434             118             118
  141         548.913    -683.453         548.892    -683.476             141             141
  225         242.741     -51.347         242.772     -51.364             225             225
  156       -1687.245    -490.489       -1687.268    -490.421             156             156
  214         962.930     383.850         962.936     383.788             214             214
  131        -105.344    1067.967        -105.277    1067.993             131             131
  168        -311.589    -381.064        -311.602    -381.001             168             168
  159        -167.508   -1830.227        -167.605   -1830.207             159             159
  118         864.893    -714.882         864.869    -714.951             118             118
   95         128.386    -670.542         128.399    -670.583              95              95
   37       -1557.869    -518.669       -1557.867    -518.646              37              37
  117       -1206.130    1438.596       -1206.071    1438.619             117             117
  184        -487.399     648.848        -487.397     648.875             184             184
  230        -620.496     321.496        -620.524     321.542             230             230
  131         917.778   -1289.840         917.676   -1289.926             131             131
  219          64.671    2476.888          64.801    2476.856             219             219
   51        -335.958     868.831        -335.931     868.882              51              51
  212         424.841    1341.475         424.889    1341.516             212             212
  104         458.035    -912.420         457.973    -912.381             104             104
  126         268.406     -12.750         268.400     -12.724             126             126
  158         527.899    -502.261         527.878    -502.244             158             158
  169        -403.135    -973.298        -403.189    -973.244             169             169
   40         527.155    -755.379         527.112    -755.397              40              40
   43        -830.981    -439.272        -831.018    -439.206              43              43
    9         871.058   -1205.184         870.966   -1205.226               9               9
  151          94.205   -1626.120          94.108   -1626.167             151             151
    0         470.211     362.582         470.239     362.501              -0               0
   75          25.738     296.124          25.772     296.112              75              75
  171        -614.984    -487.894        -615.027    -487.859             171             171
  188         725.382    -384.282         725.340    -384.347             188             188
  209         573.150     -57.530         573.168     -57.584             209             209
   33       -1234.304    -524.224       -1234.350    -524.163              33              33
   74         941.142    -538.530         941.065    -538.636              74              74
  178        1321.230     203.236        1321.261     203.096             178             178
  190         265.637     660.053         265.735     660.004             190             190
   32        -844.686     368.904        -844.636     368.956              32              32
   54        -233.950    -870.851        -234.021    -870.878              54              54
  102         261.570    1649.765         261.674    1649.710             102             102
  191          15.189      99.835          15.183      99.831             191             191
  173        1469.066     581.059        1469.136     580.937             173             173
  198        -718.473    1353.555        -718.326    1353.620             198             198
  229        -517.067     206.621        -517.042     206.693             229             229
   34        -493.892     392.797        -493.877     392.863              34              34
  126         242.207     269.125         242.208     269.144             126             126
  203         452.996      -1.609         453.008      -1.607             203             203
  166        -875.952     314.042        -875.937     314.154             166             166
   89         735.427    -754.711         735.347    -754.732              89              89
  255         653.127     887.009         653.216     887.023             255             255
  122          27.305   -2259.624          27.176   -2259.570             122             122
  193        -721.464   -2141.241        -721.604   -2141.267             193             193
  125        -499.372    1239.526        -499.286    1239.478             125             125
   24        -316.505     569.744        -316.489     569.759              24              24
  107          74.947     -83.026          74.897     -83.043             107             107
  166        1284.672    1262.869        1284.772    1262.791             166             166
   68         -90.126    -668.677         -90.147    -668.626              68              68
  116         348.074    -218.035         348.096    -218.053             116             116
   62       -1368.634    -247.169       -1368.654    -247.043              62              62
   69         934.674   -1160.381         934.570   -1160.482              69              69
  192        -874.000      -0.004        -874.000       0.000             192             192
  233         934.461    1160.589         934.568    1160.485             233             233
    1       -1368.676     246.911       -1368.654     247.042               1               1
  146         348.117     218.072         348.095     218.053             146             146
   11         -90.170     668.573         -90.148     668.627              11              11
   75        1284.883   -1262.701        1284.774   -1262.788              75              75
   68          74.842      83.064          74.897      83.045              68              68
  202        -316.472    -569.777        -316.490    -569.759             202             202
  107        -499.186   -1239.425        -499.284   -1239.479             107             107
  123        -721.774    2141.292        -721.609    2141.265             123             123
   49          27.021    2259.506          27.173    2259.570              49              49
   43         653.324    -887.039         653.217    -887.022              43              43
   40         735.249     754.760         735.346     754.733              40              40
  247        -875.919    -314.293        -875.937    -314.156             247             247
   16         453.023       1.605         453.008       1.608              16              16
   75         242.211    -269.169         242.208    -269.144              75              75
  118        -493.858    -392.948        -493.877    -392.863             118             118
  220        -517.006    -206.792        -517.040    -206.695             220             220
  241        -718.124   -1353.709        -718.322   -1353.621             241             241
  207        1469.231    -580.767        1469.137    -580.933             207             207
  220          15.176     -99.826          15.184     -99.831             220             220
  108         261.823   -1649.631         261.677   -1649.709             108             108
  145        -234.124     870.916        -234.023     870.878             145             145
   90        -844.563    -369.032        -844.636    -368.957              90              90
  133         265.879    -659.931         265.736    -660.003             133             133
  252        1321.308    -202.881        1321.262    -203.092             252             252
    0         940.950     538.799         941.065     538.638              -0               0
  201       -1234.423     524.068       -1234.352     524.161             201             201
  113         573.197      57.669         573.168      57.585             113             113
   63         725.273     384.454         725.339     384.350              63              63
   15        -615.098     487.803        -615.028     487.859              15              15
   50          25.827    -296.093          25.771    -296.112              50              50
   41         470.285    -362.366         470.239    -362.501              41              41
   16          93.935    1626.246          94.104    1626.167              16              16
  196         870.803    1205.303         870.964    1205.228             196             196
   52        -831.088     439.088        -831.020     439.204              52              52
   92         527.034     755.432         527.111     755.398              92              92
    9        -403.292     973.143        -403.192     973.243               9               9
  255         527.837     502.213         527.876     502.244             255             255
  200         268.390      12.676         268.400      12.724             200             200
  132         457.851     912.307         457.971     912.381             132             132
   48         424.990   -1341.597         424.893   -1341.516              48              48
  243        -335.873    -868.986        -335.929    -868.883             243             243
  173          65.070   -2476.790          64.806   -2476.855             173             173
   40         917.464    1290.102         917.673    1289.927              40              40
    4        -620.582    -321.639        -620.524    -321.543               4               4
  248        -487.389    -648.933        -487.395    -648.876             248             248
  158       -1205.941   -1438.672       -1206.068   -1438.621             158             158
  224       -1557.864     518.594       -1557.867     518.645             224             224
  234         128.427     670.675         128.398     670.583             234             234
  110         864.813     715.110         864.868     714.953             110             110
  188        -167.836    1830.162        -167.609    1830.208             188             188
   86        -311.634     380.852        -311.603     381.001              86              86
  255        -105.113   -1068.055        -105.275   -1067.992             255             255
   23         962.951    -383.634         962.936    -383.787              23              23
  220       -1687.325     490.249       -1687.268     490.419             220             220
  252         242.850      51.410         242.772      51.365             252             252
   23         548.837     683.537         548.891     683.477              23              23
  166         -84.468    -217.460         -84.510    -217.433             166             166
  110         564.297    -547.993         564.233    -548.129             110             110
   87        -443.138    1859.316        -442.909    1859.342              87              87
  181         215.748      87.147         215.742      87.162             181             181
  161        -120.064     723.621        -119.986     723.661             161             161
  128          93.456    1048.698          93.569    1048.788             128             128
  197         -48.874    -879.103         -49.000    -879.000             197             197
  101         -29.090    -472.883         -29.180    -472.863             101             101
  181         523.511    -374.112         523.462    -374.196             181             181
   34        -966.250    -327.155        -966.344    -327.107              34              34
  110        1596.212    1470.303        1596.362    1470.061             110             110
  180          11.481    1001.205          11.658    1001.283             180             180
  234        -583.882    -576.763        -583.982    -576.637             234             234
  243         849.236    1034.166         849.331    1034.102             243             243
  228         730.144     -29.907         730.178     -29.900             228             228
  221        -439.967    -497.565        -440.021    -497.440             221             221
  160        1357.048    -664.820        1357.004    -664.995             160             160
   13        -708.488     318.485        -708.376     318.570              13              13
  225         315.489      48.499         315.524      48.475             225             225
  153          69.511     -71.768          69.569     -71.777             153             153
  171        -747.456    1037.792        -747.283    1037.955             171             171
  194         293.538   -1193.583         293.412   -1193.569             194             194
  131       -1204.848     232.797       -1204.810     232.955             131             131
   25          43.593    -546.153          43.464    -546.176              25              25
  127         415.218     439.720         415.265     439.623             127             127
  218         369.131     513.145         369.236     513.083             218             218
   25         385.761    1379.343         386.050    1379.370              25              25
  150       -1313.351    -456.321       -1313.346    -456.021             150             150
  182        -327.232    -222.408        -327.250    -222.296             182             182
   22       -1264.068    -684.659       -1264.198    -684.466              22              22
  174         512.507     558.387         512.557     558.345             174             174
   92        -998.450    -848.453        -998.574    -848.291              92              92
  133        -416.018     607.653        -415.996     607.721             133             133
    5        -193.050     -75.645        -193.130     -75.549               5               5
   17         181.509    -994.032         181.315    -994.062              17              17
   38         522.743     600.552         522.849     600.453              38              38
  133       -1014.914     531.363       -1014.823     531.586             133             133
  215        -736.801   -1316.869        -737.080   -1316.734             215             215
  140         601.820     123.642         601.761     123.499             140             140
   58         519.293     623.768         519.404     623.701              58              58
  249        -301.329    -141.552        -301.287    -141.480             249             249
  250       -1596.529     643.251       -1596.481     643.541             250             250
  238         818.096    -422.416         817.982    -422.462             238             238
  227       -1060.023    -143.644       -1060.066    -143.430             227             227
  238         560.170    -761.649         560.046    -761.706             238             238
  211       -1152.731    -238.866       -1152.738    -238.695             211             211
  193       -1514.536    -809.102       -1514.746    -808.916             193             193
  143        -611.616     120.522        -611.749     120.527             143             143
  224        -824.637    1367.985        -824.625    1368.139             224             224
  162         633.284    -291.352         633.057    -291.314             162             162
   40         373.472   -2096.845         373.056   -2096.924              40              40
  140        -542.227    -153.600        -542.378    -153.682             140             140
  101         803.098     911.909         803.103     911.688             101             101
  172         737.287     305.390         737.300     305.220             172             172
  166        -263.711    1745.359        -263.447    1745.447             166             166
  228        -425.499    -665.204        -425.646    -665.049             228             228
  134        -491.610      69.118        -491.652      69.207             134             134
  192       -1801.319    -150.221       -1801.509    -149.935             192             192
  123          -7.829      85.005          -8.065      84.994             123             123
   60        -578.387      59.570        -578.648      59.655              60              60
  215         951.938    -663.397         951.555    -663.648             215             215
   41        1639.686    1686.776        1639.861    1686.423              41              41
  153       -1691.270    1404.053       -1691.186    1404.381             153             153
   92         856.867    1348.594         856.863    1348.633              92              92
   46       -1254.107    -401.032       -1254.401    -400.631              46              46
  170       -1009.979    -478.667       -1010.485    -478.389             170             170
  131         222.573    -573.931         221.948    -573.920             131             131
  180         120.905     341.759         120.343     341.802             180             180
  130        -750.999    -672.892        -752.083    -672.694             130             130
   15        1075.527    -776.452        1073.535    -776.646              15              15
