SINAL     NFT                         FFT                         NFT INVERSA     FFT INVERSA
-----     -----------------------     -----------------------     -----------     -----------
   71       31595.000       0.000       31595.000       0.000              71              71
  120        -345.610    -782.622        -345.603    -782.621             120             120
   46       -1725.450     364.532       -1725.444     364.534              46              46
  141         813.143    -908.236         813.147    -908.237             141             141
   30        -604.154    -252.881        -604.148    -252.881              30              30
   23        -136.711    1343.253        -136.702    1343.253              23              23
  173        1347.370    -103.435        1347.378    -103.438             173             173
  227       -1514.658     627.651       -1514.647     627.658             227             227
   52        -397.089    -685.907        -397.085    -685.903              52              52
  112       -1860.460     728.762       -1860.452     728.773             112             112
  225         421.301    -388.857         421.302    -388.855             225             225
  113        -985.555   -1286.478        -985.560   -1286.470             113             113
   41         777.530    -629.806         777.530    -629.817              41              41
  202        -252.326     661.016        -252.313     661.013             202             202
  222        -225.747     408.138        -225.735     408.138             222             222
   50       -1696.725    1349.918       -1696.708    1349.936              50              50
  131       -1191.871    -493.440       -1191.881    -493.420             131             131
   13         781.728   -1029.480         781.713   -1029.492              13              13
  211         444.901    1999.378         444.929    1999.375             211             211
   66        -941.308   -1390.500        -941.322   -1390.485              66              66
   21         539.894    1006.442         539.905    1006.434              21              21
  105         301.513     290.634         301.521     290.638             105             105
  255         571.930    -610.856         571.930    -610.861             255             255
    0        -703.489     241.639        -703.475     241.647               0              -0
  113        -547.871    1131.533        -547.851    1131.550             113             113
  232        -175.654   -1418.987        -175.676   -1418.976             232             232
  125         457.483     192.491         457.490     192.478             125             125
  137        -596.502    1096.788        -596.480    1096.805             137             137
   92         798.133    -433.553         798.137    -433.556              92              92
   62       -2395.671     191.975       -2395.665     192.026              62              62
  213         143.747    -327.869         143.726    -327.860             213             213
  163         -58.594    -900.807         -58.621    -900.801             163             163
  182         954.825    -901.941         954.801    -901.970             182             182
    3        -375.384    1366.257        -375.363    1366.262               3               3
   48        2435.084    -129.401        2435.086    -129.443              48              48
  213         -84.505    -234.861         -84.485    -234.854             213             213
   27        -336.158    -110.377        -336.146    -110.368              27              27
  221        -624.188     649.730        -624.167     649.753             221             221
  184        -104.207    -337.417        -104.218    -337.401             184             184
   79        -172.497    -576.634        -172.517    -576.625              79              79
   78        1498.354     -99.399        1498.356     -99.438              78              78
  153          -8.560     192.926          -8.537     192.928             153             153
  193         -42.265     411.496         -42.243     411.508             193             193
  119         750.401    -262.869         750.415    -262.875             119             119
   99        -386.221     -80.850        -386.194     -80.825              99              99
  160        -796.098   -1374.438        -796.115   -1374.417             160             160
  170        -962.978     659.914        -962.949     659.932             170             170
  231        -686.209     446.172        -686.192     446.198             231             231
  173        -948.704    1144.964        -948.676    1145.021             173             173
  125         306.273    -598.933         306.250    -598.900             125             125
   41        -531.074   -1288.279        -531.111   -1288.235              41              41
  195       -1048.827   -1854.038       -1048.900   -1854.006             195             195
  231         870.720     -86.947         870.708     -86.990             231             231
   41        -415.724    -164.328        -415.719    -164.316              41              41
  195       -1245.835    -348.205       -1245.860    -348.163             195             195
   89         490.068     102.742         490.054     102.730              89              89
   18        -102.870     -31.703        -102.877     -31.681              18              18
   64        -292.923   -1327.415        -292.981   -1327.394              64              64
  227        -477.393    -395.363        -477.435    -395.346             227             227
  110        1234.987   -1042.536        1234.925   -1042.585             110             110
  126         978.516    -674.003         978.498    -674.054             126             126
  184         521.715    -672.770         521.719    -672.807             184             184
   17        -834.042    -730.351        -834.047    -730.343              17              17
   53        -607.750    -506.775        -607.766    -506.785              53              53
  188        -848.971    -371.988        -849.000    -372.000             188             188
   65         455.069     768.174         455.096     768.107              65              65
   10       -1686.985    1620.174       -1686.937    1620.238              10              10
  216         774.629    -766.104         774.559    -766.146             216             216
   31        -154.795    1131.721        -154.766    1131.701              31              31
  195          47.405    1338.938          47.432    1338.947             195             195
   40         862.180    -380.023         862.143    -380.051              40              40
  110        -262.536    1156.133        -262.505    1156.153             110             110
   92         818.206     362.776         818.193     362.771              92              92
  233         770.585    -540.673         770.543    -540.689             233             233
  229         713.697     229.933         713.693     229.911             229             229
  192        1649.342     -33.419        1649.348     -33.475             192             192
  137         740.161    -501.384         740.176    -501.400             137             137
  144        -659.773   -1689.851        -659.833   -1689.848             144             144
  167        -296.448    1770.259        -296.374    1770.246             167             167
   55         606.865     304.136         606.856     304.125              55              55
   13        1062.973     669.619        1062.996     669.599              13              13
  209        1572.046   -1250.718        1571.999   -1250.780             209             209
  250        1073.459     165.415        1073.520     165.348             250             250
  245        -213.843     889.757        -213.748     889.795             245             245
  251         191.860    -685.272         191.848    -685.241             251             251
  189        1316.950   -1136.016        1316.949   -1136.080             189             189
   79       -1252.344    -903.579       -1252.330    -903.543              79              79
   13        -546.093     957.817        -546.020     957.826              13              13
  254          89.359      86.012          89.393      86.018             254             254
   50        -869.742     -72.574        -869.717     -72.512              50              50
  123        -536.182    -360.491        -536.182    -360.457             123             123
  125       -1943.899      75.717       -1943.919      75.832             125             125
  235         -70.297    -278.871         -70.381    -278.860             235             235
  140         794.978    -676.396         794.894    -676.462             140             140
  178         858.078     758.401         858.108     758.334             178             178
  168        1282.706      34.112        1282.727      34.040             168             168
  206         437.098     868.023         437.199     868.029             206             206
  189         -60.374   -1483.764         -60.423   -1483.738             189             189
  128        -347.500    -318.735        -347.492    -318.742             128             128
  237         138.308     523.542         138.373     523.524             237             237
  128        -966.176    -179.085        -966.169    -179.020             128             128
  168        -420.288     148.450        -420.298     148.482             168             168
   92         570.604    -684.503         570.547    -684.558              92              92
  221         436.764    1228.809         436.859    1228.775             221             221
  146         755.365     332.466         755.437     332.466             146             146
   65        -934.891   -1647.818        -934.958   -1647.746              65              65
  158         304.470     -36.681         304.511     -36.751             158             158
   27       -1481.135    1242.153       -1481.012    1242.245              27              27
  210       -1359.493     634.702       -1359.476     634.847             210             210
   69        -150.148   -1420.359        -150.298   -1420.336              69              69
   83         581.877    1203.389         581.945    1203.349              83              83
  223        -348.144     159.623        -348.134     159.716             223             223
   23        -150.277   -1932.868        -150.438   -1932.843              23              23
   77          97.027     341.883          97.020     341.850              77              77
  213        1476.338      74.477        1476.363      74.377             213             213
   18        -821.342      -4.076        -821.306      -3.990              18              18
   10         305.383    -909.904         305.324    -909.922              10              10
   36         132.139     -75.321         132.172     -75.352              36              36
   32        -768.267     794.867        -768.180     794.948              32              32
    9         173.487    -626.473         173.469    -626.433               9               9
   87       -1017.486   -1564.068       -1017.565   -1563.996              87              87
  155       -1742.326      30.808       -1742.342      30.907             155             155
  134        -539.281     518.070        -539.287     518.129             134             134
   67       -1547.855    -911.914       -1548.006    -911.750              67              67
   40        -476.547   -1930.634        -476.845   -1930.621              40              40
   57        1078.552    -572.075        1078.369    -572.236              57              57
  235        2097.258    -558.406        2097.153    -558.658             235             235
  247        1052.074     330.912        1052.099     330.754             247             247
  246         895.000       0.127         895.000       0.000             246             246
  107        1052.125    -330.588        1052.100    -330.750             107             107
  229        2097.044     558.924        2097.152     558.662             229             229
  119        1078.175     572.409        1078.367     572.240             119             119
   20        -477.167    1930.607        -476.848    1930.621              20              20
   65       -1548.173     911.567       -1548.009     911.746              65              65
   84        -539.293    -518.198        -539.287    -518.131              84              84
  166       -1742.357     -31.020       -1742.341     -30.909             166             166
  131       -1017.658    1563.912       -1017.567    1563.994             131             131
  243         173.446     626.388         173.467     626.434             243             243
  194        -768.077    -795.045        -768.179    -794.950             194             194
   85         132.210      75.390         132.172      75.353              85              85
   56         305.252     909.944         305.323     909.923              56              56
   21        -821.264       3.884        -821.307       3.990              21              21
   53        1476.395     -74.249        1476.364     -74.374              53              53
   80          97.013    -341.807          97.021    -341.848              80              80
   98        -150.648    1932.810        -150.440    1932.843              98              98
   10        -348.122    -159.838        -348.135    -159.716              10              10
   99         582.038   -1203.296         581.946   -1203.349              99              99
  109        -150.505    1420.306        -150.301    1420.337             109             109
   47       -1359.451    -635.051       -1359.475    -634.850              47              47
  131       -1480.835   -1242.378       -1481.008   -1242.248             131             131
  118         304.567      36.851         304.510      36.752             118             118
  135        -935.057    1647.641        -934.960    1647.744             135             135
   31         755.543    -332.465         755.438    -332.465              31              31
  253         437.005   -1228.721         436.862   -1228.773             253             253
  202         570.460     684.643         570.546     684.559             202             202
   72        -420.313    -148.529        -420.297    -148.482              72              72
   54        -966.160     178.916        -966.169     179.018              54              54
  182         138.477    -523.492         138.374    -523.521             182             182
   63        -347.479     318.751        -347.493     318.740              63              63
   45         -60.506    1483.695         -60.426    1483.738              45              45
   33         437.368    -868.040         437.199    -868.030              33              33
   36        1282.761     -33.911        1282.727     -34.036              36              36
  164         858.159    -758.217         858.108    -758.333             164             164
   53         794.743     676.582         794.892     676.465              53              53
  101         -70.529     278.842         -70.380     278.860             101             101
  249       -1943.952     -76.048       -1943.918     -75.836             249             249
  219        -536.185     360.392        -536.184     360.456             219             219
  233        -869.668      72.394        -869.716      72.510             233             233
  236          89.459     -86.031          89.393     -86.019             236             236
  158        -545.871    -957.845        -546.017    -957.826             158             158
   62       -1252.304     903.468       -1252.331     903.540              62              62
   37        1316.944    1136.213        1316.948    1136.083              37              37
  179         191.823     685.177         191.848     685.241             179             179
  115        -213.547    -889.871        -213.745    -889.793             115             115
  118        1073.652    -165.203        1073.520    -165.347             118             118
   21        1571.893    1250.920        1571.997    1250.784              21              21
  126        1063.046    -669.554        1062.996    -669.598             126             126
  217         606.835    -304.094         606.855    -304.123             217             217
  130        -296.203   -1770.216        -296.372   -1770.246             130             130
  174        -659.980    1689.840        -659.838    1689.847             174             174
   93         740.211     501.439         740.176     501.401              93              93
  249        1649.362      33.619        1649.348      33.480             249             249
   53         713.682    -229.855         713.693    -229.909              53              53
  125         770.435     540.730         770.541     540.690             125             125
  246         818.160    -362.757         818.194    -362.769             246             246
    0        -262.422   -1156.206        -262.504   -1156.153              -0              -0
  198         862.042     380.131         862.142     380.053             198             198
   45          47.511   -1338.973          47.435   -1338.947              45              45
  182        -154.682   -1131.650        -154.764   -1131.702             182             182
    5         774.360     766.271         774.557     766.150               5               5
   90       -1686.800   -1620.424       -1686.936   -1620.241              90              90
  216         455.174    -767.911         455.097    -768.106             216             216
   42        -849.088     372.037        -849.000     372.000              42              42
  255        -607.821     506.816        -607.768     506.785             255             255
   13        -834.069     730.316        -834.048     730.342              13              13
  144         521.724     672.928         521.716     672.808             144             144
  249         978.440     674.225         978.498     674.055             249             249
  233        1234.716    1042.758        1234.923    1042.589             233             233
  121        -477.582     395.287        -477.436     395.345             121             121
  229        -293.193    1327.321        -292.984    1327.394             229             229
  135        -102.902      31.599        -102.877      31.680             135             135
  183         489.996    -102.679         490.052    -102.728             183             183
   11       -1245.956     348.000       -1245.861     348.161              11              11
   58        -415.704     164.267        -415.721     164.315              58              58
   43         870.664      87.162         870.708      86.991              43              43
  129       -1049.208    1853.875       -1048.905    1854.005             129             129
   80        -531.267    1288.048        -531.113    1288.233              80              80
  169         306.148     598.762         306.248     598.900             169             169
   91        -948.554   -1145.272        -948.676   -1145.022              91              91
  210        -686.120    -446.319        -686.193    -446.200             210             210
   87        -962.812    -660.023        -962.947    -659.934              87              87
  185        -796.208    1374.311        -796.119    1374.414             185             185
  204        -386.065      80.699        -386.194      80.824             204             204
  141         750.477     262.910         750.413     262.876             141             141
   54         -42.128    -411.568         -42.241    -411.508              54              54
  194          -8.412    -192.940          -8.537    -192.929             194             194
  141        1498.366      99.654        1498.356      99.440             141             141
  252        -172.644     576.573        -172.521     576.625             252             252
  239        -104.276     337.305        -104.217     337.400             239             239
   68        -624.044    -649.891        -624.167    -649.754              68              68
    2        -336.071     110.313        -336.146     110.368               2               2
   74         -84.368     234.808         -84.487     234.854              74              74
   28        2435.095     129.726        2435.086     129.447              28              28
   44        -375.220   -1366.297        -375.361   -1366.263              44              44
   73         954.631     902.180         954.801     901.971              73              73
   42         -58.841     900.753         -58.625     900.801              42              42
  189         143.564     327.792         143.725     327.860             189             189
   66       -2395.619    -192.455       -2395.665    -192.032              66              66
   19         798.162     433.585         798.136     433.557              19              19
   54        -596.279   -1096.950        -596.477   -1096.805              54              54
   40         457.557    -192.367         457.491    -192.478              40              40
  155        -175.899    1418.884        -175.679    1418.977             155             155
  238        -547.656   -1131.728        -547.850   -1131.552             238             238
   51        -703.342    -241.743        -703.477    -241.648              51              51
  214         571.935     610.911         571.930     610.861             214             214
   25         301.606    -290.674         301.522    -290.637              25              25
  181         540.046   -1006.338         539.907   -1006.433             181             181
   38        -941.518    1390.286        -941.327    1390.483              38              38
  194         445.307   -1999.330         444.932   -1999.375             194             194
   16         781.496    1029.664         781.710    1029.494              16              16
  249       -1192.030     493.128       -1191.882     493.420             249             249
   26       -1696.404   -1350.266       -1696.705   -1349.941              26              26
  202        -225.506    -408.137        -225.734    -408.138             202             202
  198        -252.054    -660.966        -252.311    -661.014             198             198
  168         777.509     630.045         777.528     629.818             168             168
    1        -985.691    1286.298        -985.563    1286.468               1               1
  136         421.314     388.813         421.301     388.856             136             136
   53       -1860.212    -729.124       -1860.450    -728.778              53              53
  254        -396.966     685.792        -397.087     685.903             254             254
  120       -1514.204    -627.972       -1514.645    -627.661             120             120
  122        1347.708     103.607        1347.377     103.441             122             122
    0        -136.212   -1343.260        -136.699   -1343.252               0               0
  194        -603.783     252.876        -604.149     252.880             194             194
  150         813.476     908.367         813.145     908.238             150             150
   45       -1724.611    -364.843       -1725.444    -364.538              45              45
   11        -344.008     782.534        -345.605     782.620              11              11
