SINAL     NFT                         FFT                         NFT INVERSA     FFT INVERSA
-----     -----------------------     -----------------------     -----------     -----------
  211       31362.000       0.000       31362.000       0.000             211             211
  243         356.604      82.953         356.611      82.953             243             243
  166        -161.640    -417.660        -161.633    -417.660             166             166
   49         -58.707     606.047         -58.699     606.047              49              49
   90        -615.218     739.626        -615.210     739.627              90              90
   36        -300.645     387.173        -300.640     387.174              36              36
  118         712.622    1144.444         712.630    1144.441             118             118
   67        1155.791    1351.099        1155.803    1351.098              67              67
   77         428.620     375.306         428.632     375.309              77              77
  191       -1718.077     205.143       -1718.070     205.157             191             191
   58         689.136      68.336         689.138      68.338              58              58
   72         600.403      35.822         600.408      35.824              72              72
   23         333.639   -1335.592         333.634   -1335.593              23              23
    2         277.896    1305.950         277.910    1305.951               2               2
   78        1297.025    -638.131        1297.026    -638.134              78              78
  223         462.330    -712.139         462.335    -712.140             223             223
   35        -770.558    -184.731        -770.553    -184.721              35              35
   24         893.479    -446.792         893.478    -446.799              24              24
  246         -24.284    -781.123         -24.287    -781.124             246             246
   17         -46.045      -8.816         -46.045      -8.818              17              17
  174        1282.622    -454.459        1282.619    -454.482             174             174
  224         637.465    1370.375         637.493    1370.364             224             224
  109         260.950     515.370         260.966     515.374             109             109
   94        -262.662     -72.842        -262.660     -72.830              94              94
   88        1542.320    -553.353        1542.315    -553.375              88              88
  198         806.684     169.141         806.701     169.126             198             198
   72         340.828     394.609         340.849     394.598              72              72
  145         619.830    1845.532         619.876    1845.527             145             145
  244        -585.318     815.217        -585.292     815.248             244             244
   44         366.433     -52.717         366.436     -52.702              44              44
   43        1257.239    -135.605        1257.249    -135.609              43              43
  199         227.047    -389.460         227.063    -389.447             199             199
   32        -620.797    -889.892        -620.798    -889.870              32              32
  209        -481.751    -180.463        -481.750    -180.452             209             209
  249         670.933    1197.665         670.965    1197.664             249             249
  123        -871.834    -416.101        -871.842    -416.055             123             123
  246        1739.587   -1141.758        1739.565   -1141.781             246             246
  111          -9.324    -511.654          -9.318    -511.645             111             111
  190        -113.536    -822.598        -113.552    -822.591             190             190
   68        1750.755    -489.854        1750.757    -489.898              68              68
   46         452.819      83.484         452.858      83.474              46              46
  249        -621.577    -404.306        -621.554    -404.286             249             249
  140       -1079.565    -216.988       -1079.554    -216.958             140             140
   70        -575.534     -13.221        -575.531     -13.203              70              70
  251        -412.237    -312.990        -412.251    -312.978             251             251
  219         713.186     917.203         713.216     917.197             219             219
   38        -373.691   -1693.260        -373.728   -1693.244              38              38
   30        -850.429     921.481        -850.410     921.500              30              30
  243         728.717     638.659         728.723     638.658             243             243
   28        1201.171    -884.362        1201.153    -884.378              28              28
   47        -272.871    -348.052        -272.864    -348.035              47              47
  161        -580.327    -301.780        -580.340    -301.754             161             161
  253         641.751       9.530         641.740       9.521             253             253
  157         925.260    -509.888         925.246    -509.901             157             157
    0         733.063   -1551.398         733.026   -1551.428              -0              -0
   86          26.425     974.970          26.470     974.969              86              86
  100         804.670   -1491.526         804.626   -1491.548             100             100
   73         432.788    -259.812         432.793    -259.845              73              73
  231        1106.465      77.656        1106.495      77.606             231             231
   88          87.342    -286.827          87.370    -286.842              88              88
  117        -231.698     713.816        -231.643     713.823             117             117
   19         270.363    -495.358         270.372    -495.368              19              19
   31        -836.468     637.148        -836.424     637.182              31              31
  150         -19.709      45.942         -19.703      45.959             150             150
  228         210.987      54.984         211.000      55.000             228             228
   25          19.011   -1594.299          18.961   -1594.292              25              25
   17        -297.738   -1354.606        -297.785   -1354.638              17              17
  218        -528.748    1478.458        -528.699    1478.440             218             218
  136        1184.680     660.445        1184.692     660.391             136             136
  208        2488.418     105.944        2488.469     105.829             208             208
   30        -677.689    1292.010        -677.556    1292.050              30              30
  183        -968.063     -87.196        -968.030     -87.133             183             183
  201       -1031.713     756.687       -1031.676     756.755             201             201
  170         555.968     169.164         555.975     169.174             170             170
  254         -60.888    -109.859         -60.883    -109.819             254             254
  197         929.487    -138.450         929.508    -138.442             197             197
  133        -320.443   -3168.845        -320.555   -3168.832             133             133
   36         -87.423    -287.753         -87.394    -287.818              36              36
  227       -1721.271    1159.029       -1721.191    1159.081             227             227
  121       -1301.422    -249.413       -1301.476    -249.370             121             121
   65        1861.491    1321.652        1861.549    1321.536              65              65
   19       -1210.920     828.481       -1210.868     828.558              19              19
   27         402.927     492.733         402.931     492.733              27              27
   62         420.985     -80.535         420.970     -80.551              62              62
  177        1140.527    1457.468        1140.616    1457.427             177             177
   28         608.667     468.240         608.727     468.265              28              28
  148         396.833    -799.750         396.831    -799.735             148             148
   21         343.526     258.380         343.594     258.376              21              21
  101         -69.115     359.499         -69.028     359.532             101             101
  124       -1238.169     519.544       -1238.090     519.673             124             124
  109       -1204.633   -1354.912       -1204.705   -1354.800             109             109
  219        -780.329     211.594        -780.349     211.667             219             219
  143        1420.630   -1278.382        1420.547   -1278.443             143             143
  141         721.614    -415.076         721.652    -415.120             141             141
  113        -853.319    -934.352        -853.298    -934.324             113             113
  116       -1981.587    1093.813       -1981.494    1093.928             116             116
  166       -1397.096   -1133.957       -1397.201   -1133.870             166             166
  131        -165.307     624.846        -165.314     624.832             131             131
   78          19.525     579.849          19.533     579.855              78              78
   47          49.240     646.171          49.265     646.202              47              47
   83        -754.215      92.143        -754.258      92.254              83              83
  109        2182.002   -1336.847        2181.902   -1336.948             109             109
  231        -311.828   -1132.140        -311.864   -1132.133             231             231
   29         114.910    -241.912         114.914    -241.948              29              29
   24        -622.044    -726.750        -622.089    -726.756              24              24
  230         623.808     696.663         623.865     696.567             230             230
  226        -804.319     966.945        -804.244     966.987             226             226
  157         444.082     808.413         444.136     808.409             157             157
   10          74.900    -902.723          74.869    -902.727              10              10
  198       -1142.905     580.648       -1142.857     580.689             198             198
   23         -49.527    1626.151         -49.424    1626.166              23              23
   76       -1132.024     602.484       -1132.017     602.626              76              76
  217         600.371    -533.837         600.281    -533.843             217             217
   50         369.307     529.102         369.328     529.101              50              50
  139        -362.832    -341.156        -362.899    -341.102             139             139
  138        1923.584     569.967        1923.614     569.861             138             138
   79          67.897   -1309.687          67.832   -1309.684              79              79
   32         688.277     518.006         688.345     517.919              32              32
  160         390.716    1120.930         390.861    1120.911             160             160
  180        -614.705     857.993        -614.583     858.108             180             180
  157       -1137.561   -1033.958       -1137.638   -1033.825             157             157
   13        -281.624     279.634        -281.646     279.661              13              13
  144        1465.662     283.519        1465.697     283.426             144             144
   45        -862.146     547.460        -862.064     547.574              45              45
  155          73.137    -605.262          73.098    -605.230             155             155
    2        -347.402     396.384        -347.354     396.437               2               2
  161        -538.275    -363.005        -538.307    -362.937             161             161
   66        -263.964     575.329        -263.941     575.378              66              66
  133         628.000      -0.002         628.000       0.000             133             133
  240        -263.918    -575.431        -263.941    -575.380             240             240
  113        -538.342     362.864        -538.308     362.935             113             113
  217        -347.301    -396.496        -347.352    -396.439             217             217
   93          73.056     605.197          73.098     605.231              93              93
   89        -861.974    -547.703        -862.063    -547.578              89              89
  246        1465.737    -283.320        1465.698    -283.424             246             246
  117        -281.669    -279.693        -281.644    -279.663             117             117
   63       -1137.726    1033.672       -1137.639    1033.824              63              63
  216        -614.440    -858.243        -614.581    -858.110             216             216
   19         391.035   -1120.889         390.863   -1120.911              19              19
   74         688.428    -517.816         688.348    -517.919              74              74
  159          67.750    1309.681          67.829    1309.684             159             159
   42        1923.654    -569.726        1923.616    -569.857              42              42
  150        -362.984     341.033        -362.900     341.101             150             150
  121         369.357    -529.100         369.330    -529.101             121             121
   93         600.165     533.851         600.281     533.843              93              93
   34       -1132.007    -602.817       -1132.016    -602.629              34              34
    4         -49.282   -1626.186         -49.421   -1626.166               4               4
  173       -1142.789    -580.748       -1142.855    -580.692             173             173
   67          74.825     902.733          74.868     902.727              67              67
  164         444.216    -808.403         444.139    -808.408             164             164
   97        -804.136    -967.046        -804.243    -966.988              97              97
  224         623.948    -696.428         623.867    -696.565             224             224
  178        -622.156     726.762        -622.090     726.755             178             178
  242         114.921     242.002         114.914     241.948             242             242
   13        -311.922    1132.123        -311.867    1132.133              13              13
   77        2181.748    1337.110        2181.901    1336.953              77              77
  244        -754.323     -92.429        -754.257     -92.255             244             244
  175          49.304    -646.254          49.265    -646.203             175             175
  143          19.546    -579.865          19.534    -579.854             143             143
  122        -165.324    -624.811        -165.313    -624.833             122             122
  159       -1397.378    1133.725       -1397.202    1133.870             159             159
    1       -1981.333   -1094.132       -1981.492   -1093.932               1               1
   83        -853.266     934.275        -853.300     934.323              83              83
  252         721.720     415.202         721.652     415.122             252             252
   90        1420.397    1278.554        1420.545    1278.444              90              90
   73        -780.386    -211.803        -780.350    -211.669              73              73
  114       -1204.842    1354.591       -1204.708    1354.798             114             114
  154       -1237.940    -519.920       -1238.089    -519.677             154             154
   34         -68.859    -359.598         -69.026    -359.533              34              34
  133         343.726    -258.367         343.595    -258.375             133             133
  228         396.824     799.709         396.829     799.736             228             228
  194         608.849    -468.314         608.728    -468.264             194             194
  176        1140.800   -1457.339        1140.618   -1457.425             176             176
  123         420.937      80.587         420.969      80.552             123             123
   59         402.941    -492.733         402.932    -492.733              59              59
   14       -1210.753    -828.724       -1210.865    -828.559              14              14
  158        1861.678   -1321.279        1861.550   -1321.534             158             158
   63       -1301.597     249.269       -1301.476     249.368              63              63
  187       -1721.005   -1159.207       -1721.189   -1159.084             187             187
  225         -87.324     287.967         -87.393     287.817             225             225
  227        -320.829    3168.798        -320.560    3168.830             227             227
   29         929.557     138.425         929.507     138.443              29              29
  193         -60.872     109.718         -60.883     109.818             193             193
  149         555.992    -169.197         555.976    -169.172             149             149
   16       -1031.581    -756.932       -1031.675    -756.757              16              16
  207        -967.942      86.963        -968.029      87.130             207             207
  227        -677.197   -1292.157        -677.553   -1292.051             227             227
    4        2488.609    -105.509        2488.470    -105.823               4               4
  126        1184.724    -660.242        1184.693    -660.390             126             126
  115        -528.554   -1478.393        -528.696   -1478.441             115             115
  126        -297.924    1354.733        -297.787    1354.639             126             126
   29          18.809    1594.271          18.958    1594.293              29              29
  116         211.041     -55.049         211.000     -55.000             116             116
  209         -19.681     -46.009         -19.702     -45.959             209             209
   26        -836.277    -637.291        -836.422    -637.183              26              26
  207         270.401     495.399         270.372     495.368             207             207
   27        -231.460    -713.848        -231.642    -713.824              27              27
  140          87.461     286.889          87.369     286.841             140             140
  106        1106.599     -77.429        1106.496     -77.604             106             106
   62         432.813     259.960         432.794     259.846              62              62
   18         804.466    1491.632         804.625    1491.550              18              18
   78          26.641    -974.967          26.472    -974.969              78              78
    0         732.876    1551.547         733.023    1551.430              -0              -0
  195         925.187     509.953         925.244     509.902             195             195
  202         641.696      -9.485         641.739      -9.520             202             202
   60        -580.396     301.646        -580.341     301.753              60              60
  209        -272.836     347.965        -272.864     348.034             209             209
  104        1201.077     884.452        1201.151     884.381             104             104
  123         728.748    -638.656         728.723    -638.658             123             123
  141        -850.317    -921.588        -850.407    -921.501             141             141
   73        -373.907    1693.169        -373.731    1693.243              73              73
   94         713.362    -917.165         713.217    -917.196              94              94
  171        -412.313     312.917        -412.250     312.976             171             171
   11        -575.515      13.106        -575.531      13.201              11              11
  244       -1079.498     216.799       -1079.554     216.956             244             244
  187        -621.434     404.173        -621.555     404.284             187             187
  218         453.071     -83.422         452.859     -83.474             218             218
  215        1750.772     490.156        1750.757     489.902             215             215
  191        -113.645     822.545        -113.553     822.590             191             191
   88          -9.286     511.592          -9.320     511.644              88              88
   75        1739.423    1141.932        1739.562    1141.784              75              75
   62        -871.899     415.753        -871.843     416.052              62              62
  118         671.188   -1197.661         670.969   -1197.663             118             118
  192        -481.745     180.379        -481.749     180.451             192             192
   16        -620.808     889.715        -620.799     889.870              16              16
  144         227.178     389.354         227.063     389.447             144             144
  143        1257.332     135.653        1257.250     135.611             143             143
   44         366.456      52.586         366.436      52.702              44              44
   29        -585.073    -815.507        -585.290    -815.250              29              29
  249         620.295   -1845.481         619.880   -1845.527             249             249
  107         341.035    -394.503         340.850    -394.598             107             107
   47         806.856    -168.969         806.701    -169.124              47              47
   72        1542.268     553.594        1542.315     553.377              72              72
  107        -262.649      72.710        -262.661      72.830             107             107
  242         261.148    -515.413         260.968    -515.374             242             242
   18         637.813   -1370.235         637.496   -1370.363              18              18
  167        1282.586     454.753        1282.617     454.483             167             167
  196         -46.033       8.848         -46.044       8.819             196             196
  122         -24.323     781.131         -24.288     781.124             122             122
   35         893.465     446.896         893.477     446.801              35              35
   81        -770.491     184.561        -770.554     184.720              81              81
  196         462.403     712.153         462.334     712.141             196             196
  130        1297.032     638.197        1297.025     638.136             130             130
  253         278.182   -1305.965         277.912   -1305.951             253             253
  207         333.521    1335.603         333.633    1335.592             207             207
  118         600.510     -35.871         600.408     -35.823             118             118
  184         689.180     -68.355         689.138     -68.337             184             184
  170       -1717.887    -205.571       -1718.069    -205.161             170             170
   78         428.996    -375.390         428.632    -375.309              78              78
  120        1156.258   -1351.009        1155.806   -1351.095             120             120
    3         712.987   -1144.323         712.632   -1144.440               3               3
  153        -300.356    -387.200        -300.639    -387.174             153             153
  182        -614.706    -739.701        -615.210    -739.629             182             182
  121         -58.036    -605.971         -58.697    -606.046             121             121
   89        -160.850     417.698        -161.634     417.660              89              89
  199         358.303     -82.872         356.612     -82.952             199             199
