SINAL     NFT                         FFT                         NFT INVERSA     FFT INVERSA
-----     -----------------------     -----------------------     -----------     -----------
   47       31037.000       0.000       31037.000       0.000              47              47
  126        1176.771    -855.938        1176.778    -855.938             126             126
   89       -1056.000     -83.500       -1055.993     -83.498              89              89
  183         -52.410   -1916.921         -52.407   -1916.921             183             183
  140       -1170.365    1195.106       -1170.356    1195.108             140             140
  199         934.828     122.802         934.834     122.801             199             199
   17        -417.244     177.631        -417.233     177.634              17              17
  160       -2720.351    -877.016       -2720.350    -877.005             160             160
   68         493.776      50.134         493.776      50.131              68              68
  199         122.353     202.688         122.357     202.688             199             199
   45         851.531     -51.004         851.536     -51.009              45              45
  137         392.286    1233.026         392.302    1233.027             137             137
    7        -441.155    -875.891        -441.154    -875.883               7               7
  137         365.207     333.151         365.216     333.152             137             137
  164        -130.531   -1013.006        -130.531   -1013.001             164             164
  146        -894.167    -101.586        -894.163    -101.575             146             146
  210         163.773   -1454.097         163.761   -1454.098             210             210
  156        -504.577    -609.303        -504.583    -609.304             156             156
   90        1403.194     434.692        1403.204     434.674              90              90
  247       -1035.993    -688.671       -1035.997    -688.659             247             247
   44        2159.993    -323.434        2159.995    -323.465              44              44
  160        -228.265    -232.106        -228.251    -232.108             160             160
  247         -93.828     185.870         -93.815     185.868             247             247
   61         761.247    -502.722         761.256    -502.736              61              61
  146        -945.573     274.641        -945.549     274.651             146             146
  220       -1461.028    -356.835       -1461.026    -356.817             220             220
  243        -846.901     -99.707        -846.908     -99.705             243             243
  112          24.684    1339.550          24.693    1339.546             112             112
  245        1910.568    -655.249        1910.559    -655.285             245             245
  130         343.334    1489.788         343.377    1489.779             130             130
   62         762.763     226.280         762.793     226.275              62              62
   37       -1938.290     222.990       -1938.270     223.034              37              37
    0         680.731    -223.209         680.734    -223.215               0              -0
  152        -925.225   -1062.547        -925.234   -1062.534             152             152
  220        -778.200    1298.279        -778.175    1298.292             220             220
  141         882.934    -250.955         882.930    -250.967             141             141
   95         299.118    -270.655         299.130    -270.665              95              95
  237        -863.216     686.306        -863.189     686.324             237             237
   45         614.662     873.905         614.694     873.907              45              45
  164         170.286   -1851.754         170.271   -1851.754             164             164
  181       -1988.313     461.912       -1988.286     461.947             181             181
   91         179.915    1241.306         179.953    1241.309              91              91
   46        -831.377    -947.227        -831.385    -947.196              46              46
  189       -1518.387    -113.999       -1518.388    -113.969             189             189
  229        -620.399    1045.721        -620.379    1045.736             229             229
  210        -846.813     670.097        -846.808     670.137             210             210
   79         385.631    -298.525         385.612    -298.520              79              79
  184          58.041     228.914          58.055     228.928             184             184
  111        -842.825    -856.561        -842.845    -856.525             111             111
  170       -1547.109     156.836       -1547.121     156.886             170             170
  175         -55.327    -142.174         -55.364    -142.165             175             175
  155         297.854     -23.412         297.830     -23.414             155             155
   74         411.640      52.455         411.628      52.454              74              74
  167         180.696    -695.936         180.662    -695.933             167             167
  217         860.459    -350.755         860.450    -350.786             217             217
  221        -775.165     108.221        -775.159     108.254             221             221
  131        -433.885   -1084.859        -433.946   -1084.845             131             131
  204         477.318      94.298         477.292      94.267             204             204
   77        1501.480     213.453        1501.483     213.398              77              77
  121          85.117    -625.312          85.100    -625.319             121             121
   78         563.483    -107.677         563.477    -107.715              78              78
  140         838.312     571.277         838.343     571.236             140             140
  158         720.950     236.402         720.984     236.379             158             158
   79          97.266      25.338          97.301      25.341              79              79
   36        -868.006    -227.040        -868.000    -227.000              36              36
  122          56.017    -355.978          56.002    -355.988             122             122
  221         407.566     -27.263         407.578     -27.300             221             221
  132        -569.688    1106.136        -569.629    1106.158             132             132
  104         227.177     -86.208         227.182     -86.213             104             104
   11       -1144.309    1477.584       -1144.254    1477.658              11              11
   40        1352.133    -459.080        1352.104    -459.095              40              40
   30         316.207    -794.193         316.202    -794.187              30              30
  102        -693.362      33.034        -693.338      33.090             102             102
   86        -683.758   -2022.041        -683.857   -2022.012              86              86
  219         234.356     181.386         234.356     181.343             219             219
   76         -47.931     140.152         -47.924     140.143              76              76
   41         219.547     346.150         219.570     346.141              41              41
   43        -409.062     -86.292        -409.063     -86.256              43              43
    4          12.192   -1327.788          12.119   -1327.803               4               4
  153          79.226     672.652          79.259     672.618             153             153
  213        -511.846     696.123        -511.828     696.157             213             213
  180        1219.085    -532.951        1219.050    -533.010             180             180
   53        -214.011    1137.178        -213.945    1137.209              53              53
   32        1236.509    -925.210        1236.479    -925.235              32              32
   91        -566.971   -1525.609        -567.022   -1525.587              91              91
   14          -4.053    -197.463          -4.054    -197.494              14              14
  253         454.895    -502.161         454.899    -502.218             253             253
  223       -1344.200     -33.192       -1344.182     -33.163             223             223
  219        -666.437     694.189        -666.421     694.198             219             219
   75        -296.245    -183.399        -296.302    -183.413              75              75
   88        1455.255    1444.917        1455.316    1444.817              88              88
   42         311.189     -39.645         311.194     -39.663              42              42
  215         997.714     903.893         997.787     903.830             215             215
  247         596.843     290.115         596.913     290.080             247             247
  122        -588.692    1934.343        -588.526    1934.425             122             122
  252        -870.481   -1298.674        -870.548   -1298.570             252             252
  114          37.238     518.766          37.266     518.785             114             114
   87         -19.844    -589.220         -19.878    -589.184              87              87
  129         454.588    -705.061         454.561    -705.086             129             129
  218        -200.952    -137.969        -200.928    -137.961             218             218
   98        -606.982    -384.675        -606.992    -384.642              98              98
  169         -47.192    -810.118         -47.235    -810.157             169             169
  249        -565.502    1476.476        -565.396    1476.489             249             249
  201        -666.349      56.206        -666.362      56.272             201             201
    0        -145.934    -252.364        -145.986    -252.351              -0               0
  212         672.383     -28.151         672.368     -28.209             212             212
   22        -561.882     124.344        -561.896     124.360              22              22
   42        1135.534    1030.864        1135.581    1030.788              42              42
    0         832.038     -68.479         832.055     -68.525              -0              -0
   26         -56.351     788.218         -56.281     788.239              26              26
  195        1657.784    -165.805        1657.818    -165.903             195             195
  213        -365.084     688.120        -364.953     688.169             213             213
  206        -469.135     -45.485        -469.087     -45.416             206             206
  248        -390.859     301.555        -390.800     301.619             248             248
  245        -319.725    -208.193        -319.701    -208.131             245             245
   41       -1362.417    -441.927       -1362.451    -441.816              41              41
    7         678.219    1197.825         678.305    1197.816               7               7
  242        -465.372    -332.467        -465.368    -332.341             242             242
    8       -1115.938   -1125.205       -1116.050   -1125.052               8               8
  226        1137.220   -1854.357        1137.054   -1854.438             226             226
   62         835.742    -471.088         835.752    -471.186              62              62
   97         199.062    -332.604         199.122    -332.638              97              97
   13        -728.017    -188.700        -727.942    -188.650              13              13
   21       -2014.533    -848.307       -2014.577    -848.167              21              21
   88        -701.751     114.470        -701.788     114.509              88              88
  135        1161.926   -1148.128        1161.850   -1148.253             135             135
   18       -1018.728     240.718       -1018.653     240.754              18              18
  202        -504.006    -588.184        -504.017    -588.184             202             202
  223       -1769.000      -0.083       -1769.000       0.000             223             223
  147        -504.032     588.184        -504.019     588.184             147             147
  165       -1018.576    -240.794       -1018.653    -240.756             165             165
   66        1161.765    1148.387        1161.847    1148.256              66              66
   61        -701.825    -114.552        -701.787    -114.511              61              61
  159       -2014.626     848.010       -2014.578     848.163             159             159
   12        -727.859     188.591        -727.942     188.648              12              12
   62         199.188     332.680         199.121     332.641              62              62
  115         835.763     471.299         835.751     471.187             115             115
   34        1136.856    1854.537        1137.049    1854.441              34              34
  104       -1116.182    1124.868       -1116.051    1125.049             104             104
  116        -465.363     332.188        -465.368     332.339             116             116
   60         678.411   -1197.805         678.307   -1197.815              60              60
   44       -1362.493     441.675       -1362.452     441.812              44              44
   73        -319.672     208.051        -319.701     208.129              73              73
   10        -390.725    -301.701        -390.799    -301.620              10              10
   37        -469.026      45.328        -469.087      45.416              37              37
   63        -364.779    -688.234        -364.951    -688.170              63              63
   52        1657.865     166.034        1657.819     165.905              52              52
   44         -56.186    -788.267         -56.280    -788.239              44              44
   50         832.079      68.588         832.055      68.525              50              50
   61        1135.649   -1030.677        1135.583   -1030.785              61              61
   15        -561.914    -124.384        -561.895    -124.361              15              15
  112         672.345      28.295         672.367      28.212             112             112
  159        -146.063     252.333        -145.987     252.352             159             159
   28        -666.381     -56.369        -666.362     -56.272              28              28
  134        -565.233   -1476.511        -565.393   -1476.491             134             134
  248         -47.304     810.218         -47.237     810.158             248             248
  164        -607.009     384.587        -606.993     384.640             164             164
  152        -200.891     137.948        -200.928     137.961             152             152
  195         454.518     705.125         454.560     705.086             195             195
  132         -19.936     589.128         -19.880     589.186             132             132
   44          37.315    -518.818          37.267    -518.785              44              44
  105        -870.667    1298.390        -870.551    1298.568             105             105
  198        -588.231   -1934.569        -588.521   -1934.426             198             198
  106         597.038    -290.019         596.914    -290.080             106             106
    8         997.920    -903.715         997.789    -903.828               8               8
  210         311.204      39.698         311.194      39.664             210             210
  168        1455.434   -1444.626        1455.320   -1444.814             168             168
  124        -296.411     183.441        -296.303     183.413             124             124
  244        -666.391    -694.215        -666.421    -694.198             244             244
   17       -1344.147      33.099       -1344.181      33.160              17              17
  240         454.906     502.335         454.899     502.220             240             240
   48          -4.055     197.558          -4.054     197.495              48              48
   61        -567.130    1525.541        -567.024    1525.586              61              61
   58        1236.415     925.292        1236.478     925.238              58              58
   59        -213.803   -1137.277        -213.943   -1137.210              59              59
   98        1218.973     533.143        1219.049     533.014              98              98
  121        -511.788    -696.232        -511.828    -696.157             121             121
  112          79.335    -672.541          79.260    -672.617             112             112
  142          11.950    1327.839          12.117    1327.804             142             142
  171        -409.067      86.170        -409.064      86.255             171             171
  174         219.625    -346.121         219.571    -346.142             174             174
  158         -47.907    -140.118         -47.925    -140.142             158             158
   28         234.359    -181.237         234.357    -181.342              28              28
   78        -684.112    2021.937        -683.863    2022.010              78              78
  187        -693.277     -33.234        -693.339     -33.091             187             187
  162         316.185     794.171         316.200     794.188             162             162
   70        1352.026     459.138        1352.104     459.097              70              70
   95       -1144.100   -1477.866       -1144.251   -1477.662              95              95
   59         227.196      86.227         227.182      86.213              59              59
    9        -569.459   -1106.221        -569.626   -1106.159               9               9
  227         407.614      27.406         407.579      27.301             227             227
  103          55.956     356.016          56.001     355.988             103             103
  115        -867.981     226.880        -868.000     227.000             115             115
  170          97.408     -25.351          97.301     -25.341             170             170
  209         721.093    -236.301         720.985    -236.378             209             209
  123         838.445    -571.102         838.344    -571.234             123             123
  124         563.460     107.843         563.477     107.716             124             124
  122          85.041     625.342          85.099     625.320             122             122
  247        1501.491    -213.202        1501.483    -213.395             247             247
  113         477.199     -94.157         477.291     -94.266             113             113
  139        -434.171    1084.796        -433.948    1084.845             139             139
  231        -775.134    -108.380        -775.159    -108.256             231             231
  162         860.415     350.904         860.449     350.787             162             162
  200         180.528     695.922         180.660     695.934             200             200
   34         411.582     -52.451         411.629     -52.454              34              34
  222         297.735      23.427         297.830      23.415             222             222
   43         -55.515     142.130         -55.365     142.165              43              43
  155       -1547.173    -157.105       -1547.122    -156.890             155             155
   78        -842.931     856.370        -842.845     856.525              78              78
  186          58.115    -228.990          58.054    -228.928             186             186
   71         385.522     298.497         385.612     298.520              71              71
  253        -846.783    -670.334        -846.808    -670.140             253             253
   88        -620.274   -1045.812        -620.377   -1045.737              88              88
   99       -1518.393     113.809       -1518.388     113.965              99              99
   75        -831.433     947.033        -831.387     947.194              75              75
   19         180.160   -1241.324         179.956   -1241.308              19              19
    6       -1988.136    -462.143       -1988.285    -461.949               6               6
  146         170.171    1851.755         170.266    1851.755             146             146
  115         614.881    -873.920         614.696    -873.907             115             115
   65        -863.023    -686.438        -863.187    -686.326              65              65
  155         299.200     270.727         299.130     270.665             155             155
   87         882.904     251.050         882.930     250.969              87              87
  169        -778.002   -1298.379        -778.171   -1298.294             169             169
   14        -925.303    1062.440        -925.237    1062.532              14              14
    1         680.751     223.255         680.734     223.215               1               1
  123       -1938.128    -223.384       -1938.270    -223.040             123             123
  138         763.017    -226.225         762.792    -226.272             138             138
  126         343.734   -1489.706         343.381   -1489.778             126             126
  245        1910.479     655.599        1910.557     655.289             245             245
  129          24.797   -1339.513          24.697   -1339.545             129             129
  239        -846.974      99.678        -846.908      99.703             239             239
  128       -1461.019     356.642       -1461.028     356.815             128             128
  105        -945.319    -274.747        -945.548    -274.652             105             105
  146         761.344     502.895         761.255     502.739             146             146
   73         -93.677    -185.851         -93.815    -185.868              73              73
  139        -228.106     232.128        -228.252     232.108             139             139
  112        2160.014     323.845        2159.994     323.468             112             112
  116       -1036.067     688.500       -1035.999     688.657             116             116
   39        1403.330    -434.426        1403.204    -434.671              39              39
  191        -504.673     609.305        -504.583     609.303             191             191
   47         163.571    1454.107         163.759    1454.098              47              47
  110        -894.101     101.377        -894.164     101.573             110             110
  188        -130.542    1012.904        -130.533    1013.000             188             188
  135         365.390    -333.174         365.217    -333.151             135             135
  210        -441.155     875.707        -441.156     875.881             210             210
    8         392.677   -1233.044         392.305   -1233.026               8               8
  154         851.639      51.151         851.535      51.011             154             154
  216         122.463    -202.670         122.357    -202.687             216             216
  154         493.799     -50.022         493.776     -50.130             154             154
   14       -2720.332     876.534       -2720.352     876.999              14              14
   25        -416.811    -177.773        -417.234    -177.635              25              25
   54         935.180    -122.694         934.835    -122.797              54              54
  101       -1169.775   -1195.225       -1170.354   -1195.110             101             101
  195         -52.145    1916.956         -52.410    1916.921             195             195
   69       -1055.092      83.246       -1055.993      83.496              69              69
  103        1178.360     856.037        1176.775     855.940             103             103
