SINAL     NFT                         FFT                         NFT INVERSA     FFT INVERSA
-----     -----------------------     -----------------------     -----------     -----------
   57       32630.000       0.000       32630.000       0.000              57              57
   10         203.588    1305.064         203.595    1305.064              10              10
  190        1023.879     548.172        1023.887     548.171             190             190
   77        -207.338     309.329        -207.329     309.330              77              77
  224        -396.485    -550.974        -396.478    -550.972             224             224
  143        -129.304    -499.514        -129.297    -499.514             143             143
  199       -1047.016     135.142       -1047.008     135.144             199             199
  110       -1026.938     712.302       -1026.930     712.306             110             110
   86        -129.047    -199.652        -129.044    -199.651              86              86
  105        -588.444     570.755        -588.437     570.759             105             105
   38        -449.037     -97.526        -449.036     -97.521              38              38
   11        1454.396    -430.276        1454.397    -430.285              11              11
  193         432.247     438.817         432.257     438.813             193             193
   95         973.267     841.509         973.282     841.508              95              95
   76         226.823   -1464.206         226.821   -1464.203              76              76
  146         214.657      36.843         214.668      36.842             146             146
  223        -289.540    -800.737        -289.535    -800.732             223             223
  236        -845.736    -633.079        -845.735    -633.072             236             236
  159         279.511    -594.484         279.510    -594.492             159             159
  191         -82.537     269.789         -82.527     269.786             191             191
   62         833.251     -90.306         833.262     -90.317              62              62
  220        -562.852    -311.024        -562.840    -311.018             220             220
  195        -311.051    -380.052        -311.040    -380.049             195             195
  140       -1798.424    -954.581       -1798.428    -954.563             140             140
  171        -415.719    -339.091        -415.724    -339.099             171             171
   51       -1226.459      46.457       -1226.463      46.458              51              51
  222         798.735    1873.354         798.758    1873.336             222             222
  141        1186.730     102.749        1186.742     102.738             141             141
  144       -1155.398   -1173.912       -1155.410   -1173.897             144             144
   39        1115.008     276.931        1115.022     276.895              39              39
   83       -1323.860     709.499       -1323.836     709.512              83              83
  201        -581.278     624.938        -581.271     624.942             201             201
   50         -93.052     721.297         -93.048     721.296              50              50
   17        1959.024    1055.855        1959.051    1055.820              17              17
   23         639.463    -646.673         639.483    -646.685              23              23
   18       -2269.724    1149.808       -2269.680    1149.858              18              18
  161        -263.426     -81.241        -263.430     -81.227             161             161
  223        -234.615     798.173        -234.590     798.193             223             223
  129       -1972.083   -1798.422       -1972.138   -1798.372             129             129
  248         833.154     615.897         833.149     615.867             248             248
   72        -221.391    -586.181        -221.419    -586.183              72              72
  167        1511.184     788.667        1511.198     788.622             167             167
    3         748.317    -854.383         748.312    -854.413               3               3
   10        -517.212     847.505        -517.177     847.499              10              10
    6        -144.345     913.111        -144.324     913.109               6               6
   80        1498.396    1013.942        1498.434    1013.908              80              80
  156        -436.090      74.546        -436.065      74.575             156             156
  230        -384.946    -842.122        -384.966    -842.117             230             230
   61         543.220    1122.862         543.257    1122.836              61              61
   60        1209.094     926.390        1209.151     926.365              60              60
  165        -408.769     833.479        -408.698     833.529             165             165
  123       -1275.995   -2239.385       -1276.037   -2239.330             123             123
   24       -1337.541     462.684       -1337.515     462.717              24              24
  104       -1466.845    -527.185       -1466.875    -527.143             104             104
    8        -726.100     651.324        -726.105     651.345               8               8
  196        -488.150    -259.634        -488.195    -259.614             196             196
  156         874.910     162.451         874.882     162.422             156             156
  231        1045.140   -1042.716        1045.092   -1042.771             231             231
   81         981.757    1274.912         981.814    1274.858              81              81
   44         198.889     185.736         198.915     185.730              44              44
   15         235.348    1142.390         235.412    1142.396              15              15
  165        -667.520    -686.989        -667.535    -686.943             165             165
  245        -503.898    -196.224        -503.917    -196.199             245             245
   65         407.031    -588.750         406.992    -588.767              65              65
  183         612.030    -615.949         612.000    -616.000             183             183
   12        1004.897    1215.880        1004.969    1215.825              12              12
   84       -1088.695     378.670       -1088.670     378.740              84              84
   88         748.626   -1227.033         748.564   -1227.054              88              88
  235         261.628   -1088.043         261.579   -1088.082             235             235
  213        1330.626    -960.227        1330.599    -960.352             213             213
   80          56.438    1805.235          56.548    1805.176              80              80
   52         947.301     987.498         947.383     987.446              52              52
  124        -506.017     -57.892        -505.978     -57.885             124             124
   84        -188.815     230.788        -188.781     230.754              84              84
   63         334.379    2007.721         334.508    2007.677              63              63
  130        -618.940    1487.539        -618.833    1487.586             130             130
  165        -354.706     496.217        -354.652     496.257             165             165
  220       -1365.142     744.145       -1365.101     744.235             220             220
  105         205.681    -333.161         205.653    -333.161             105             105
  226         290.829     278.511         290.859     278.477             226             226
   24        -882.057    1420.630        -881.977    1420.670              24              24
   15         351.907    1166.905         351.964    1166.914              15              15
   94         298.961    -223.893         298.963    -223.900              94              94
   49         557.760    2351.297         557.925    2351.296              49              49
  119        -664.334     321.382        -664.265     321.493             119             119
  102       -1478.765    -213.219       -1478.762    -213.079             102             102
  245        -691.251    -480.975        -691.301    -480.897             245             245
   20         791.124    -267.787         791.109    -267.800              20              20
   77        -915.556   -1136.920        -915.611   -1136.865              77              77
   71          75.529       8.433          75.519       8.411              71              71
   64         387.935    -551.418         387.914    -551.478              64              64
   92        -168.435    1929.900        -168.301    1929.896              92              92
  236         -88.586     424.233         -88.542     424.279             236             236
   53         241.388   -1157.953         241.353   -1157.978              53              53
  158        -261.924    1721.655        -261.765    1721.652             158             158
  163       -1420.872     624.404       -1420.797     624.514             163             163
   66       -1396.978     571.186       -1396.953     571.295              66              66
  242          22.037    1260.298          22.104    1260.349             242             242
  252        -647.223    -560.900        -647.251    -560.811             252             252
   46        -688.384     963.538        -688.322     963.630              46              46
  199        -559.301    -715.036        -559.346    -714.941             199             199
   76        -862.604    -651.969        -862.644    -651.898              76              76
   99       -1624.851     -40.128       -1624.884     -40.025              99              99
   67        -594.834     662.940        -594.846     662.992              67              67
  161        -803.305     324.344        -803.344     324.440             161             161
  163        -571.396    -592.909        -571.523    -592.847             163             163
  198         526.870     750.555         526.837     750.547             198             198
   70         578.727    -444.885         578.633    -444.880              70              70
  127        1600.397    -542.975        1600.348    -543.073             127             127
   47        -205.065     196.100        -205.033     196.126              47              47
   41        -654.948    -147.397        -654.991    -147.323              41              41
  152         884.188    -997.141         884.080    -997.207             152             152
   62         372.241     341.147         372.253     341.102              62              62
  135        1186.113    -380.066        1186.113    -380.165             135             135
  202       -1023.281    -235.038       -1023.272    -235.015             202             202
  182        -210.013    1405.475        -209.935    1405.448             182             182
  237         406.621    1941.562         406.756    1941.572             237             237
  192        -347.399      26.012        -347.400      26.110             192             192
  202        -500.954      51.040        -500.987      51.120             202             202
   59         319.377     380.253         319.349     380.273              59              59
    7        1324.262    -157.678        1324.240    -157.735               7               7
   11         169.570    -284.894         169.580    -284.889              11              11
  151        -516.798     583.439        -516.744     583.499             151             151
  243        -478.685     329.022        -478.692     329.107             243             243
   65        -101.550    -345.683        -101.653    -345.642              65              65
   53        2153.128     614.429        2153.155     614.292              53              53
  151         574.651    -206.261         574.695    -206.262             151             151
  131        -757.718     212.885        -757.676     212.986             131             131
   39         310.000      -0.023         310.000       0.000              39              39
  147        -757.632    -213.093        -757.675    -212.989             147             147
  178         574.740     206.263         574.694     206.263             178             178
  238        2153.187    -614.142        2153.157    -614.287             238             238
  224        -101.764     345.598        -101.654     345.642             224             224
   22        -478.700    -329.201        -478.693    -329.109              22              22
   49        -516.683    -583.567        -516.743    -583.500              49              49
  129         169.591     284.885         169.580     284.889             129             129
  185        1324.215     157.803        1324.240     157.737             185             185
  247         319.319    -380.295         319.350    -380.272             247             247
  200        -501.027     -51.215        -500.988     -51.121             200             200
   57        -347.402     -26.228        -347.400     -26.111              57              57
   39         406.924   -1941.584         406.759   -1941.572              39              39
  241        -209.833   -1405.415        -209.931   -1405.448             241             241
  210       -1023.263     234.983       -1023.273     235.013             210             210
  102        1186.111     380.293        1186.112     380.167             102             102
  120         372.269    -341.046         372.253    -341.103             120             120
  156         883.934     997.297         884.077     997.209             156             156
   28        -655.049     147.222        -654.991     147.322              28              28
  102        -204.989    -196.163        -205.033    -196.127             102             102
   92        1600.278     543.210        1600.347     543.075              92              92
  231         578.500     444.875         578.631     444.881             231             231
  161         526.792    -750.533         526.839    -750.545             161             161
   99        -571.707     592.756        -571.525     592.845              99              99
  242        -803.402    -324.580        -803.345    -324.440             242             242
   56        -594.862    -663.073        -594.845    -662.994              56              56
   87       -1624.934      39.867       -1624.884      40.022              87              87
   51        -862.706     651.786        -862.645     651.895              51              51
  110        -559.418     714.793        -559.348     714.941             110             110
  238        -688.222    -963.779        -688.320    -963.633             238             238
  183        -647.296     560.665        -647.252     560.809             183             183
  149          22.218   -1260.431          22.108   -1260.350             149             149
  129       -1396.910    -571.479       -1396.952    -571.296             129             129
  105       -1420.665    -624.710       -1420.795    -624.518             105             105
  132        -261.484   -1721.647        -261.761   -1721.652             132             132
   98         241.287    1158.023         241.351    1157.978              98              98
  127         -88.464    -424.360         -88.542    -424.279             127             127
  182        -168.051   -1929.888        -168.296   -1929.896             182             182
  227         387.874     551.592         387.913     551.480             227             227
   57          75.502      -8.369          75.520      -8.411              57              57
  174        -915.718    1136.756        -915.612    1136.864             174             174
  171         791.081     267.829         791.109     267.802             171             171
  115        -691.402     480.742        -691.302     480.896             115             115
  213       -1478.757     212.793       -1478.762     213.075             213             213
  157        -664.123    -321.721        -664.265    -321.493             157             157
   69         558.277   -2351.292         557.931   -2351.294              69              69
   59         298.968     223.914         298.963     223.900              59              59
   21         352.089   -1166.933         351.966   -1166.913              21              21
  226        -881.798   -1420.757        -881.975   -1420.671             226             226
   88         290.929    -278.400         290.860    -278.477              88              88
  123         205.590     333.164         205.653     333.162             123             123
   62       -1365.003    -744.448       -1365.099    -744.238              62              62
   64        -354.525    -496.352        -354.651    -496.258              64              64
   29        -618.567   -1487.697        -618.829   -1487.585              29              29
  162         334.831   -2007.569         334.512   -2007.677             162             162
   50        -188.695    -230.666        -188.779    -230.753              50              50
   85        -505.877      57.863        -505.978      57.884              85              85
  250         947.600    -987.304         947.385    -987.443             250             250
  101          56.843   -1805.019          56.551   -1805.175             101             101
  196        1330.525     960.699        1330.598     960.356             196             196
  232         261.442    1088.188         261.578    1088.082             232             232
   29         748.383    1227.118         748.559    1227.057              29              29
   89       -1088.600    -378.941       -1088.669    -378.741              89              89
  106        1005.182   -1215.659        1004.971   -1215.822             106             106
  135         611.910     616.153         612.000     616.000             135             135
  222         406.868     588.828         406.991     588.769             222             222
  204        -503.977     196.119        -503.917     196.199             204             204
    7        -667.585     686.789        -667.537     686.941               7               7
  148         235.624   -1142.417         235.413   -1142.396             148             148
  176         198.999    -185.704         198.914    -185.728             176             176
   64         982.015   -1274.668         981.817   -1274.856              64              64
   67        1044.917    1042.968        1045.090    1042.773              67              67
   92         874.783    -162.312         874.882    -162.420              92              92
  179        -488.370     259.541        -488.197     259.614             179             179
   25        -726.120    -651.425        -726.104    -651.345              25              25
  249       -1466.987     526.971       -1466.875     527.139             249             249
  249       -1337.412    -462.851       -1337.514    -462.719             249             249
   85       -1276.219    2239.105       -1276.042    2239.327              85              85
   15        -408.401    -833.735        -408.696    -833.529              15              15
  219        1209.396    -926.253        1209.154    -926.363             219             219
  173         543.423   -1122.719         543.259   -1122.835             173             173
  139        -385.061     842.085        -384.968     842.115             139             139
   25        -435.952     -74.708        -436.065     -74.575              25              25
  237        1498.626   -1013.742        1498.438   -1013.905             237             237
  168        -144.219    -913.102        -144.322    -913.109             168             168
  188        -516.998    -847.476        -517.176    -847.501             188             188
   32         748.277     854.572         748.310     854.416              32              32
  253        1511.278    -788.376        1511.199    -788.619             253             253
  182        -221.577     586.193        -221.421     586.183             182             182
  134         833.124    -615.692         833.149    -615.865             134             134
  193       -1972.460    1798.074       -1972.141    1798.369             193             193
  159        -234.432    -798.311        -234.587    -798.194             159             159
  163        -263.453      81.145        -263.430      81.228             163             163
   27       -2269.395   -1150.190       -2269.677   -1149.864              27              27
    9         639.612     646.767         639.482     646.687               9               9
   42        1959.242   -1055.577        1959.053   -1055.814              42              42
  250         -93.018    -721.284         -93.047    -721.295             250             250
  214        -581.207    -624.980        -581.268    -624.943             214             214
   49       -1323.639    -709.623       -1323.834    -709.514              49              49
  143        1115.136    -276.598        1115.023    -276.891             143             143
  134       -1155.518    1173.770       -1155.412    1173.895             134             134
  114        1186.844    -102.621        1186.742    -102.733             114             114
  210         798.970   -1873.156         798.761   -1873.333             210             210
  227       -1226.511     -46.473       -1226.465     -46.460             227             227
   37        -415.770     339.176        -415.724     339.098              37              37
  235       -1798.490     954.363       -1798.431     954.559             235             235
  220        -310.930     380.023        -311.040     380.050             220             220
   31        -562.703     310.944        -562.839     311.017              31              31
   64         833.396      90.458         833.262      90.318              64              64
  236         -82.393    -269.741         -82.525    -269.785             236             236
  250         279.492     594.608         279.509     594.493             250             250
  238        -845.729     632.970        -845.738     633.070             238             238
  119        -289.476     800.667        -289.536     800.732             119             119
   20         214.867     -36.818         214.669     -36.842              20              20
  220         226.783    1464.161         226.819    1464.204             220             220
   31         973.576    -841.461         973.284    -841.505              31              31
  209         432.457    -438.737         432.258    -438.812             209             209
  252        1454.377     430.519        1454.394     430.290             252             252
   29        -449.043      97.395        -449.038      97.520              29              29
  135        -588.235    -570.875        -588.437    -570.760             135             135
  130        -128.938     199.617        -129.044     199.650             130             130
  223       -1026.624    -712.471       -1026.929    -712.308             223             223
   38       -1046.657    -135.253       -1047.006    -135.145              38              38
   38        -128.966     499.527        -129.297     499.514              38              38
  251        -396.074     550.861        -396.479     550.972             251             251
   48        -206.594    -309.435        -207.328    -309.331              48              48
   81        1024.897    -548.038        1023.888    -548.169              81              81
  245         205.524   -1304.957         203.597   -1305.062             245             245
