SINAL     NFT                         FFT                         NFT INVERSA     FFT INVERSA
-----     -----------------------     -----------------------     -----------     -----------
  149       32318.000       0.000       32318.000       0.000             149             149
   35        1075.317     270.292        1075.324     270.292              35              35
  215          78.005     421.068          78.013     421.069             215             215
  112         395.773     -85.037         395.779     -85.037             112             112
  242        1391.106     318.542        1391.115     318.540             242             242
   46        -848.057     330.023        -848.047     330.027              46              46
  238        -559.988    -766.989        -559.983    -766.984             238             238
  177          42.203    -643.377          42.208    -643.376             177             177
  187        -539.947      -9.975        -539.941      -9.969             187             187
  187         820.839   -1246.139         820.839   -1246.141             187             187
  244         110.576    -976.292         110.582    -976.294             244             244
  220       -1107.511     509.897       -1107.500     509.904             220             220
  104         684.401   -1008.019         684.402   -1008.023             104             104
   48        -828.402    -429.855        -828.395    -429.852              48              48
  123        -942.036     768.664        -942.025     768.674             123             123
    7         433.651   -1153.387         433.646   -1153.387               7               7
   51        -569.379    -450.348        -569.378    -450.343              51              51
  112         168.450   -1425.073         168.439   -1425.079             112             112
  201         202.905    -513.843         202.905    -513.857             201             201
  252         652.444     242.890         652.460     242.871             252             252
  171       -1327.113       4.277       -1327.100       4.281             171             171
  195       -1728.844    1286.121       -1728.832    1286.134             195             195
   74         596.263    1010.119         596.267    1010.112              74              74
   98         729.031    -665.927         729.020    -665.943              98              98
   16         472.309    2443.491         472.347    2443.482              16              16
    3         452.634     495.632         452.640     495.639               3               3
  137        2294.387      72.410        2294.399      72.382             137             137
  132          -5.615     584.158          -5.583     584.168             132             132
  141         414.268    -158.234         414.281    -158.228             141             141
  115         632.334    -661.074         632.344    -661.080             115             115
  255         -25.340      50.390         -25.313      50.390             255             255
   34        -169.189     201.955        -169.158     201.961              34              34
  151       -1095.199    -110.186       -1095.176    -110.161             151             151
  215       -1152.338     450.593       -1152.314     450.622             215             215
  146        -930.254    -147.748        -930.250    -147.721             146             146
  137        -715.695    -336.776        -715.698    -336.761             137             137
    6        -852.726     258.858        -852.723     258.870               6               6
  129        -195.850    1984.064        -195.811    1984.083             129             129
   58         854.032   -1091.362         854.013   -1091.360              58              58
  193        -802.039    -302.868        -802.033    -302.849             193             193
   61         -95.599     870.592         -95.570     870.604              61              61
   47        -439.547    -888.893        -439.560    -888.874              47              47
  157        -430.450     977.815        -430.417     977.832             157             157
  165        -471.843     -31.902        -471.833     -31.869             165             165
   95       -1612.502    -191.355       -1612.513    -191.290              95              95
   25         148.345   -1200.573         148.294   -1200.575              25              25
  173         184.117    1005.237         184.144    1005.236             173             173
  146        -591.079    -644.024        -591.102    -643.990             146             146
  137         679.848    -132.285         679.846    -132.297             137             137
  118        -545.669    -518.383        -545.672    -518.359             118             118
  143       -1152.567    -386.026       -1152.585    -385.991             143             143
   53          20.248     545.566          20.254     545.573              53              53
   58       -1152.548    -447.809       -1152.588    -447.754              58              58
  218         972.762    -924.935         972.699    -924.964             218             218
  151        1079.045    -585.863        1079.019    -585.916             151             151
   74        1398.377    1029.242        1398.441    1029.196              74              74
  221       -1539.170   -1628.561       -1539.207   -1628.514             221             221
   32         215.674    1427.767         215.724    1427.747              32              32
  206        -679.512    -228.820        -679.526    -228.782             206             206
  106         788.515    -538.007         788.493    -538.041             106             106
  148         -85.211     480.341         -85.180     480.337             148             148
  206         196.033     636.746         196.076     636.751             206             206
  141        -822.077    -664.577        -822.083    -664.536             141             141
   43       -1035.438     259.715       -1035.424     259.756              43              43
  165       -1320.954    -521.048       -1321.000    -521.000             165             165
   32         152.199    1010.462         152.213    1010.450              32              32
  181        -538.504     791.894        -538.491     791.943             181             181
  171        -595.717    -183.856        -595.765    -183.796             171             171
  162         709.274    -739.306         709.204    -739.320             162             162
  240         444.938     -19.655         444.924     -19.666             240             240
  109        -789.562    -284.651        -789.603    -284.602             109             109
  223         502.238    -145.267         502.182    -145.272             223             223
   31        1105.879   -1055.261        1105.799   -1055.303              31              31
   11         917.504    -793.847         917.457    -793.904              11              11
  133          19.830    -877.847          19.769    -877.889             133             133
  126        1402.668    1080.010        1402.701    1079.912             126             126
   36         924.696    -219.550         924.685    -219.613              36              36
   50        1325.783    1509.223        1325.870    1509.156              50              50
   17        1204.510    -197.412        1204.545    -197.452              17              17
  174          41.011      56.789          41.067      56.792             174             174
  169        -461.965     -65.382        -461.936     -65.355             169             169
  160          96.057    -249.685          96.071    -249.702             160             160
  227       -1192.042     889.182       -1191.992     889.241             227             227
  227         632.071     230.232         632.076     230.216             227             227
  122        -330.250     -69.976        -330.250     -69.943             122             122
  123        -102.512    -649.189        -102.566    -649.201             123             123
   46        1578.704    1680.042        1578.815    1679.955              46              46
   88       -1096.477     246.053       -1096.434     246.160              88              88
  156         174.730    -757.720         174.685    -757.706             156             156
  253         114.144     -79.523         114.152     -79.525             253             253
  195        -790.006    -681.950        -790.057    -681.924             195             195
   49        1784.442    1086.703        1784.528    1086.579              49              49
  203       -1821.517    1589.805       -1821.393    1589.965             203             203
   80           2.324   -1093.779           2.245   -1093.719              80              80
   93        -759.321    -795.673        -759.388    -795.617              93              93
  113         -65.043    -286.971         -65.102    -286.977             113             113
  113         671.174     535.865         671.176     535.840             113             113
   18        1184.849   -1275.419        1184.783   -1275.485              18              18
   29        -202.477    -492.234        -202.474    -492.261              29              29
   19        -621.598     575.055        -621.556     575.060              19              19
    2        -354.002     911.503        -353.971     911.538               2               2
  139        1285.063   -1347.166        1284.980   -1347.266             139             139
  242        -583.618    1282.145        -583.505    1282.149             242             242
   34        -426.108     158.549        -426.101     158.573              34              34
  150         301.832     933.186         301.902     933.168             150             150
  119        -871.164     620.279        -871.115     620.371             119             119
  160        -421.845    -390.190        -421.884    -390.141             160             160
  186       -1201.188     219.658       -1201.214     219.738             186             186
  170        -277.725     842.267        -277.742     842.307             170             170
  178           1.773    -150.956           1.680    -150.923             178             178
  104         457.178     116.506         457.091     116.500             104             104
   84        2319.504    -664.817        2319.415    -664.972              84              84
   83        1163.432      28.695        1163.468      28.602              83              83
   76        -246.030    -718.231        -246.063    -718.249              76              76
   55         763.856     654.752         763.913     654.634              55              55
  205        -210.469    1469.670        -210.348    1469.664             205             205
  200         375.925     911.664         375.999     911.646             200             200
  102        -529.154    1516.330        -529.047    1516.414             102             102
   38         -80.850     251.152         -80.874     251.221              38              38
  100         778.113     642.138         778.129     642.142             100             100
   99         520.033    -510.777         519.986    -510.764              99              99
  233         219.970    -448.913         219.925    -448.938             233             233
  149         242.862    1161.672         242.920    1161.644             149             149
   47        1923.724    1458.125        1923.859    1458.030              47              47
   57        -702.297     340.262        -702.231     340.403              57              57
  242         504.697     325.984         504.732     326.025             242             242
  161        -877.923      -0.033        -877.945       0.118             161             161
  170        1042.663    -131.794        1042.612    -131.811             170             170
    5         716.000      -0.001         716.000       0.000               5               5
  191        1042.559     131.831        1042.612     131.812             191             191
  190        -877.967      -0.277        -877.945      -0.120             190             190
    8         504.770    -326.067         504.733    -326.025               8               8
   74        -702.160    -340.557        -702.230    -340.406              74              74
  176        1924.010   -1457.921        1923.862   -1458.026             176             176
   42         242.987   -1161.612         242.922   -1161.644              42              42
  224         219.872     448.965         219.923     448.937             224             224
   40         519.930     510.752         519.985     510.765              40              40
  203         778.149    -642.146         778.130    -642.142             203             203
  154         -80.901    -251.303         -80.873    -251.222             154             154
  211        -528.914   -1516.516        -529.043   -1516.416             211             211
  126         376.090    -911.624         376.001    -911.646             126             126
    3        -210.197   -1469.658        -210.346   -1469.664               3               3
   39         763.985    -654.485         763.914    -654.632              39              39
  209        -246.108     718.272        -246.065     718.249             209             209
   80        1163.515     -28.481        1163.468     -28.601              80              80
   95        2319.293     665.183        2319.412     664.977              95              95
  158         456.975    -116.492         457.091    -116.499             158             158
   24           1.553     150.879           1.679     150.923              24              24
  197        -277.763    -842.363        -277.741    -842.307             197             197
  197       -1201.250    -219.851       -1201.214    -219.740             197             197
  124        -421.941     390.070        -421.885     390.140             124             124
   40        -871.043    -620.506        -871.113    -620.373              40              40
  174         302.007    -933.141         301.904    -933.167             174             174
   18        -426.091    -158.610        -426.101    -158.574              18              18
   88        -583.330   -1282.158        -583.502   -1282.151              88              88
  232        1284.849    1347.422        1284.977    1347.268             232             232
    5        -353.921    -911.593        -353.969    -911.539               5               5
  249        -621.488    -575.068        -621.555    -575.061             249             249
  147        -202.469     492.306        -202.475     492.262             147             147
   10        1184.671    1275.597        1184.780    1275.488              10              10
  185         671.180    -535.796         671.176    -535.839             185             185
   81         -65.204     286.985         -65.103     286.976              81              81
   19        -759.506     795.520        -759.389     795.616              19              19
    3           2.104    1093.611           2.243    1093.718               3               3
    2       -1821.165   -1590.252       -1821.389   -1589.967               2               2
   62        1784.689   -1086.348        1784.531   -1086.575              62              62
  227        -790.153     681.871        -790.058     681.921             227             227
   43         114.167      79.530         114.151      79.525              43              43
    9         174.597     757.679         174.684     757.706               9               9
  126       -1096.352    -246.373       -1096.434    -246.163             126             126
  254        1579.043   -1679.777        1578.819   -1679.952             254             254
  136        -102.674     649.224        -102.567     649.200             136             136
  130        -330.249      69.877        -330.250      69.944             130             130
   37         632.086    -230.181         632.076    -230.215              37              37
   89       -1191.884    -889.369       -1191.990    -889.243              89              89
  210          96.100     249.739          96.070     249.701             210             210
  132        -461.873      65.294        -461.936      65.354             132             132
  248          41.193     -56.801          41.067     -56.793             248             248
  235        1204.622     197.548        1204.544     197.455             235             235
   74        1326.082   -1508.996        1325.875   -1509.154              74              74
  189         924.659     219.768         924.685     219.616             189             189
  104        1402.782   -1079.669        1402.702   -1079.908             104             104
  115          19.615     877.992          19.767     877.889             115             115
  107         917.338     794.050         917.455     793.906             107             107
  122        1105.591    1055.414        1105.796    1055.305             122             122
  203         502.035     145.286         502.182     145.273             203             203
   83        -789.716     284.471        -789.604     284.602              83              83
  128         444.886      19.696         444.923      19.665             128             128
  197         709.010     739.361         709.203     739.322             197             197
  230        -595.902     183.623        -595.767     183.794             230             230
  138        -538.452    -792.085        -538.490    -791.944             138             138
  126         152.256   -1010.414         152.214   -1010.451             126             126
   55       -1321.137     520.857       -1321.000     521.000              55              55
  158       -1035.382    -259.890       -1035.424    -259.759             158             158
  129        -822.105     664.402        -822.084     664.534             129             129
   58         196.219    -636.767         196.078    -636.751              58              58
  220         -85.078    -480.320         -85.180    -480.337             220             220
  101         788.413     538.160         788.491     538.043             101             101
  101        -679.575     228.646        -679.526     228.781             101             101
  230         215.904   -1427.679         215.727   -1427.747             230             230
  227       -1539.349    1628.336       -1539.210    1628.511             227             227
   99        1398.680   -1029.017        1398.443   -1029.193              99              99
  110        1078.916     586.119        1079.017     585.918             110             110
  102         972.452     925.084         972.696     924.967             102             102
  137       -1152.747     447.532       -1152.589     447.752             137             137
  199          20.277    -545.598          20.254    -545.572             199             199
   57       -1152.663     385.843       -1152.586     385.989              57              57
   14        -545.690     518.256        -545.675     518.358              14              14
  191         679.834     132.351         679.845     132.298             191             191
   36        -591.212     643.837        -591.105     643.989              36              36
   88         184.275   -1005.233         184.146   -1005.236              88              88
  124         148.050    1200.584         148.291    1200.575             124             124
  140       -1612.570     190.973       -1612.514     191.288             140             140
  203        -471.789      31.704        -471.835      31.868             203             203
  232        -430.238    -977.924        -430.413    -977.833             232             232
    7        -439.637     888.773        -439.562     888.873               7               7
  151         -95.409    -870.669         -95.569    -870.605             151             151
   59        -802.005     302.732        -802.034     302.846              59              59
  135         853.898    1091.356         854.011    1091.362             135             135
   92        -195.568   -1984.200        -195.807   -1984.085              92              92
   34        -852.698    -258.946        -852.721    -258.871              34              34
   17        -715.723     336.663        -715.699     336.759              17              17
  219        -930.224     147.541        -930.250     147.720             219             219
   90       -1152.150    -450.819       -1152.312    -450.625              90              90
  176       -1095.018     109.985       -1095.176     110.160             176             176
   92        -168.921    -202.007        -169.157    -201.962              92              92
  148         -25.105     -50.393         -25.312     -50.390             148             148
  140         632.417     661.135         632.343     661.081             140             140
  194         414.390     158.186         414.281     158.230             194             194
  249          -5.313    -584.255          -5.583    -584.168             249             249
  114        2294.511     -72.113        2294.400     -72.377             114             114
  166         452.702    -495.690         452.641    -495.637             166             166
   93         472.732   -2443.389         472.350   -2443.481              93              93
  224         728.900     666.117         729.018     665.945             224             224
   12         596.316   -1010.032         596.267   -1010.110              12              12
  230       -1728.680   -1286.300       -1728.829   -1286.137             230             230
  168       -1326.950      -4.345       -1327.099      -4.283             168             168
   69         652.657    -242.630         652.460    -242.869              69              69
  245         202.905     514.042         202.904     513.858             245             245
  103         168.270    1425.168         168.436    1425.079             103             103
  106        -569.364     450.255        -569.378     450.341             106             106
   77         433.536    1153.402         433.642    1153.388              77              77
  228        -941.827    -768.854        -942.024    -768.676             228             228
  246        -828.272     429.772        -828.396     429.849             246             246
   25         684.404    1008.108         684.401    1008.024              25              25
  204       -1107.240    -510.083       -1107.499    -509.906             204             204
  253         110.692     976.352         110.580     976.294             253             253
  176         820.835    1246.205         820.837    1246.142             176             176
    8        -539.744       9.795        -539.941       9.969               8               8
  132          42.362     643.318          42.207     643.375             132             132
   12        -559.796     766.758        -559.984     766.982              12              12
   42        -847.507    -330.309        -848.045    -330.030              42              42
  150        1391.713    -318.390        1391.116    -318.538             150             150
  232         396.347      85.027         395.780      85.037             232             232
  133          78.987    -421.123          78.013    -421.068             133             133
   70        1077.101    -270.138        1075.325    -270.291              70              70
