SINAL     NFT                         FFT                         NFT INVERSA     FFT INVERSA
-----     -----------------------     -----------------------     -----------     -----------
  134       32473.000       0.000       32473.000       0.000             134             134
   42           0.403   -1492.927           0.409   -1492.926              42              42
   59        -774.097     -29.105        -774.091     -29.105              59              59
  108        1999.085    -193.274        1999.092    -193.276             108             108
  139        -200.635    -478.147        -200.627    -478.148             139             139
  164       -1016.856     696.572       -1016.847     696.575             164             164
  132          12.019    -438.491          12.025    -438.491             132             132
  124        -505.526     214.676        -505.517     214.677             124             124
    7       -1841.118    -522.239       -1841.116    -522.231               7               7
  206         331.809     580.370         331.815     580.368             206             206
  226        -113.774    -245.557        -113.771    -245.558             226             226
  225         877.093    1195.327         877.107    1195.321             225             225
    4        -191.293    -348.986        -191.287    -348.985               4               4
   35        -318.396     969.042        -318.382     969.044              35              35
  208         198.559     428.054         198.570     428.057             208             208
  160          28.862    -405.234          28.869    -405.233             160             160
   90        -731.306     886.907        -731.286     886.918              90              90
  252       -1140.259    -626.159       -1140.260    -626.143             252             252
  238        -754.470     391.502        -754.468     391.513             238             238
  236        1264.513    -178.135        1264.514    -178.144             236             236
   59         301.862    -796.177         301.869    -796.181              59              59
  169       -1492.918     747.116       -1492.895     747.135             169             169
  106       -1815.791    -409.413       -1815.798    -409.386             106             106
   70         290.014    -185.445         290.006    -185.452              70              70
  191        -531.590     199.615        -531.589     199.619             191             191
  160         338.516     874.315         338.526     874.310             160             160
  128         101.788     539.179         101.796     539.185             128             128
  189        1006.065      79.746        1006.073      79.737             189             189
   44        -424.127     378.285        -424.110     378.300              44              44
   90         237.752     409.056         237.768     409.065              90              90
  213        -638.898    -422.958        -638.895    -422.932             213             213
  178        -924.208    -386.832        -924.215    -386.805             178             178
  132        -245.707    -595.041        -245.727    -595.028             132             132
   17         674.165    -852.368         674.145    -852.381              17              17
   31        1156.122      99.433        1156.146      99.410              31              31
   16       -2475.605    -983.863       -2475.616    -983.805              16              16
  181          88.654    -870.192          88.625    -870.204             181             181
  164        -539.224    -334.033        -539.235    -334.036             164             164
  141        -737.653    -623.881        -737.681    -623.889             141             141
  189         421.745    1495.134         421.767    1495.102             189             189
  115          89.204     908.902          89.219     908.897             115             115
  111         367.011     862.911         367.024     862.908             111             111
  158        1039.888     504.987        1039.906     504.973             158             158
  120        -221.830    -397.304        -221.828    -397.291             120             120
  147        -570.639     277.016        -570.630     277.030             147             147
  111         -32.842     682.836         -32.825     682.845             111             111
   24       -1257.422    -179.793       -1257.445    -179.747              24              24
  237         525.662      78.088         525.633      78.074             237             237
  107         735.760     345.019         735.749     345.002             107             107
    6         883.611      47.128         883.599      47.107               6               6
  217         705.740     450.648         705.738     450.636             217             217
  167        2619.293    -576.167        2619.285    -576.246             167             167
  175         310.562    -170.197         310.591    -170.223             175             175
   67         495.310    1526.307         495.388    1526.285              67              67
  237        -237.296    1465.552        -237.225    1465.595             237             237
  110         279.342    -815.926         279.323    -815.901             110             110
  228        1004.034    -292.888        1004.052    -292.915             228             228
  109        -633.020     671.854        -632.965     671.895             109             109
   44        -268.793    -232.566        -268.788    -232.525              44              44
   17         408.259    -905.038         408.243    -905.036              17              17
  199          66.133    -159.446          66.162    -159.442             199             199
    1        -914.029    -483.464        -914.017    -483.421               1               1
  196       -1137.073    -632.916       -1137.086    -632.872             196             196
   76        -934.410    -741.997        -934.446    -741.980              76              76
   18        -930.003     742.975        -930.000     743.000              18              18
  227         596.186    -318.529         596.146    -318.560             227             227
   92         672.037     -40.754         672.041     -40.806              92              92
  200        -764.041    1220.253        -763.984    1220.272             200             200
  135          98.658     777.076          98.687     777.080             135             135
  233       -1143.576     906.582       -1143.561     906.656             233             233
  133        1071.509    -125.651        1071.474    -125.676             133             133
  251         189.085     364.155         189.087     364.158             251             251
   89        1980.652    1007.456        1980.724    1007.397              89              89
   36       -1603.066    -578.970       -1603.067    -578.864              36              36
  115         108.508    1186.865         108.549    1186.902             115             115
  236         360.222   -1127.990         360.165   -1127.960             236             236
  147         -98.771     266.978         -98.760     267.026             147             147
  139         494.709   -2468.108         494.586   -2468.121             139             139
  217         576.428     375.656         576.467     375.605             217             217
  255        -114.961    -155.362        -114.932    -155.356             255             255
  146       -1668.617     113.192       -1668.613     113.283             146             146
  179          85.403    -105.452          85.363    -105.444             179             179
  167         163.028    -244.488         162.992    -244.483             167             167
   65         368.098   -1036.842         368.025   -1036.875              65              65
  247         437.252     158.267         437.249     158.199             247             247
  148         535.198    2134.548         535.308    2134.529             148             148
  176        1103.298     114.369        1103.325     114.375             176             176
  220         -88.770   -1871.803         -88.842   -1871.784             220             220
    2         230.829     283.712         230.873     283.670               2               2
  220        -337.841     524.949        -337.780     524.964             220             220
  237       -1238.999     468.161       -1238.983     468.244             237             237
  202        1023.883     351.789        1023.886     351.751             202             202
  222         930.642     367.977         930.718     367.947             222             222
  177       -2637.819     870.434       -2637.762     870.652             177             177
   23         809.140   -1225.223         809.021   -1225.215              23              23
  240         873.415    -937.358         873.378    -937.409             240             240
  149       -1036.302     290.912       -1036.273     290.972             149             149
  115         727.693     540.671         727.733     540.658             115             115
  185        -592.224    -510.066        -592.231    -509.984             185             185
   29        -496.438    -711.717        -496.477    -711.661              29              29
   93        -544.010    -741.381        -544.051    -741.344              93              93
   63       -1710.909    -711.287       -1710.993    -711.204              63              63
   24         263.610     948.453         263.610     948.424              24              24
  182        -508.334     376.275        -508.371     376.349             182             182
   99        1327.251   -1412.540        1327.116   -1412.624              99              99
  139        -409.258     851.939        -409.222     851.961             139             139
  163         588.666    -642.747         588.582    -642.783             163             163
  247         899.013    1209.159         899.087    1209.123             247             247
   23         133.188   -1297.216         133.106   -1297.200              23              23
  124        -228.831     846.546        -228.784     846.576             124             124
  247         537.515    -606.957         537.461    -606.954             247             247
  169        -571.806    -474.905        -571.867    -474.850             169             169
   48        1204.206    -456.710        1204.150    -456.798              48              48
  158         -10.514     361.634         -10.482     361.647             158             158
  235        -229.336    -373.038        -229.396    -372.988             235             235
   39        1719.467    -652.700        1719.426    -652.809              39              39
   51        -981.215    -681.847        -981.242    -681.776              51              51
  155        -551.081    -655.199        -551.184    -655.193             155             155
    4        1003.273    1209.539        1003.309    1209.469               4               4
   53        1092.841    -833.018        1092.767    -833.058              53              53
  119         684.774    -904.879         684.724    -904.935             119             119
  241        -159.234    -579.028        -159.279    -579.051             241             241
    0        1031.121     531.489        1031.159     531.395              -0               0
   86         631.767    -562.194         631.748    -562.236              86              86
  163         739.690    -527.199         739.704    -527.273             163             163
   23        -862.701    -808.256        -862.730    -808.238              23              23
   71         349.656     409.755         349.693     409.665              71              71
   56         446.947     928.271         447.072     928.225              56              56
  138       -1785.000      -0.175       -1785.000       0.000             138             138
    0         447.202    -928.175         447.074    -928.223              -0              -0
   85         349.733    -409.569         349.694    -409.664              85              85
  232        -862.766     808.216        -862.733     808.236             232             232
   63         739.718     527.355         739.703     527.275              63              63
  110         631.730     562.285         631.749     562.238             110             110
  158        1031.202    -531.289        1031.160    -531.394             158             158
  163        -159.332     579.077        -159.281     579.051             163             163
  249         684.665     905.001         684.722     904.937             249             249
   65        1092.681     833.110        1092.766     833.062              65              65
  155        1003.353   -1209.385        1003.311   -1209.467             155             155
   17        -551.308     655.182        -551.186     655.191              17              17
  190        -981.275     681.689        -981.243     681.775             190             190
  146        1719.375     652.948        1719.426     652.813             146             146
  186        -229.471     372.926        -229.397     372.988             186             186
  239         -10.441    -361.665         -10.482    -361.648             239             239
   48        1204.077     456.914        1204.150     456.799              48              48
  165        -571.950     474.775        -571.869     474.848             165             165
   23         537.387     606.954         537.460     606.956              23              23
  100        -228.720    -846.619        -228.783    -846.577             100             100
   64         132.990    1297.178         133.104    1297.200              64              64
   27         899.195   -1209.071         899.090   -1209.121              27              27
  153         588.460     642.835         588.579     642.784             153             153
  184        -409.170    -851.993        -409.222    -851.961             184             184
   12        1326.917    1412.748        1327.114    1412.625              12              12
  154        -508.425    -376.461        -508.370    -376.350             154             154
   14         263.613    -948.377         263.612    -948.423              14              14
  176       -1711.125     711.073       -1710.996     711.200             176             176
  177        -544.117     741.284        -544.052     741.342             177             177
   85        -496.537     711.573        -496.477     711.661              85              85
  232        -592.244     509.851        -592.232     509.983             232             232
   60         727.799    -540.634         727.734    -540.656              60              60
   86       -1036.224    -291.072       -1036.273    -290.972              86              86
   62         873.309     937.501         873.375     937.411              62              62
   36         808.811    1225.204         809.018    1225.216              36              36
  149       -2637.657    -871.041       -2637.760    -870.657             149             149
  172         930.854    -367.894         930.718    -367.946             172             172
  195        1023.894    -351.675        1023.888    -351.747             195             195
   57       -1238.954    -468.402       -1238.983    -468.248              57              57
  166        -337.664    -524.993        -337.779    -524.964             166             166
    4         230.958    -283.592         230.873    -283.671               4               4
  212         -88.990    1871.747         -88.846    1871.784             212             212
  183        1103.376    -114.386        1103.324    -114.373             183             183
  195         535.536   -2134.490         535.313   -2134.528             195             195
  103         437.244    -158.061         437.250    -158.199             103             103
  114         367.870    1036.946         368.023    1036.876             114             114
  178         162.914     244.474         162.991     244.483             178             178
  152          85.277     105.428          85.363     105.445             152             152
   23       -1668.605    -113.488       -1668.613    -113.285              23              23
  201        -114.870     155.341        -114.933     155.355             201             201
  252         576.557    -375.487         576.467    -375.604             252             252
   88         494.291    2468.152         494.579    2468.122              88              88
  229         -98.734    -267.142         -98.760    -267.027             229             229
  150         360.025    1127.887         360.162    1127.960             150             150
   16         108.652   -1186.992         108.551   -1186.902              16              16
  242       -1603.071     578.593       -1603.069     578.859             242             242
   48        1980.908   -1007.243        1980.724   -1007.395              48              48
   31         189.095    -364.166         189.088    -364.158              31              31
  162        1071.379     125.744        1071.473     125.678             162             162
  226       -1143.516    -906.864       -1143.559    -906.660             226             226
  117          98.771    -777.092          98.689    -777.080             117             117
  139        -763.820   -1220.328        -763.980   -1220.273             139             139
   30         672.052      40.960         672.040      40.808              30              30
  203         596.029     318.651         596.146     318.562             203             203
  201        -929.990    -743.074        -930.000    -743.000             201             201
   67        -934.562     741.921        -934.448     741.978              67              67
   97       -1137.134     632.727       -1137.089     632.869              97              97
  118        -913.978     483.274        -914.017     483.418             118             118
    6          66.255     159.426          66.162     159.442               6               6
  154         408.187     905.035         408.243     905.038             154             154
   29        -268.776     232.382        -268.789     232.524              29              29
   11        -632.766    -672.043        -632.962    -671.897              11              11
  111        1004.113     293.012        1004.051     292.915             111             111
  213         279.253     815.807         279.323     815.901             213             213
  206        -236.955   -1465.755        -237.223   -1465.595             206             206
  215         495.697   -1526.198         495.392   -1526.284             215             215
   71         310.701     170.326         310.590     170.224              71              71
  129        2619.249     576.578        2619.283     576.252             129             129
  111         705.732    -450.583         705.739    -450.635             111             111
   95         883.544     -47.011         883.598     -47.105              95              95
   75         735.702    -344.922         735.749    -345.001              75              75
  108         525.501     -78.013         525.632     -78.074             108             108
  183       -1257.553     179.530       -1257.446     179.745             183             183
   48         -32.740    -682.885         -32.824    -682.846              48              48
    2        -570.587    -277.102        -570.630    -277.031               2               2
  200        -221.821     397.225        -221.829     397.290             200             200
   34        1039.998    -504.896        1039.906    -504.971              34              34
   51         367.097    -862.887         367.026    -862.907              51              51
  232          89.298    -908.871          89.219    -908.897             232             232
  197         421.899   -1494.920         421.770   -1495.101             197             197
   21        -737.847     623.935        -737.683     623.888              21              21
   93        -539.300     334.051        -539.236     334.036              93              93
   80          88.445     870.277          88.623     870.204              80              80
   51       -2475.689     983.429       -2475.617     983.801              51              51
   40        1156.298     -99.256        1156.144     -99.408              40              40
   26         674.001     852.474         674.142     852.383              26              26
  118        -245.871     594.934        -245.727     595.028             118             118
  137        -924.272     386.589        -924.215     386.801             137             137
  145        -638.880     422.728        -638.896     422.931             145             145
  125         237.903    -409.135         237.769    -409.064             125             125
   36        -423.971    -378.424        -424.110    -378.301              36              36
  175        1006.138     -79.646        1006.073     -79.734             175             175
  136         101.865    -539.230         101.796    -539.184             136             136
  148         338.625    -874.257         338.527    -874.309             148             148
  132        -531.587    -199.655        -531.590    -199.620             132             132
   87         289.920     185.523         290.006     185.452              87              87
  107       -1815.885     409.078       -1815.799     409.382             107             107
  203       -1492.623    -747.361       -1492.893    -747.138             203             203
  216         301.940     796.238         301.867     796.182             216             216
  219        1264.526     178.278        1264.514     178.147             219             219
   43        -754.434    -391.663        -754.468    -391.514              43              43
   36       -1140.281     625.904       -1140.262     626.140              36              36
   71        -730.983    -887.085        -731.285    -886.919              71              71
  227          28.980     405.203          28.868     405.232             227             227
   85         198.771    -428.102         198.571    -428.056              85              85
   73        -318.092    -969.097        -318.379    -969.046              73              73
  171        -191.156     348.944        -191.287     348.984             171             171
  120         877.443   -1195.171         877.110   -1195.319             120             120
  124        -113.712     245.586        -113.772     245.558             124             124
  148         331.980    -580.270         331.816    -580.366             148             148
   61       -1841.042     521.971       -1841.117     522.228              61              61
  146        -505.168    -214.748        -505.516    -214.678             146             146
  241          12.266     438.488          12.024     438.491             241             241
  142       -1016.328    -696.723       -1016.844    -696.576             142             142
  198        -200.119     478.163        -200.628     478.147             198             198
   26        1999.642     193.615        1999.091     193.282              26              26
  168        -773.309      29.010        -774.091      29.103             168             168
   60           1.893    1492.873           0.405    1492.926              60              60
