SINAL     NFT                         FFT                         NFT INVERSA     FFT INVERSA
-----     -----------------------     -----------------------     -----------     -----------
  208       33688.000       0.000       33688.000       0.000             208             208
  135         491.540    -294.184         491.546    -294.184             135             135
    2        1396.248    -486.483        1396.255    -486.484               2               2
   84        -867.229    -158.290        -867.221    -158.288              84              84
  105        -131.280   -1605.506        -131.276   -1605.507             105             105
  244        -869.999    1462.269        -869.987    1462.270             244             244
  124        -118.924      16.640        -118.919      16.640             124             124
   45         367.580     695.493         367.588     695.492              45              45
  219         848.801    -173.013         848.809    -173.017             219             219
  134        -931.519    1314.053        -931.502    1314.061             134             134
  228        -717.920    -972.767        -717.919    -972.760             228             228
  141        -418.579     227.693        -418.574     227.696             141             141
   12        -171.148    -351.615        -171.149    -351.613              12              12
  205        1149.662      82.960        1149.666      82.950             205             205
   19        1271.419     461.004        1271.435     460.996              19              19
  125        -630.039    -398.717        -630.028    -398.709             125             125
  140        -821.517    -638.910        -821.515    -638.903             140             140
  235        -350.392     586.987        -350.379     586.988             235             235
  109        -473.944     651.997        -473.930     652.007             109             109
  253        -868.099    -921.365        -868.107    -921.352             253             253
  230        -582.289     324.518        -582.288     324.525             230             230
   12         247.738    -651.245         247.727    -651.248              12              12
  205        -402.507    -490.323        -402.519    -490.326             205             205
  248        1110.354     623.573        1110.357     623.548             248             248
  161         975.679     837.568         975.694     837.549             161             161
  159         742.548    1369.552         742.579    1369.546             159             159
   94         162.443    -418.329         162.448    -418.324              94              94
   85        -345.188     380.817        -345.176     380.823              85              85
  165          52.081     808.539          52.092     808.545             165             165
  198        1624.125    -603.618        1624.121    -603.643             198             198
  201        -254.712     712.752        -254.687     712.758             201             201
  118         776.612    -248.120         776.617    -248.135             118             118
   78         234.488    1523.602         234.537    1523.605              78              78
  203        -121.552    -476.808        -121.544    -476.791             203             203
  202       -1086.541     384.205       -1086.525     384.239             202             202
  184        -312.908    -243.559        -312.918    -243.535             184             184
  192         335.467   -1681.067         335.424   -1681.078             192             192
   71         851.493     767.179         851.519     767.149              71              71
  229        -532.238    -370.110        -532.236    -370.104             229             229
  155        -497.497     994.427        -497.478     994.436             155             155
  205         587.907    -507.987         587.887    -508.006             205             205
  201         607.831     881.943         607.860     881.913             201             201
   41        -462.892    2055.086        -462.836    2055.111              41              41
  217         619.097    -290.482         619.085    -290.478             217             217
  151          26.375     900.296          26.397     900.312             151             151
   61        1148.615     373.992        1148.630     373.991              61              61
   87        -331.358   -1446.100        -331.395   -1446.075              87              87
   36         971.430    -287.255         971.425    -287.292              36              36
   41        -221.041     285.659        -221.027     285.658              41              41
  197         757.827     448.698         757.843     448.670             197             197
   33         -90.731     716.893         -90.706     716.897              33              33
   16         450.002     361.004         450.005     360.989              16              16
  209        1218.135    1864.259        1218.197    1864.233             209             209
  239        1037.229    1317.328        1037.289    1317.347             239             239
    8         590.924   -1648.204         590.889   -1648.184               8               8
  114        1254.952    -351.587        1254.977    -351.633             114             114
  143        -994.607    1122.740        -994.539    1122.784             143             143
  102        1202.250     535.095        1202.294     535.080             102             102
  199       -1097.801     894.005       -1097.741     894.095             199             199
   52          83.882   -1116.008          83.844   -1115.961              52              52
   45         152.823   -1338.651         152.780   -1338.645              45              45
  145         300.479    -427.358         300.472    -427.383             145             145
  170         246.486    1148.857         246.543    1148.856             170             170
  123         484.958    -112.909         484.967    -112.898             123             123
   93         873.988    -533.980         874.000    -534.000              93              93
  117        -563.293     116.055        -563.252     116.088             117             117
   51        -211.292     204.182        -211.266     204.210              51              51
   30         -22.948    -105.525         -22.942    -105.500              30              30
  188         980.372    -571.020         980.381    -571.053             188             188
   25        -673.378     790.371        -673.300     790.422              25              25
  186        -306.059    -897.501        -306.067    -897.462             186             186
  138        -923.689    -125.545        -923.670    -125.497             138             138
  226       -1097.615      58.218       -1097.614      58.284             226             226
  228        -271.174    -683.367        -271.223    -683.347             228             228
  100         311.468    -360.527         311.445    -360.559             100             100
  122         189.052     728.247         189.094     728.219             122             122
   33         262.333    1704.654         262.436    1704.664              33              33
  188        -721.723    -105.470        -721.718    -105.398             188             188
  158         488.495    1716.363         488.588    1716.401             158             158
   74          92.870   -1041.723          92.851   -1041.647              74              74
  129        -826.976    -720.024        -826.983    -719.932             129             129
  191       -1445.836    -978.537       -1445.896    -978.431             191             191
   90         -24.119    -589.079         -24.185    -589.057              90              90
   83        1410.187    -806.777        1410.162    -806.837              83              83
  174       -1416.842    -589.258       -1416.843    -589.171             174             174
   98        -433.543   -1669.939        -433.635   -1669.945              98              98
  197       -1241.664     828.010       -1241.641     828.033             197             197
   61         183.401    1312.685         183.442    1312.690              61              61
  201        -616.646    -127.821        -616.683    -127.745             201             201
  141         200.055    -554.378         199.983    -554.372             141             141
  114         661.981    -218.542         661.956    -218.588             114             114
  246        -584.210    1094.151        -584.158    1094.193             246             246
   31        -290.307    1247.635        -290.276    1247.728              31              31
   29         593.994   -1489.239         593.862   -1489.200              29              29
  114         417.606    -462.373         417.544    -462.361             114             114
  125        1264.375   -1278.338        1264.285   -1278.390             125             125
  146         565.518   -1164.336         565.463   -1164.395             146             146
  165        -382.606     790.345        -382.555     790.358             165             165
  155        -182.662    -299.489        -182.724    -299.457             155             155
   79        1678.226    -624.578        1678.162    -624.691              79              79
  191         712.722     877.361         712.795     877.320             191             191
   86         410.934     679.944         410.985     679.985              86              86
  217        1457.081   -1661.488        1457.007   -1661.533             217             217
  162        -125.151    -193.672        -125.108    -193.643             162             162
   58        -713.273   -1467.676        -713.365   -1467.626              58              58
   62        1131.103     415.886        1131.140     415.810              62              62
   28        -306.330    -772.730        -306.358    -772.677              28              28
   91         616.281   -1339.034         616.205   -1339.072              91              91
  250          98.322   -1635.534          98.239   -1635.598             250             250
  186           3.883     325.920           3.922     325.852             186             186
  166        1123.853    -304.257        1123.883    -304.386             166             166
  123       -1036.779     -24.857       -1036.721     -24.859             123             123
  121        -622.649    2199.477        -622.476    2199.507             121             121
    1        -706.593    -476.684        -706.647    -476.607               1               1
  206         741.226      44.461         741.220      44.384             206             206
   40        -217.908     773.646        -217.844     773.645              40              40
   99        1004.377     930.727        1004.481     930.667              99              99
  148        -883.191     694.169        -883.090     694.280             148             148
  101        -890.322       1.960        -890.332       2.072             101             101
   45         445.344     465.216         445.370     465.224              45              45
   34         -22.264     604.967         -22.191     605.048              34              34
  215        -652.912    -492.924        -652.929    -492.776             215             215
   35       -1076.696   -1235.629       -1076.810   -1235.479              35              35
   66        -813.679    -930.958        -813.822    -930.852              66              66
  244         324.886   -2329.411         324.614   -2329.462             244             244
  149        1381.390     -51.120        1381.352     -51.292             149             149
  191         331.660    -951.673         331.589    -951.761             191             191
  135         326.149     540.550         326.193     540.462             135             135
   59         252.000       0.050         252.000       0.000              59              59
   91         326.242    -540.372         326.195    -540.461              91              91
  214         331.513     951.853         331.587     951.762             214             214
  250        1381.312      51.478        1381.351      51.296             250             250
  177         324.317    2329.516         324.609    2329.462             177             177
  175        -813.979     930.735        -813.824     930.851             175             175
  156       -1076.940    1235.313       -1076.813    1235.478             156             156
  236        -652.949     492.608        -652.930     492.774             236             236
  237         -22.108    -605.139         -22.191    -605.047             237             237
  185         445.402    -465.232         445.372    -465.223             185             185
   71        -890.342      -2.204        -890.331      -2.073              71              71
  232        -882.968    -694.415        -883.089    -694.282             232             232
  115        1004.609    -930.592        1004.483    -930.665             115             115
  238        -217.764    -773.645        -217.842    -773.646             238             238
  100         741.212     -44.287         741.220     -44.383             100             100
  237        -706.717     476.510        -706.648     476.606             237             237
  239        -622.251   -2199.547        -622.474   -2199.507             239             239
   51       -1036.643      24.860       -1036.720      24.858              51              51
   21        1123.924     304.561        1123.883     304.388              21              21
   83           3.976    -325.760           3.923    -325.852              83              83
  199          98.120    1635.685          98.236    1635.597             199             199
  122         616.097    1339.128         616.203    1339.074             122             122
  128        -306.400     772.601        -306.360     772.677             128             128
  234        1131.196    -415.700        1131.142    -415.809             234             234
   82        -713.502    1467.552        -713.367    1467.625              82              82
  163        -125.042     193.599        -125.107     193.642             163             163
   45        1456.891    1661.604        1457.004    1661.536              45              45
   70         411.067    -680.048         410.987    -679.984              70              70
   57         712.912    -877.255         712.797    -877.319              57              57
  237        1678.059     624.873        1678.160     624.694             237             237
  205        -182.824     299.403        -182.725     299.456             205             205
  116        -382.470    -790.380        -382.554    -790.358             116             116
   72         565.371    1164.494         565.463    1164.395              72              72
  164        1264.126    1278.486        1264.282    1278.394             164             164
  111         417.433     462.340         417.542     462.361             111             111
  250         593.625    1489.134         593.858    1489.201             250             250
   83        -290.219   -1247.897        -290.275   -1247.730              83              83
   12        -584.059   -1094.274        -584.156   -1094.195              12              12
  230         661.909     218.675         661.955     218.589             230             230
   65         199.848     554.360         199.982     554.372              65              65
  197        -616.754     127.598        -616.683     127.744             197             197
   46         183.528   -1312.697         183.445   -1312.690              46              46
   41       -1241.593    -828.082       -1241.639    -828.035              41              41
   56        -433.827    1669.955        -433.640    1669.944              56              56
   28       -1416.848     588.990       -1416.844     589.169              28              28
  141        1410.107     806.966        1410.160     806.840             141             141
   38         -24.327     589.009         -24.187     589.056              38              38
   12       -1446.030     978.195       -1445.899     978.426              12              12
  193        -826.998     719.731        -826.983     719.932             193             193
   59          92.803    1041.475          92.849    1041.646              59              59
   95         488.807   -1716.487         488.591   -1716.401              95              95
  137        -721.707     105.224        -721.718     105.394             137             137
  182         262.686   -1704.689         262.440   -1704.664             182             182
  223         189.198    -728.151         189.096    -728.219             223             223
  115         311.385     360.639         311.443     360.559             115             115
    8        -271.348     683.294        -271.225     683.344               8               8
  131       -1097.610     -58.456       -1097.613     -58.286             131             131
  161        -923.619     125.367        -923.670     125.494             161             161
   79        -306.091     897.358        -306.069     897.462              79              79
  188        -673.084    -790.562        -673.298    -790.425             188             188
  142         980.402     571.144         980.380     571.055             142             142
   29         -22.923     105.428         -22.943     105.499              29              29
   49        -211.190    -204.292        -211.265    -204.212              49              49
  215        -563.131    -116.187        -563.251    -116.090             215             215
  193         874.037     534.061         874.000     534.000             193             193
  160         484.999     112.865         484.968     112.898             160             160
  209         246.728   -1148.849         246.545   -1148.855             209             209
   21         300.451     427.459         300.472     427.382              21              21
  172         152.633    1338.621         152.778    1338.644             172             172
  184          83.715    1115.805          83.843    1115.961             184             184
   87       -1097.532    -894.406       -1097.740    -894.097              87              87
  113        1202.454    -535.022        1202.297    -535.078             113             113
  230        -994.291   -1122.944        -994.537   -1122.785             230             230
  129        1255.066     351.808        1254.977     351.635             129             129
  170         590.747    1648.117         590.886    1648.186             170             170
    3        1037.529   -1317.417        1037.293   -1317.346               3               3
   15        1218.449   -1864.125        1218.200   -1864.231              15              15
  208         450.021    -360.926         450.006    -360.988             208             208
   15         -90.599    -716.916         -90.705    -716.898              15              15
  208         757.915    -448.549         757.844    -448.669             208             208
   12        -220.966    -285.652        -221.027    -285.657              12              12
  111         971.402     287.463         971.424     287.295             111             111
   89        -331.573    1445.954        -331.398    1446.074              89              89
  195        1148.700    -373.982        1148.631    -373.989             195             195
   79          26.507    -900.386          26.398    -900.311              79              79
  205         619.026     290.461         619.084     290.479             205             205
  203        -462.543   -2055.240        -462.832   -2055.112             203             203
  210         608.013    -881.754         607.862    -881.912             210             210
  110         587.779     508.112         587.888     508.007             110             110
   27        -497.364    -994.491        -497.475    -994.437              27              27
  143        -532.231     370.061        -532.237     370.102             143             143
  252         851.676    -766.965         851.521    -767.146             252             252
   56         335.151    1681.144         335.420    1681.079              56              56
  192        -312.987     243.385        -312.920     243.534             192             192
  212       -1086.418    -384.469       -1086.524    -384.241             212             212
  250        -121.491     476.672        -121.545     476.790             250             250
   96         234.879   -1523.628         234.538   -1523.605              96              96
  165         776.653     248.245         776.617     248.136             165             165
   15        -254.489    -712.807        -254.685    -712.758              15              15
   12        1624.080     603.849        1624.119     603.645              12              12
   94          52.185    -808.598          52.093    -808.546              94              94
  103        -345.077    -380.876        -345.176    -380.824             103             103
  126         162.480     418.287         162.446     418.325             126             126
   69         742.870   -1369.488         742.581   -1369.545              69              69
  232         975.853    -837.353         975.696    -837.547             232             232
   41        1110.393    -623.276        1110.358    -623.545              41              41
   72        -402.658     490.354        -402.520     490.326              72              72
  247         247.588     651.289         247.723     651.249             247             247
  250        -582.276    -324.613        -582.288    -324.525             250             250
   88        -868.218     921.184        -868.110     921.350              88              88
  199        -473.745    -652.142        -473.928    -652.008             199             199
    6        -350.198    -587.005        -350.378    -586.989               6               6
  199        -821.481     638.805        -821.515     638.903             199             199
   32        -629.854     398.558        -630.029     398.707              32              32
  201        1271.720    -460.832        1271.436    -460.993             201             201
   23        1149.741     -82.759        1149.666     -82.948              23              23
  237        -171.178     351.569        -171.150     351.613             237             237
  149        -418.455    -227.779        -418.574    -227.697             149             149
  233        -717.928     972.562        -717.921     972.759             233             233
   92        -931.020   -1314.282        -931.499   -1314.063              92              92
  176         849.066     173.147         848.810     173.019             176             176
  120         367.917    -695.443         367.590    -695.490             120             120
   89        -118.683     -16.660        -118.919     -16.640              89              89
  233        -869.394   -1462.311        -869.985   -1462.271             233             233
   56        -131.052    1605.581        -131.280    1605.506              56              56
   45        -866.535     158.119        -867.221     158.286              45              45
  227        1397.164     486.688        1396.255     486.487             227             227
  153         493.264     294.202         491.546     294.186             153             153
