SINAL     NFT                         FFT                         NFT INVERSA     FFT INVERSA
-----     -----------------------     -----------------------     -----------     -----------
  102       32748.000       0.000       32748.000       0.000             102             102
  117        -102.247     304.551        -102.240     304.551             117             117
  230        -275.906    -360.905        -275.900    -360.904             230             230
  218         665.297     625.960         665.304     625.960             218             218
   69        1112.644    -696.995        1112.651    -696.994              69              69
   50        -578.820    -999.873        -578.813    -999.868              50              50
  129       -1040.291   -1694.398       -1040.289   -1694.393             129             129
  205         -41.840    -763.061         -41.837    -763.062             205             205
  209         -58.678    -402.868         -58.673    -402.868             209             209
  253        -199.390    -389.903        -199.384    -389.902             253             253
  167        -825.524    -472.130        -825.520    -472.126             167             167
  253        -192.129     -26.493        -192.123     -26.494             253             253
   16        -628.860     839.921        -628.849     839.930              16              16
  218        -480.736   -1588.409        -480.746   -1588.401             218             218
   57         409.999    -656.382         409.997    -656.388              57              57
  236        -165.559     137.010        -165.552     137.009             236             236
  231        -858.355     214.759        -858.354     214.771             231             231
   21        1407.641   -1483.425        1407.624   -1483.441              21              21
  142         498.461     190.411         498.470     190.400             142             142
  203         520.680    -350.893         520.685    -350.903             203             203
  213        -272.026      98.870        -272.016      98.868             213             213
  170        -132.344     420.489        -132.332     420.488             170             170
   20        -481.007     324.982        -481.000     324.988              20              20
  150         -13.121     876.111         -13.110     876.117             150             150
   53         220.222    -567.720         220.209    -567.717              53              53
   53        1261.731     265.173        1261.737     265.157              53              53
   35          79.281    -339.379          79.281    -339.378              35              35
  136         910.702     666.382         910.719     666.371             136             136
  222         373.797     288.363         373.811     288.372             222             222
  169         833.627   -1240.891         833.619   -1240.894             169             169
   24        -755.057    -204.244        -755.051    -204.222              24              24
   69         788.035   -1597.914         788.008   -1597.927              69              69
   31         485.781    -847.249         485.773    -847.273              31              31
  254         663.327     329.546         663.348     329.518             254             254
   31          51.357     644.408          51.385     644.407              31              31
  100         418.562    -187.378         418.569    -187.381             100             100
   49         437.634    -579.039         437.633    -579.052              49              49
  161        1375.188     582.197        1375.228     582.163             161             161
   50        -551.287     536.743        -551.241     536.773              50              50
    3         152.816   -1574.764         152.805   -1574.754               3               3
  158        -831.905   -1585.936        -831.922   -1585.933             158             158
  217         412.034     899.845         412.083     899.819             217             217
    0        -877.108   -1174.546        -877.106   -1174.540              -0               0
  174       -1519.115    1667.605       -1519.054    1667.630             174             174
  179        -859.176     844.252        -859.152     844.292             179             179
   58         148.345    -790.671         148.332    -790.661              58              58
  155       -1295.748    -674.345       -1295.758    -674.314             155             155
  154        -610.234     598.261        -610.223     598.276             154             154
   80        -210.500    -395.659        -210.517    -395.649              80              80
   42         -23.300      65.534         -23.298      65.537              42              42
  102        -267.522    -734.145        -267.538    -734.142             102             102
   37        -921.204     681.308        -921.185     681.337              37              37
  213        -540.218    -865.180        -540.268    -865.159             213             213
  122         486.028     161.861         486.011     161.842             122             122
  187        1168.470    -699.042        1168.446    -699.083             187             187
   10         660.968    -572.907         660.970    -572.949              10              10
  176         458.273    1138.020         458.355    1138.006             176             176
  222       -1981.431   -2009.661       -1981.481   -2009.594             222             222
  147        -639.408     171.267        -639.417     171.261             147             147
  142         350.628    -690.643         350.600    -690.686             142             142
  136        -987.642    -132.384        -987.651    -132.400             136             136
  171        -502.802    1386.371        -502.781    1386.345             171             171
  211        1089.190    1803.160        1089.238    1803.112             211             211
  167         592.110     322.400         592.122     322.386             167             167
  169        1065.960     522.047        1066.000     522.000             169             169
  243          80.110    1121.141          80.193    1121.150             243             243
   12       -1042.136    -181.910       -1042.127    -181.848              12              12
  219        -238.592      18.933        -238.597      18.941             219             219
  148         440.549     717.330         440.588     717.313             148             148
   62        -899.823     535.194        -899.799     535.255              62              62
  223         536.370    -497.987         536.339    -497.996             223             223
   51         339.257    -473.145         339.248    -473.176              51              51
   24         331.057    1157.196         331.142    1157.173              24              24
  223       -1269.852     347.946       -1269.812     348.024             223             223
  225       -1184.330    -688.331       -1184.382    -688.286             225             225
  204         162.319    2193.603         162.398    2193.602             204             204
   26        -347.455     411.049        -347.457     411.126              26              26
  125         541.834    -811.894         541.779    -811.872             125             125
  103        -418.673   -1449.547        -418.757   -1449.523             103             103
  106        -254.470     -57.821        -254.513     -57.831             106             106
  167        1695.081     296.805        1695.085     296.709             167             167
  205       -1018.648    -162.231       -1018.672    -162.185             205             205
  143        1813.288     645.159        1813.298     645.067             143             143
  124         894.359    -345.002         894.364    -345.036             124             124
   71         399.152    -705.923         399.142    -705.962              71              71
   74         460.729     360.394         460.784     360.338              74              74
  135        -841.865     433.213        -841.830     433.238             135             135
  247        1109.969    1233.660        1110.046    1233.607             247             247
   41        -131.770    -343.563        -131.756    -343.539              41              41
   26        -337.205     275.320        -337.176     275.342              26              26
  134         256.316    -800.876         256.277    -800.919             134             134
  178         295.717    1921.968         295.852    1921.938             178             178
  197        -539.544    -569.375        -539.563    -569.342             197             197
   90          10.610    1329.042          10.686    1329.027              90              90
   90         -44.979    1058.018         -44.926    1058.046              90              90
  111        1672.505    1025.725        1672.604    1025.682             111             111
   78       -1697.763    -759.424       -1697.773    -759.274              78              78
  102        -218.834     413.526        -218.828     413.561             102             102
   74        -421.751     -54.769        -421.800     -54.713              74              74
  227        2010.942     186.598        2010.936     186.502             227             227
  165         967.472    -641.233         967.478    -641.272             165             165
   42         204.543    -233.442         204.578    -233.457              42              42
   22         711.397      85.193         711.462      85.146              22              22
  190         366.516     148.189         366.623     148.176             190             190
    9       -1835.706    -868.199       -1835.699    -868.092               9               9
  248        -299.595     542.816        -299.533     542.793             248             248
  138        -827.089    1177.614        -826.977    1177.664             138             138
   36       -1004.205     436.837       -1004.164     436.916              36              36
  117        -901.952    1144.277        -901.888    1144.369             117             117
  241        -231.682     -46.599        -231.711     -46.551             241             241
  142         706.305    1112.244         706.411    1112.232             142             142
   28       -2347.329     227.011       -2347.315     227.241              28              28
  190         -78.155      71.058         -78.212      71.129             190             190
   29        -575.355    -656.586        -575.472    -656.500              29              29
  153        1300.086      -4.635        1300.036      -4.699             153             153
    6         287.534    -872.219         287.460    -872.232               6               6
  104         257.459     315.204         257.449     315.172             104             104
   32        2228.157     567.197        2228.224     567.042              32              32
  254         -96.737     516.757         -96.627     516.807             254             254
  146         707.623     -46.563         707.694     -46.560             146             146
   58       -1007.631   -1222.544       -1007.655   -1222.470              58              58
  133        -352.866    1782.138        -352.687    1782.176             133             133
   68       -1261.859     -20.900       -1261.857     -20.728              68              68
  255         765.476     374.881         765.515     374.903             255             255
  224        -511.893    -847.574        -511.908    -847.442             224             224
  158       -1209.329   -1553.515       -1209.445   -1553.380             158             158
  110         -48.406   -1389.879         -48.529   -1389.904             110             110
   46         143.129    -428.100         143.128    -428.174              46              46
    5       -1792.000      -0.087       -1792.000       0.000               5               5
  185         143.127     428.248         143.128     428.174             185             185
   18         -48.661    1389.929         -48.532    1389.903              18              18
  171       -1209.572    1553.233       -1209.449    1553.376             171             171
  227        -511.928     847.300        -511.910     847.441             227             227
   40         765.558    -374.926         765.516    -374.903              40              40
  105       -1261.857      20.537       -1261.858      20.726             105             105
  237        -352.484   -1782.220        -352.683   -1782.177             237             237
   33       -1007.685    1222.383       -1007.657    1222.469              33              33
  243         707.777      46.559         707.695      46.561             243             243
   17         -96.496    -516.866         -96.625    -516.807              17              17
  150        2228.307    -566.854        2228.226    -567.038             150             150
  229         257.439    -315.133         257.450    -315.171             229             229
  160         287.365     872.249         287.457     872.233             160             160
  179        1299.973       4.782        1300.036       4.701             179             179
  163        -575.622     656.390        -575.475     656.499             163             163
  190         -78.286     -71.219         -78.212     -71.129             190             190
   76       -2347.296    -227.554       -2347.315    -227.248              76              76
  170         706.554   -1112.215         706.412   -1112.231             170             170
   39        -231.751      46.484        -231.711      46.550              39              39
  108        -901.798   -1144.497        -901.887   -1144.370             108             108
  168       -1004.105    -437.032       -1004.163    -436.921             168             168
  185        -826.814   -1177.736        -826.974   -1177.665             185             185
  166        -299.441    -542.761        -299.531    -542.794             166             166
   46       -1835.689     867.934       -1835.700     868.090              46              46
  254         366.787    -148.155         366.626    -148.176             254             254
  166         711.561     -85.072         711.462     -85.144             166             166
   14         204.632     233.478         204.578     233.456              14              14
  157         967.487     641.336         967.477     641.274             157             157
   21        2010.926    -186.348        2010.937    -186.499              21              21
   61        -421.880      54.621        -421.800      54.713              61              61
  162        -218.819    -413.620        -218.828    -413.563             162             162
  207       -1697.789     759.022       -1697.773     759.273             207             207
   79        1672.779   -1025.602        1672.607   -1025.679              79              79
   78         -44.831   -1058.093         -44.924   -1058.045              78              78
  178          10.826   -1329.003          10.689   -1329.028             178             178
  120        -539.599     569.280        -539.564     569.340             120             120
  183         296.104   -1921.884         295.856   -1921.938             183             183
  160         256.201     801.000         256.275     800.920             160             160
  153        -337.124    -275.384        -337.177    -275.342             153             153
  171        -131.731     343.494        -131.756     343.539             171             171
  178        1110.201   -1233.498        1110.049   -1233.604             178             178
   47        -841.761    -433.289        -841.829    -433.239              47              47
  144         460.895    -360.224         460.785    -360.336             144             144
   82         399.118     706.044         399.141     705.963              82              82
  227         894.371     345.113         894.362     345.039             227             227
   52        1813.319    -644.866        1813.298    -645.063              52              52
   17       -1018.724     162.083       -1018.672     162.183              17              17
   47        1695.093    -296.495        1695.085    -296.707              47              47
  222        -254.610      57.854        -254.513      57.831             222             222
   56        -418.954    1449.470        -418.761    1449.523              56              56
  156         541.648     811.823         541.777     811.873             156             156
  135        -347.460    -411.310        -347.457    -411.127             135             135
  241         162.597   -2193.598         162.402   -2193.602             241             241
   67       -1184.512     688.173       -1184.384     688.284              67              67
  182       -1269.712    -348.221       -1269.812    -348.026             182             182
  239         331.364   -1157.111         331.145   -1157.172             239             239
  233         339.221     473.259         339.247     473.178             233             233
  196         536.256     498.022         536.338     497.998             196             196
  140        -899.733    -535.422        -899.797    -535.257             140             140
  255         440.696    -717.264         440.589    -717.311             255             255
    1        -238.612     -18.966        -238.598     -18.942               1               1
   47       -1042.102     181.669       -1042.127     181.846              47              47
  206          80.442   -1121.179          80.197   -1121.150             206             206
   81        1066.121    -521.860        1066.000    -522.000              81              81
  126         592.160    -322.335         592.123    -322.384             126             126
  129        1089.398   -1802.953        1089.242   -1803.109             129             129
  201        -502.702   -1386.265        -502.777   -1386.345             201             201
   53        -987.681     132.443        -987.651     132.398              53              53
   34         350.499     690.835         350.597     690.688              34              34
   98        -639.445    -171.240        -639.417    -171.261              98              98
  225       -1981.669    2009.350       -1981.485    2009.590             225             225
  212         458.652   -1137.953         458.357   -1138.005             212             212
  145         660.971     573.108         660.968     572.950             145             145
  114        1168.348     699.247        1168.443     699.086             114             114
   39         485.947    -161.766         486.012    -161.841              39              39
  116        -540.466     865.076        -540.269     865.158             116             116
  166        -921.105    -681.462        -921.184    -681.341             166             166
   56        -267.612     734.125        -267.541     734.141              56              56
  164         -23.284     -65.550         -23.296     -65.537             164             164
  133        -210.595     395.604        -210.518     395.649             133             133
  113        -610.166    -598.348        -610.221    -598.277             113             113
   64       -1295.811     674.163       -1295.760     674.311              64              64
   13         148.266     790.613         148.331     790.661              13              13
   98        -859.031    -844.492        -859.150    -844.294              98              98
  132       -1518.737   -1667.761       -1519.050   -1667.633             132             132
  196        -877.100    1174.507        -877.108    1174.539             196             196
   82         412.347    -899.676         412.087    -899.817              82              82
  109        -832.020    1585.914        -831.924    1585.933             109             109
  136         152.736    1574.702         152.803    1574.755             136             136
  223        -550.976    -536.952        -551.241    -536.774             223             223
  109        1375.475    -581.954        1375.231    -582.160             109             109
  138         437.628     579.133         437.632     579.053             138             138
   14         418.617     187.407         418.570     187.382              14              14
   59          51.572    -644.395          51.387    -644.407              59              59
  219         663.491    -329.328         663.349    -329.516             219             219
  141         485.717     847.445         485.773     847.274             141             141
  188         787.793    1598.033         788.004    1597.929             188             188
  164        -755.012     204.055        -755.052     204.221             164             164
  195         833.546    1240.927         833.616    1240.895             195             195
  223         373.932    -288.448         373.812    -288.372             223             223
    6         910.869    -666.276         910.720    -666.370               6               6
  164          79.282     339.367          79.280     339.378             164             164
  179        1261.800    -264.995        1261.738    -265.154             179             179
  152         220.086     567.690         220.208     567.717             152             152
   23         -12.995    -876.176         -13.109    -876.117              23              23
  219        -480.924    -325.053        -481.000    -324.988             219             219
   13        -132.197    -420.474        -132.331    -420.486              13              13
  190        -271.893     -98.848        -272.015     -98.868             190             190
   19         520.746     351.030         520.684     350.904              19              19
  178         498.589    -190.254         498.470    -190.399             178             178
   67        1407.379    1483.672        1407.620    1483.445              67              67
  133        -858.344    -214.953        -858.355    -214.772             133             133
  243        -165.453    -137.000        -165.553    -137.009             243             243
   81         409.938     656.506         409.995     656.388              81              81
  231        -480.966    1588.249        -480.750    1588.400             231             231
  119        -628.616    -840.115        -628.847    -839.931             119             119
   21        -192.007      26.489        -192.124      26.493              21              21
   58        -825.433     472.012        -825.521     472.125              58              58
  228        -199.228     389.873        -199.385     389.901             228             228
  158         -58.516     402.874         -58.674     402.868             158             158
   25         -41.743     763.079         -41.839     763.061              25              25
   82       -1040.263    1694.164       -1040.293    1694.391              82              82
   41        -578.502     999.613        -578.815     999.866              41              41
   40        1113.055     696.968        1112.649     696.997              40              40
  141         665.945    -626.013         665.305    -625.960             141             141
    4        -275.138     360.737        -275.901     360.903               4               4
  181        -100.455    -304.694        -102.240    -304.553             181             181
