SINAL     NFT                         FFT                         NFT INVERSA     FFT INVERSA
-----     -----------------------     -----------------------     -----------     -----------
   54       31647.000       0.000       31647.000       0.000              54              54
  104        -663.634   -2216.697        -663.628   -2216.697             104             104
    9          57.584    -412.368          57.590    -412.369               9               9
  235        1241.064     657.484        1241.073     657.481             235             235
   38       -1101.548     378.477       -1101.538     378.479              38              38
   55       -1619.008     403.816       -1619.001     403.819              55              55
  230        -877.321     723.104        -877.315     723.106             230             230
    4          87.831     408.105          87.836     408.106               4               4
    6         118.979     -62.653         118.983     -62.652               6               6
   19         437.010      26.566         437.017      26.563              19              19
  128        -991.224      24.381        -991.218      24.385             128             128
  132         135.165     618.096         135.173     618.093             132             132
   96        -510.747     805.574        -510.737     805.579              96              96
  184        -319.058     518.842        -319.052     518.850             184             184
  221        -554.295     -69.910        -554.298     -69.899             221             221
   51         710.589    -563.866         710.581    -563.867              51              51
  105         772.386   -1295.816         772.371   -1295.826             105             105
  192        1586.856     915.979        1586.868     915.960             192             192
  237        1365.864    -417.947        1365.869    -417.958             237             237
  185        1270.277   -1714.436        1270.274   -1714.457             185             185
   35         223.787     254.548         223.811     254.530              35              35
  219        -141.947    1240.472        -141.913    1240.466             219             219
   90        -667.846     205.694        -667.831     205.701              90              90
   72         190.453     866.881         190.476     866.875              72              72
  104        -875.030    1264.434        -875.002    1264.454             104             104
  114         810.060    -396.896         810.063    -396.901             114             114
  103        -337.350     863.947        -337.320     863.963             103             103
   92        -271.850   -2105.195        -271.872   -2105.191              92              92
  187          68.625     946.092          68.658     946.078             187             187
  210        -860.304     464.965        -860.281     464.979             210             210
  223        -434.304     462.135        -434.285     462.144             223             223
  241        -396.423     689.656        -396.399     689.672             241             241
   59        -687.405   -1202.092        -687.417   -1202.080              59              59
  233       -1131.737    1238.999       -1131.706    1239.017             233             233
  220          -1.558      68.728          -1.551      68.729             220             220
   97       -1186.646    1603.125       -1186.604    1603.164              97              97
   33       -1151.981   -1355.063       -1152.021   -1355.026              33              33
  195        -108.452     645.450        -108.452     645.448             195             195
  102         678.314     556.226         678.325     556.219             102             102
   40          38.052     -59.223          38.064     -59.215              40              40
  214       -2292.147     303.976       -2292.150     304.043             214             214
  230        1253.649       7.862        1253.627       7.840             230             230
  173          89.885     259.891          89.890     259.902             173             173
   55         585.404    -409.916         585.397    -409.918              55              55
  158        -767.713    -127.255        -767.718    -127.224             158             158
  139         649.894    -152.221         649.881    -152.226             139             139
  106         546.632   -1043.414         546.603   -1043.423             106             106
    8         968.604    -775.598         968.600    -775.635               8               8
   75       -1110.047    -481.580       -1110.049    -481.566              75              75
   87         298.119     459.406         298.131     459.379              87              87
  194         309.398     518.912         309.422     518.897             194             194
  111        -491.527     297.537        -491.517     297.555             111             111
   51        1135.930     -57.371        1135.933     -57.409              51              51
   28         739.804     192.475         739.849     192.444              28              28
  183       -1764.330     646.088       -1764.283     646.146             183             183
  156        -552.604    1439.523        -552.561    1439.567             156             156
  143         -55.040    -474.708         -55.061    -474.664             143             143
   31         -57.919   -1628.260         -57.980   -1628.246              31              31
  248           4.198    -628.888           4.172    -628.907             248             248
   74         388.069     -44.595         388.070     -44.634              74              74
  241         253.129    1404.081         253.197    1404.071             241             241
  216        -172.748    -396.113        -172.751    -396.089             216             216
   59         604.487    -305.611         604.499    -305.629              59              59
   44        -780.152    -560.086        -780.143    -560.058              44              44
  193        -663.974   -1006.995        -664.000   -1007.000             193             193
   24        -445.372    1153.633        -445.301    1153.619              24              24
  142       -2401.610     201.912       -2401.611     201.995             142             142
  226        -460.575    1685.717        -460.549    1685.735             226             226
  219         -52.955      99.198         -52.992      99.219             219             219
  244         830.593      12.389         830.574      12.350             244             244
   11        -394.575     956.438        -394.546     956.460              11              11
  177         407.281     198.995         407.267     198.990             177             177
  219         973.574      18.815         973.579      18.767             219             219
  184       -1012.292    1284.130       -1012.239    1284.183             184             184
  233         715.261     861.214         715.277     861.216             233             233
  121          59.642     256.515          59.632     256.559             121             121
   67        2188.677    -422.499        2188.667    -422.567              67              67
   83         -52.421    -972.973         -52.421    -972.967              83              83
  130        -904.702     363.194        -904.676     363.228             130             130
  143         930.746      38.996         930.752      38.937             143             143
  171        -141.280    1451.428        -141.180    1451.439             171             171
   68        -218.497     986.286        -218.434     986.337              68              68
  255         269.925     441.677         269.967     441.714             255             255
  223       -1081.775     226.957       -1081.768     227.064             223             223
   97        1759.102     764.250        1759.164     764.228              97              97
  182       -1748.072   -1029.876       -1748.092   -1029.704             182             182
  123        -818.660   -1247.592        -818.760   -1247.512             123             123
  240         908.870    -954.757         908.801    -954.813             240             240
  214        -203.421    1041.473        -203.352    1041.498             214             214
  115        -177.426      74.328        -177.419      74.399             115             115
   58        -451.706    -935.736        -451.768    -935.657              58              58
  199        -403.033    -566.593        -403.093    -566.530             199             199
   75        -161.431   -1155.737        -161.552   -1155.700              75              75
  118        1789.497    -617.610        1789.439    -617.697             118             118
  244         348.725   -1533.062         348.655   -1533.085             244             244
   13        -798.549    -841.347        -798.635    -841.345              13              13
  143        3395.327    1246.143        3395.417    1245.922             143             143
  130          65.021    -671.849          65.072    -671.833             130             130
  240        -221.625     682.061        -221.515     682.110             240             240
  106        -857.134   -1649.022        -857.205   -1648.941             106             106
  119         383.423     419.541         383.481     419.534             119             119
  251        -616.632   -1346.517        -616.675   -1346.446             251             251
   28        -774.745    -948.504        -774.785    -948.450              28              28
   82       -1144.669   -1583.176       -1144.794   -1583.131              82              82
  179        1010.756    -260.415        1010.736    -260.534             179             179
    5       -1060.420    -265.999       -1060.429    -265.964               5               5
  204          63.879    -310.025          63.833    -310.070             204             204
  247         998.970     319.772         999.013     319.667             247             247
   89       -1182.820     950.928       -1182.738     951.022              89              89
   78         477.563    -799.413         477.499    -799.418              78              78
  134          66.464    -997.958          66.407    -997.986             134             134
    4         374.255     477.209         374.316     477.165               4               4
  146         210.878   -1118.783         210.859   -1118.823             146             146
  133       -1274.359     523.895       -1274.269     523.945             133             133
  227       -1492.602     349.166       -1492.594     349.274             227             227
  243         266.319     -67.512         266.290     -67.515             243             243
   60        -592.606   -1297.540        -592.709   -1297.526              60              60
   94          -1.105    1057.437          -1.030    1057.408              94              94
  228        -866.764    -235.739        -866.792    -235.658             228             228
   18        -435.008    -394.322        -435.080    -394.286              18              18
  210         138.401   -1215.607         138.269   -1215.666             210             210
   31         -66.789     855.555         -66.753     855.505              31              31
  218         205.108     112.211         205.082     112.170             218             218
   29         774.105    1435.591         774.209    1435.561              29              29
  150         181.210   -1659.241         181.095   -1659.232             150             150
  207         149.723      -3.515         149.746      -3.566             207             207
   43        -714.452     -12.008        -714.446     -11.974              43              43
   37        -607.492     -53.919        -607.550     -53.891              37              37
   82        1921.000       0.184        1921.000       0.000              82              82
   27        -607.608      53.862        -607.550      53.890              27              27
  143        -714.439      11.937        -714.445      11.973             143             143
  201         149.774       3.619         149.748       3.565             201             201
   22         180.967    1659.224         181.091    1659.233              22              22
  172         774.328   -1435.524         774.213   -1435.558             172             172
   28         205.054    -112.123         205.083    -112.168              28              28
  202         -66.711    -855.448         -66.751    -855.505             202             202
  178         138.117    1215.733         138.267    1215.667             178             178
  232        -435.164     394.243        -435.081     394.285             232             232
  193        -866.827     235.563        -866.793     235.658             193             193
   11          -0.937   -1057.373          -1.028   -1057.408              11              11
   55        -592.836    1297.506        -592.711    1297.524              55              55
   72         266.253      67.519         266.289      67.516              72              72
   15       -1492.582    -349.411       -1492.593    -349.276              15              15
  202       -1274.155    -524.014       -1274.268    -523.948             202             202
  206         210.833    1118.875         210.858    1118.823             206             206
  243         374.400    -477.105         374.319    -477.164             243             243
  189          66.329     998.025          66.406     997.987             189             189
   10         477.409     799.428         477.497     799.421              10              10
   82       -1182.622    -951.155       -1182.736    -951.024              82              82
  162         999.075    -319.515         999.014    -319.663             162             162
   29          63.767     310.136          63.832     310.072              29              29
   36       -1060.442     265.911       -1060.430     265.963              36              36
  193        1010.705     260.710        1010.735     260.536             193             193
  247       -1144.985    1583.061       -1144.798    1583.129             247             247
   66        -774.847     948.367        -774.787     948.449              66              66
   87        -616.745    1346.335        -616.679    1346.445              87              87
  198         383.573    -419.522         383.483    -419.533             198             198
  109        -857.323    1648.811        -857.210    1648.939             109             109
  124        -221.336    -682.189        -221.513    -682.110             124             124
   24          65.153     671.808          65.071     671.833              24              24
  137        3395.567   -1245.550        3395.417   -1245.920             137             137
   12        -798.781     841.338        -798.636     841.343              12              12
  226         348.530    1533.127         348.653    1533.086             226             226
  159        1789.336     617.858        1789.438     617.701             159             159
  185        -161.770    1155.634        -161.553    1155.699             185             185
  254        -403.204     566.415        -403.094     566.529             254             254
  105        -451.884     935.511        -451.769     935.656             105             105
  107        -177.406     -74.534        -177.419     -74.400             107             107
  231        -203.216   -1041.547        -203.351   -1041.498             231             231
   43         908.665     954.924         908.799     954.814              43              43
  118        -818.960    1247.350        -818.762    1247.510             118             118
   30       -1748.137    1029.351       -1748.095    1029.698              30              30
  115        1759.295    -764.179        1759.167    -764.225             115             115
  134       -1081.751    -227.293       -1081.767    -227.068             134             134
  232         270.056    -441.793         269.968    -441.714             232             232
   65        -218.295    -986.449        -218.431    -986.339              65              65
  121        -140.958   -1451.461        -141.179   -1451.438             121             121
  166         930.768     -38.802         930.754     -38.935             166             166
   76        -904.614    -363.310        -904.674    -363.231              76              76
  203         -52.424     972.950         -52.423     972.966             203             203
   72        2188.641     422.735        2188.666     422.571              72              72
  105          59.606    -256.664          59.632    -256.560             105             105
  240         715.321    -861.218         715.279    -861.214             240             240
   10       -1012.100   -1284.319       -1012.235   -1284.185              10              10
   97         973.591     -18.642         973.578     -18.765              97              97
   51         407.230    -198.977         407.268    -198.990              51              51
   97        -394.466    -956.518        -394.544    -956.461              97              97
   40         830.522     -12.244         830.574     -12.349              40              40
  161         -53.093     -99.275         -52.992     -99.218             161             161
  222        -460.469   -1685.789        -460.545   -1685.737             222             222
   64       -2401.612    -202.237       -2401.610    -201.999              64              64
   42        -445.092   -1153.576        -445.298   -1153.619              42              42
  235        -664.077    1007.016        -664.000    1007.000             235             235
   35        -780.120     559.969        -780.144     560.057              35              35
  201         604.538     305.691         604.500     305.631             201             201
  164        -172.761     396.008        -172.751     396.088             164             164
   34         253.423   -1404.039         253.198   -1404.071              34              34
   51         388.075      44.773         388.070      44.636              51              51
   15           4.081     628.972           4.171     628.907              15              15
    9         -58.200    1628.200         -57.983    1628.246               9               9
   94         -55.144     474.503         -55.063     474.663              94              94
  133        -552.392   -1439.733        -552.557   -1439.568             133             133
   40       -1764.101    -646.369       -1764.281    -646.149              40              40
  210         740.024    -192.321         739.850    -192.443             210             210
   11        1135.946      57.564        1135.932      57.411              11              11
   17        -491.475    -297.629        -491.516    -297.556              17              17
   19         309.528    -518.832         309.424    -518.895              19              19
  133         298.183    -459.263         298.133    -459.378             133             133
  183       -1110.059     481.498       -1110.049     481.565             183             183
   96         968.578     775.806         968.599     775.637              96              96
   81         546.466    1043.464         546.602    1043.423              81              81
    0         649.815     152.249         649.880     152.227              -0               0
  201        -767.748     127.070        -767.719     127.223             201             201
   65         585.357     409.934         585.395     409.920              65              65
   11          89.915    -259.959          89.890    -259.901              11              11
   42        1253.516      -7.718        1253.627      -7.837              42              42
  117       -2292.168    -304.415       -2292.150    -304.046             117             117
  109          38.134      59.167          38.064      59.214             109             109
   82         678.392    -556.170         678.326    -556.217              82              82
   22        -108.448    -645.443        -108.452    -645.450              22              22
   75       -1152.271    1354.794       -1152.024    1355.024              75              75
  147       -1186.331   -1603.420       -1186.601   -1603.167             147             147
   64          -1.506     -68.735          -1.551     -68.728              64              64
   54       -1131.495   -1239.139       -1131.703   -1239.018              54              54
  183        -687.506    1201.991        -687.418    1202.078             183             183
   10        -396.207    -689.793        -396.396    -689.672              10              10
  218        -434.137    -462.215        -434.284    -462.145             218             218
  217        -860.091    -465.095        -860.280    -464.980             217             217
   62          68.931    -945.965          68.659    -946.079              62              62
  234        -272.080    2105.155        -271.876    2105.191             234             234
  226        -337.045    -864.103        -337.318    -863.962             226             226
  157         810.095     396.956         810.063     396.903             157             157
  111        -874.723   -1264.649        -875.000   -1264.455             111             111
   11         190.735    -866.810         190.479    -866.874              11              11
  111        -667.657    -205.769        -667.830    -205.701             111             111
  123        -141.513   -1240.405        -141.909   -1240.467             123             123
   28         224.088    -254.311         223.810    -254.529              28              28
  131        1270.214    1714.736        1270.270    1714.460             131             131
    0        1365.930     418.114        1365.867     417.961               0              -0
  212        1587.046    -915.680        1586.870    -915.956             212             212
  227         772.141    1295.988         772.369    1295.827             227             227
   81         710.431     563.901         710.579     563.869              81              81
  213        -554.345      69.705        -554.298      69.899             213             213
  173        -318.934    -518.989        -319.051    -518.850             173             173
  147        -510.524    -805.690        -510.736    -805.580             147             147
  224         135.359    -618.040         135.174    -618.093             224             224
  215        -991.074     -24.506        -991.219     -24.386             215             215
    8         437.204     -26.480         437.017     -26.561               8               8
   77         119.110      62.655         118.982      62.653              77              77
   42          88.022    -408.119          87.836    -408.106              42              42
   31        -877.041    -723.234        -877.313    -723.107              31              31
  153       -1618.610    -404.032       -1618.999    -403.823             153             153
  190       -1100.918    -378.596       -1101.538    -378.480             190             190
   95        1241.816    -657.150        1241.074    -657.478              95              95
  208          58.299     412.550          57.589     412.370             208             208
  117        -662.339    2216.575        -663.634    2216.696             117             117
