SINAL     NFT                         FFT                         NFT INVERSA     FFT INVERSA
-----     -----------------------     -----------------------     -----------     -----------
  224       31662.000       0.000       31662.000       0.000             224             224
  205        -288.142    -677.231        -288.136    -677.231             205             205
   32        1146.929     369.658        1146.936     369.658              32              32
  237        -360.775   -1339.328        -360.769   -1339.327             237             237
  249       -1176.890     225.962       -1176.882     225.964             249             249
  216       -1176.243     243.958       -1176.239     243.960             216             216
   81         494.601    2404.229         494.611    2404.232              81              81
   70         517.148   -1225.160         517.148   -1225.155              70              70
  172         320.752    -855.472         320.751    -855.469             172             172
   65         514.006    -579.226         514.004    -579.224              65              65
   16        2602.226   -2272.340        2602.219   -2272.352              16              16
  163         -88.083    -948.343         -88.080    -948.346             163             163
   50        1501.479       7.842        1501.489       7.830              50              50
  126       -1180.741   -1374.038       -1180.744   -1374.033             126             126
   66        1582.763    1217.830        1582.774    1217.815              66              66
  192        1557.141    -508.158        1557.147    -508.168             192             192
   46         751.043    -697.789         751.051    -697.799              46              46
   62         465.040     472.993         465.061     472.985              62              62
    3         672.827     545.289         672.855     545.284               3               3
  170       -1994.821    -343.063       -1994.809    -343.037             170             170
  134        -530.337     331.681        -530.330     331.692             134             134
  100        -186.105    -104.676        -186.105    -104.666             100             100
  245         857.947    -754.238         857.938    -754.244             245             245
   95        1053.581    -771.959        1053.582    -771.974              95              95
   79         155.510    -333.476         155.523    -333.483              79              79
  211          32.219     474.316          32.243     474.315             211             211
  232        -294.801    -307.293        -294.788    -307.282             232             232
   97       -1311.738    -688.791       -1311.741    -688.769              97              97
   14         470.626    -613.142         470.621    -613.160              14              14
  233        -375.479     794.739        -375.453     794.740             233             233
  218        -892.469      88.920        -892.463      88.942             218             218
  239        -486.889   -1091.952        -486.916   -1091.947             239             239
  182          93.228     668.532          93.232     668.520             182             182
  250        1551.282     245.530        1551.291     245.497             250             250
  220        -191.023    -175.515        -191.013    -175.516             220             220
  175          50.318    1280.249          50.353    1280.253             175             175
  211          24.851   -1047.129          24.834   -1047.124             211             211
   45        -171.331    -195.174        -171.333    -195.184              45              45
  245         202.110    1806.274         202.152    1806.271             245             245
  128         356.139    -815.730         356.118    -815.730             128             128
  111        1484.941     969.304        1484.983     969.270             111             111
    6        -994.513    -554.477        -994.507    -554.444               6               6
   35        -233.909     549.261        -233.891     549.273              35              35
  161         -63.585    -452.517         -63.597    -452.506             161             161
  132         383.922   -1001.191         383.898   -1001.215             132             132
  101        -374.350     812.614        -374.324     812.603             101             101
   97         393.214    1030.652         393.242    1030.633              97              97
  179         257.584    1215.383         257.625    1215.387             179             179
  164        -453.689    -223.878        -453.700    -223.857             164             164
  101        1139.435    1832.963        1139.494    1832.943             101             101
   93        -431.135    -290.889        -431.139    -290.847              93              93
   42         506.940    -421.242         506.925    -421.256              42              42
  201         292.253    2077.307         292.323    2077.320             201             201
   83         967.401    -705.424         967.391    -705.412              83              83
  137        -338.219   -1151.872        -338.240   -1151.850             137             137
   25        -205.347     267.268        -205.334     267.276              25              25
   38        -195.123    -415.182        -195.142    -415.175              38              38
  113        -430.461    -409.920        -430.501    -409.931             113             113
  123        1995.222    2835.683        1995.314    2835.612             123             123
   52         798.720     556.033         798.762     556.055              52              52
   90         343.236    -481.370         343.241    -481.346              90              90
   85        -254.910    -345.076        -254.913    -345.052              85              85
   36        1069.760     788.306        1069.810     788.287              36              36
   16       -1032.803    -573.084       -1032.814    -573.017              16              16
   79         669.015    -254.976         669.000    -255.000              79              79
    1         -69.476    1128.071         -69.430    1128.094               1               1
  192         766.025    -324.795         766.008    -324.798             192             192
   35         660.331     764.200         660.375     764.207              35              35
   47          -2.298    -598.844          -2.322    -598.803              47              47
  182        1257.488    -157.167        1257.484    -157.193             182             182
  163        1375.901     -64.378        1375.936     -64.403             163             163
  158        -265.100    -797.749        -265.100    -797.701             158             158
  188        1474.649    -900.343        1474.656    -900.393             188             188
  199       -1193.405    -782.885       -1193.391    -782.826             199             199
   64          83.205    -464.223          83.208    -464.234              64              64
   64        -441.009    -162.609        -440.990    -162.598              64              64
   44        -505.569     303.050        -505.544     303.073              44              44
  161        -165.634     -44.130        -165.639     -44.117             161             161
  244         584.888     622.626         584.924     622.615             244             244
  208         178.611    -785.848         178.589    -785.845             208             208
    7         200.639     722.855         200.695     722.852               7               7
   82         728.237     377.976         728.297     377.978              82              82
  251        -805.781   -1025.213        -805.792   -1025.143             251             251
  209        -895.668    -113.167        -895.666    -113.114             209             209
  165         -54.899    -209.101         -54.917    -209.091             165             165
  132         435.727      25.662         435.742      25.647             132             132
  234        -524.941    -431.469        -524.948    -431.444             234             234
  203        -478.438    1261.048        -478.372    1261.097             203             203
  245        -270.551   -1106.573        -270.638   -1106.535             245             245
  101        1113.383    1032.926        1113.442    1032.883             101             101
    0        -364.240   -1052.090        -364.285   -1052.045              -0              -0
   80        -324.200     555.019        -324.182     555.048              80              80
  186         568.400     -96.253         568.375     -96.256             186             186
   36         749.872    -117.220         749.863    -117.233              36              36
   97        1016.516    -768.979        1016.492    -769.025              97              97
   10         520.029      54.257         520.075      54.228              10              10
   38         504.713     -67.452         504.768     -67.480              38              38
   33        -537.615     980.523        -537.494     980.591              33              33
   46        -900.141    -526.138        -900.150    -526.026              46              46
   85        -330.819    -603.958        -330.857    -603.911              85              85
  215          -5.819     169.226          -5.805     169.262             215             215
  209        -184.552    -949.648        -184.609    -949.597             209             209
  243         -29.455    -912.563         -29.516    -912.556             243             243
  147         100.874    -221.879         100.857    -221.889             147             147
  152         612.650    -214.722         612.656    -214.754             152             152
   51        -530.070    -463.485        -530.082    -463.440              51              51
  212         -44.604    -166.179         -44.618    -166.160             212             212
  197         -74.208    -838.739         -74.280    -838.716             197             197
  213         812.151   -1403.550         812.038   -1403.628             213             213
  200        2275.583    -985.671        2275.592    -985.907             200             200
  150       -1396.281     820.640       -1396.119     820.666             150             150
  221       -1029.478     444.553       -1029.416     444.588             221             221
   26       -1202.079     804.847       -1202.046     804.908              26              26
  145        1104.459     995.890        1104.520     995.815             145             145
  174        -331.805     334.329        -331.758     334.371             174             174
  191         247.757     876.575         247.839     876.588             191             191
   22         249.476      35.909         249.523      35.928              22              22
  153        -584.034     716.700        -583.930     716.791             153             153
  139       -1078.073    -114.737       -1078.067    -114.595             139             139
   11        -562.199     259.792        -562.197     259.906              11              11
  255        -358.692    -882.261        -358.787    -882.156             255             255
  139        -115.651   -1837.678        -115.832   -1837.665             139             139
   91         759.243     275.028         759.243     274.955              91              91
  185         736.895   -1079.047         736.832   -1079.109             185             185
  176         557.462    -690.042         557.463    -690.145             176             176
  188         331.025     840.237         331.193     840.163             188             188
  196       -1891.016     699.242       -1890.889     699.399             196             196
  214       -1322.054     219.193       -1322.054     219.327             214             214
  222         284.000      -0.006         284.000       0.000             222             222
  242       -1322.053    -219.469       -1322.053    -219.330             242             242
   43       -1890.756    -699.569       -1890.887    -699.404              43              43
  181         331.372    -840.083         331.195    -840.161             181             181
  196         557.462     690.257         557.462     690.147             196             196
   31         736.759    1079.180         736.829    1079.111              31              31
   73         759.245    -274.874         759.244    -274.955              73              73
   93        -116.040    1837.649        -115.836    1837.664              93              93
   83        -358.898     882.037        -358.789     882.156              83              83
   29        -562.193    -260.040        -562.196    -259.907              29              29
   35       -1078.062     114.425       -1078.068     114.592              35              35
   41        -583.804    -716.900        -583.928    -716.792              41              41
  230         249.580     -35.952         249.522     -35.928             230             230
  185         247.941    -876.602         247.840    -876.587             185             185
    6        -331.697    -334.425        -331.756    -334.372               6               6
    0        1104.599    -995.719        1104.522    -995.813              -0              -0
   75       -1202.003    -804.990       -1202.045    -804.910              75              75
  181       -1029.332    -444.637       -1029.414    -444.590             181             181
  192       -1395.900    -820.706       -1396.117    -820.669             192             192
   97        2275.601     986.234        2275.590     985.914              97              97
   78         811.881    1403.737         812.036    1403.629              78              78
   75         -74.384     838.683         -74.283     838.715              75              75
  109         -44.639     166.133         -44.618     166.160             109             109
   77        -530.099     463.373        -530.083     463.438              77              77
  214         612.663     214.801         612.656     214.755             214             214
  201         100.832     221.903         100.857     221.889             201             201
    7         -29.611     912.546         -29.518     912.556               7               7
  134        -184.701     949.520        -184.612     949.597             134             134
  134          -5.782    -169.318          -5.805    -169.262             134             134
  203        -330.919     603.833        -330.859     603.909             203             203
   93        -900.166     525.844        -900.150     526.024              93              93
  100        -537.295    -980.704        -537.492    -980.593             100             100
  190         504.860      67.525         504.768      67.480             190             190
  137         520.154     -54.176         520.076     -54.227             137             137
   26        1016.449     769.108        1016.491     769.027              26              26
  130         749.846     117.258         749.863     117.234             130             130
  168         568.329      96.262         568.375      96.256             168             168
   99        -324.147    -555.103        -324.181    -555.049              99              99
  224        -364.368    1051.960        -364.286    1052.044             224             224
  251        1113.554   -1032.800        1113.444   -1032.881             251             251
  129        -270.805    1106.462        -270.639    1106.534             129             129
    3        -478.239   -1261.191        -478.369   -1261.097               3               3
   37        -524.961     431.392        -524.947     431.442              37              37
  103         435.770     -25.616         435.742     -25.646             103             103
  188         -54.957     209.069         -54.919     209.090             188             188
   43        -895.664     113.001        -895.667     113.113              43              43
  104        -805.815    1024.993        -805.791    1025.141             104             104
    8         728.428    -377.982         728.298    -377.977               8               8
  224         200.818    -722.844         200.696    -722.851             224             224
   41         178.539     785.839         178.588     785.845              41              41
  106         585.011    -622.590         584.927    -622.615             106             106
   46        -165.653      44.087        -165.640      44.117              46              46
  116        -505.485    -303.131        -505.543    -303.075             116             116
  215        -440.946     162.569        -440.990     162.597             215             215
  124          83.213     464.260          83.208     464.233             124             124
   75       -1193.358     782.675       -1193.393     782.823              75              75
  160        1474.673     900.524        1474.655     900.395             160             160
  131        -265.103     797.575        -265.102     797.701             131             131
  210        1376.030      64.471        1375.937      64.404             210             210
   38        1257.472     157.269        1257.483     157.196              38              38
   79          -2.390     598.688          -2.323     598.802              79              79
   47         660.502    -764.225         660.377    -764.206              47              47
  139         765.961     324.805         766.009     324.798             139             139
   13         -69.291   -1128.161         -69.427   -1128.093              13              13
  184         668.956     255.071         669.000     255.000             184             184
  165       -1032.850     572.801       -1032.815     573.014             165             165
  144        1069.970    -788.222        1069.812    -788.286             144             144
   97        -254.925     344.972        -254.914     345.051              97              97
    9         343.258     481.268         343.240     481.346               9               9
  112         798.908    -556.121         798.764    -556.053             112             112
   93        1995.643   -2835.361        1995.320   -2835.609              93              93
  139        -430.642     409.965        -430.501     409.929             139             139
  115        -195.209     415.145        -195.142     415.173             115             115
  130        -205.281    -267.305        -205.332    -267.276             130             130
  243        -338.325    1151.766        -338.243    1151.849             243             243
   48         967.349     705.371         967.389     705.414              48              48
  173         292.609   -2077.371         292.327   -2077.319             173             173
   91         506.859     421.316         506.923     421.257              91              91
   57        -431.151     290.667        -431.138     290.845              57              57
  142        1139.751   -1832.853        1139.498   -1832.941             142             142
  133        -453.746     223.769        -453.700     223.857             133             133
  163         257.821   -1215.398         257.628   -1215.386             163             163
  189         393.379   -1030.547         393.244   -1030.633             189             189
  249        -374.202    -812.551        -374.324    -812.603             249             249
  123         383.780    1001.336         383.897    1001.216             123             123
   57         -63.661     452.456         -63.599     452.507              57              57
   68        -233.799    -549.330        -233.890    -549.273              68              68
   27        -994.475     554.266        -994.507     554.442              27              27
  189        1485.217    -969.083        1484.984    -969.268             189             189
   22         355.998     815.736         356.117     815.731              22              22
   66         202.408   -1806.256         202.156   -1806.272              66              66
   12        -171.345     195.246        -171.334     195.183              12              12
   70          24.722    1047.090          24.831    1047.124              70              70
  206          50.584   -1280.279          50.356   -1280.253             206             206
   26        -190.951     175.518        -191.013     175.515              26              26
  254        1551.350    -245.268        1551.291    -245.493             254             254
  116          93.257    -668.441          93.232    -668.520             116             116
  171        -487.118    1091.909        -486.918    1091.947             171             171
   95        -892.418     -89.118        -892.463     -88.944              95              95
  125        -375.242    -794.757        -375.452    -794.741             125             125
   27         470.568     613.300         470.619     613.159              27              27
  189       -1311.780     688.569       -1311.744     688.767             189             189
    9        -294.675     307.194        -294.788     307.283               9               9
  143          32.476    -474.312          32.245    -474.316             143             143
   63         155.641     333.551         155.523     333.483              63              63
  252        1053.589     772.139        1053.580     771.977             252             252
  192         857.848     754.313         857.938     754.245             192             192
  237        -186.120     104.547        -186.107     104.665             237             237
   88        -530.243    -331.821        -530.330    -331.693              88              88
  249       -1994.660     342.679       -1994.810     343.032             249             249
  123         673.235    -545.220         672.858    -545.283             123             123
  221         465.369    -472.869         465.062    -472.983             221             221
  157         751.176     697.953         751.051     697.800             157             157
   56        1557.244     508.364        1557.147     508.171              56              56
  214        1583.007   -1217.520        1582.777   -1217.811             214             214
   24       -1180.840    1373.915       -1180.748    1374.030              24              24
  114        1501.688      -7.566        1501.489      -7.828             114             114
   27         -88.028     948.401         -88.081     948.345              27              27
   52        2602.000    2272.707        2602.214    2272.358              52              52
   47         513.941     579.145         514.003     579.224              47              47
   50         320.709     855.364         320.749     855.468              50              50
  119         517.070    1224.951         517.144    1225.155             119             119
   59         495.106   -2404.342         494.616   -2404.232              59              59
  120       -1176.008    -244.153       -1176.239    -243.965             120             120
   69       -1176.419    -226.142       -1176.882    -225.967              69              69
   86        -360.332    1339.204        -360.772    1339.326              86              86
  119        1147.858    -369.578        1146.937    -369.654             119             119
  186        -286.609     677.079        -288.138     677.229             186             186
