SINAL     NFT                         FFT                         NFT INVERSA     FFT INVERSA
-----     -----------------------     -----------------------     -----------     -----------
    4       35400.000       0.000       35400.000       0.000               4               4
  170         721.599     541.734         721.607     541.734             170             170
  181        -285.611    -712.070        -285.603    -712.070             181             181
   29        -774.006     879.305        -773.997     879.306              29              29
   72          88.194    -290.787          88.202    -290.787              72              72
   35        -814.657    -951.087        -814.652    -951.087              35              35
  105         551.992     584.027         552.003     584.022             105             105
   48       -2229.753    1365.196       -2229.738    1365.202              48              48
   98       -1547.937     520.498       -1547.931     520.507              98              98
   25         762.853   -1302.687         762.850   -1302.694              25              25
  159       -1523.416    1701.663       -1523.403    1701.666             159             159
  226        1078.792    1171.693        1078.803    1171.685             226             226
  218        -561.050    1613.567        -561.032    1613.576             218             218
  211         412.949     231.236         412.958     231.241             211             211
  212       -1564.991     231.956       -1564.985     231.975             212             212
   76         179.676    -178.808         179.675    -178.804              76              76
  182         106.737     309.676         106.743     309.684             182             182
  140        -656.591   -2113.643        -656.613   -2113.636             140             140
  195         265.872     837.886         265.878     837.876             195             195
  158         771.022    1285.548         771.036    1285.543             158             158
  181         313.246     377.395         313.252     377.406             181             181
  225         541.290   -1387.200         541.274   -1387.197             225             225
  228         247.448    -467.517         247.443    -467.518             228             228
   95        1337.018    -534.766        1337.016    -534.784              95              95
  148         232.491    -119.764         232.499    -119.767             148             148
  188        1164.795    -176.754        1164.806    -176.770             188             188
  221        -826.657    -106.199        -826.648    -106.179             221             221
   97         742.319   -1731.088         742.295   -1731.101              97              97
   38         249.282    -269.061         249.287    -269.075              38              38
  215         117.873   -1014.354         117.862   -1014.369             215             215
   46        1184.325     596.279        1184.351     596.242              46              46
   42        -453.682     182.141        -453.662     182.144              42              42
  129         379.807     -61.468         379.820     -61.482             129             129
  228        -409.270     276.920        -409.250     276.926             228             228
   71        -746.911   -1190.337        -746.938   -1190.334              71              71
  202        1324.061     562.428        1324.075     562.375             202             202
    7         495.004     731.057         495.040     731.028               7               7
  176        -500.372    1536.697        -500.325    1536.702             176             176
  250         892.508    1054.264         892.544    1054.253             250             250
  106         288.671      98.372         288.696      98.375             106             106
  202        -206.955     664.937        -206.919     664.953             202             202
  153         232.491     322.691         232.518     322.706             153             153
   77        -528.461   -1286.753        -528.479   -1286.733              77              77
  165         252.360     322.799         252.382     322.782             165             165
  109        -217.710    1178.259        -217.661    1178.279             109             109
   33        -126.379   -1393.342        -126.406   -1393.330              33              33
  241          82.791     858.418          82.826     858.415             241             241
   36         368.218    -171.184         368.229    -171.178              36              36
  174          55.756   -1051.926          55.741   -1051.927             174             174
  181         633.651      -6.721         633.677      -6.753             181             181
  194         169.412     222.531         169.462     222.519             194             194
  100       -1672.306     503.716       -1672.267     503.774             100             100
  150         302.369    -714.774         302.353    -714.785             150             150
  167         100.204     919.416         100.261     919.414             167             167
  195        -306.590    -718.223        -306.580    -718.206             195             195
   43       -1163.059     -67.423       -1163.037     -67.392              43              43
   99        -693.607     174.523        -693.593     174.542              99              99
  161          18.051     -99.411          18.063     -99.422             161             161
  140       -1328.452    1217.314       -1328.399    1217.367             140             140
  137         328.284    -287.087         328.279    -287.084             137             137
  120       -1384.291    -141.475       -1384.300    -141.423             120             120
  187         985.868    1153.527         985.905    1153.512             187             187
  180         535.071   -1885.599         535.025   -1885.614             180             180
  249         223.953    1021.120         224.044    1021.100             249             249
  159       -1243.062     210.924       -1243.000     211.000             159             159
  251       -2743.403   -1579.719       -2743.470   -1579.608             251             251
  196         -81.905     791.051         -81.898     791.038             196             196
  167        -476.370       9.874        -476.382       9.898             167             167
  172         -99.992     109.719         -99.997     109.729             172             172
  190        -706.447    -407.538        -706.485    -407.506             190             190
   17         863.128     -89.025         863.108     -89.073              17              17
  119         361.715     100.651         361.723     100.621             119             119
   87        1758.086    1145.761        1758.192    1145.692              87              87
   94       -2404.562    -590.663       -2404.545    -590.523              94              94
   28        -259.732    -818.773        -259.779    -818.764              28              28
  197          59.728     115.353          59.742     115.338             197             197
  128        -616.287    -408.558        -616.300    -408.546             128             128
   14          63.132     955.952          63.184     955.942              14              14
  233        -311.772     -94.421        -311.769     -94.396             233             233
   47         520.488      45.058         520.517      45.032              47              47
  195       -1147.059     296.835       -1147.017     296.902             195             195
  172        -490.123    -412.918        -490.147    -412.893             172             172
  147         708.040    1042.086         708.122    1042.068             147             147
   90       -1161.189   -1288.224       -1161.208   -1288.144              90              90
   83       -2342.279      70.507       -2342.291      70.626              83              83
   87         606.827    -488.060         606.778    -488.101              87              87
  133       -1649.131     100.310       -1649.145     100.389             133             133
  182         253.665    -174.261         253.612    -174.288             182             182
  248         -31.820     562.304         -31.818     562.304             248             248
   18        1115.264    -206.761        1115.253    -206.810              18              18
   64        -440.668   -1226.822        -440.723   -1226.820              64              64
  113         716.356     125.588         716.390     125.487             113             113
  205       -1306.842    1103.544       -1306.752    1103.581             205             205
  244        -677.768    1415.003        -677.707    1415.047             244             244
  107         324.781     610.251         324.797     610.260             107             107
  109         642.412     770.520         642.470     770.524             109             109
  240         316.119     184.472         316.180     184.518             240             240
   47       -1460.868   -1821.320       -1460.955   -1821.216              47              47
   20         298.932    1132.316         299.025    1132.293              20              20
  156       -1591.574    -305.997       -1591.573    -305.863             156             156
  237        -959.130      62.997        -959.149      63.092             237             237
   38        -776.985    -684.414        -777.071    -684.329              38              38
   20         368.922   -1111.794         368.819   -1111.811              20              20
   69        -171.643   -1191.185        -171.720   -1191.218              69              69
  133       -1183.041    1018.605       -1183.004    1018.657             133             133
   48         669.104    -710.072         669.023    -710.119              48              48
   10        -618.880    -108.235        -618.911    -108.218              10              10
    5         626.468    -443.527         626.410    -443.615               5               5
   63         417.413    1548.824         417.530    1548.785              63              63
  244        -442.788    -616.097        -442.822    -616.049             244             244
   52        -244.537    -282.780        -244.572    -282.788              52              52
    3         568.388     357.171         568.416     357.102               3               3
  160        -267.535     598.503        -267.467     598.513             160             160
  200        -498.951     306.394        -498.916     306.433             200             200
   93        -922.738     366.092        -922.729     366.165              93              93
  244         130.894     764.911         130.925     764.933             244             244
   31        -345.016    -399.128        -345.062    -399.065              31              31
  227        -217.276     125.923        -217.296     125.971             227             227
  170         442.255    -930.831         442.170    -930.840             170             170
   24         -66.262   -1009.260         -66.324   -1009.284              24              24
  245       -1175.372    -411.288       -1175.428    -411.271             245             245
  235         -28.305     965.338         -28.293     965.275             235             235
  137         400.092    1776.195         400.181    1776.182             137             137
  195         971.601    -719.048         971.535    -719.099             195             195
  223        -369.197     954.030        -369.128     954.066             223             223
  244         858.432    -174.894         858.408    -174.942             244             244
   48         176.745     542.757         176.808     542.754              48              48
  207         -19.894     634.134         -19.829     634.181             207             207
   35        -186.000      -0.081        -186.000       0.000              35              35
   69         -19.760    -634.228         -19.827    -634.180              69              69
  108         176.875    -542.751         176.809    -542.754             108             108
   17         858.383     174.996         858.408     174.945              17              17
  107        -369.053    -954.106        -369.127    -954.067             107             107
  128         971.462     719.158         971.534     719.101             128             128
   86         400.283   -1776.167         400.184   -1776.181              86              86
  240         -28.276    -965.202         -28.290    -965.273             240             240
  177       -1175.491     411.249       -1175.428     411.269             177             177
   96         -66.401    1009.312         -66.327    1009.284              96              96
  246         442.069     930.855         442.168     930.843             246             246
  240        -217.320    -126.030        -217.296    -125.972             240             240
   85        -345.118     398.988        -345.063     399.065              85              85
   43         130.964    -764.960         130.926    -764.933              43              43
  243        -922.718    -366.258        -922.729    -366.167             243             243
  245        -498.871    -306.484        -498.916    -306.433             245             245
  243        -267.379    -598.526        -267.466    -598.513             243             243
   81         568.454    -357.007         568.417    -357.099              81              81
  234        -244.620     282.797        -244.573     282.787             234             234
   19        -442.871     615.982        -442.823     616.048              19              19
   52         417.695   -1548.729         417.533   -1548.784              52              52
  148         626.328     443.741         626.408     443.617             148             148
   44        -618.956     108.193        -618.912     108.218              44              44
   42         668.903     710.190         669.020     710.122              42              42
  127       -1182.948   -1018.736       -1183.002   -1018.659             127             127
  182        -171.841    1191.267        -171.724    1191.217             182             182
  238         368.662    1111.839         368.817    1111.812             238             238
   95        -777.207     684.194        -777.074     684.327              95              95
  170        -959.177     -63.242        -959.149     -63.093             170             170
   31       -1591.571     305.645       -1591.574     305.859              31              31
   46         299.176   -1132.258         299.027   -1132.293              46              46
  206       -1461.100    1821.042       -1460.959    1821.212             206             206
  100         316.283    -184.596         316.180    -184.518             100             100
  154         642.573    -770.528         642.472    -770.523             154             154
  223         324.825    -610.274         324.798    -610.259             223             223
  208        -677.593   -1415.126        -677.703   -1415.049             208             208
   27       -1306.589   -1103.650       -1306.750   -1103.583              27              27
   53         716.453    -125.301         716.391    -125.485              53              53
  192        -440.830    1226.815        -440.726    1226.820             192             192
  204        1115.230     206.905        1115.252     206.813             204             204
  150         -31.812    -562.304         -31.816    -562.304             150             150
  183         253.508     174.342         253.611     174.288             183             183
  189       -1649.173    -100.548       -1649.145    -100.392             189             189
  235         606.677     488.185         606.776     488.103             235             235
  226       -2342.315     -70.875       -2342.290     -70.630             226             226
  176       -1161.254    1287.974       -1161.212    1288.141             176             176
  225         708.301   -1042.027         708.125   -1042.066             225             225
  214        -490.200     412.836        -490.148     412.891             214             214
    2       -1146.925    -297.052       -1147.017    -296.903               2               2
  203         520.580     -44.974         520.516     -45.032             203             203
  234        -311.761      94.338        -311.769      94.396             234             234
   55          63.309    -955.916          63.186    -955.941              55              55
   96        -616.330     408.516        -616.300     408.545              96              96
   22          59.775    -115.302          59.742    -115.339              22              22
   97        -259.899     818.742        -259.782     818.764              97              97
  224       -2404.508     590.165       -2404.547     590.518             224             224
  204        1758.463   -1145.513        1758.193   -1145.689             204             204
   80         361.743    -100.543         361.723    -100.621              80              80
   64         863.053      89.205         863.108      89.075              64              64
  119        -706.589     407.417        -706.486     407.504             119             119
  111        -100.008    -109.757         -99.996    -109.729             111             111
  110        -476.415      -9.968        -476.382      -9.900             110             110
   69         -81.877    -790.999         -81.897    -791.037              69              69
  211       -2743.667    1579.274       -2743.471    1579.600             211             211
    9       -1242.813    -211.228       -1243.000    -211.000               9               9
   37         224.328   -1021.038         224.046   -1021.099              37              37
  163         534.870    1885.661         535.021    1885.614             163             163
   36         986.032   -1153.452         985.908   -1153.509              36              36
   91       -1384.327     141.248       -1384.299     141.421              91              91
  100         328.260     287.075         328.278     287.085             100             100
  241       -1328.213   -1217.552       -1328.397   -1217.369             241             241
  241          18.106      99.463          18.064      99.422             241             241
   28        -693.542    -174.611        -693.592    -174.543              28              28
  174       -1162.959      67.269       -1163.038      67.389             174             174
  221        -306.546     718.142        -306.581     718.205             221             221
  254         100.487    -919.405         100.264    -919.414             254             254
   95         302.293     714.833         302.353     714.786              95              95
  191       -1672.103    -504.020       -1672.264    -503.779             191             191
  213         169.669    -222.466         169.462    -222.518             213             213
   97         633.785       6.892         633.678       6.755              97              97
  139          55.676    1051.934          55.741    1051.928             139             139
  192         368.274     171.159         368.228     171.180             192             192
  152          82.992    -858.403          82.828    -858.416             152             152
  236        -126.546    1393.274        -126.409    1393.330             236             236
  214        -217.419   -1178.374        -217.659   -1178.278             214             214
  250         252.494    -322.699         252.383    -322.782             250             250
  205        -528.579    1286.629        -528.482    1286.732             205             205
  163         232.665    -322.781         232.520    -322.706             163             163
   74        -206.721    -665.037        -206.919    -664.952              74              74
   13         288.833     -98.393         288.696     -98.376              13              13
   27         892.757   -1054.185         892.546   -1054.251              27              27
  186        -500.034   -1536.739        -500.320   -1536.703             186             186
  124         495.263    -730.847         495.042    -731.026             124             124
   97        1324.170    -562.031        1324.077    -562.372              97              97
  142        -747.116    1190.310        -746.940    1190.332             142             142
  133        -409.113    -276.967        -409.248    -276.926             133             133
  134         379.906      61.580         379.820      61.482             134             134
   50        -453.511    -182.168        -453.662    -182.144              50              50
  170        1184.546    -595.953        1184.351    -596.240             170             170
  225         117.763    1014.496         117.860    1014.371             225             225
  150         249.328     269.188         249.287     269.076             150             150
  155         742.076    1731.217         742.291    1731.103             155             155
  211        -826.568     105.990        -826.648     106.177             211             211
  179        1164.903     176.924        1164.805     176.773             179             179
   73         232.566     119.802         232.498     119.768              73              73
  177        1336.984     534.987        1337.014     534.787             177             177
  177         247.379     467.540         247.441     467.519             177             177
  168         541.084    1387.171         541.271    1387.199             168             168
  113         313.334    -377.532         313.254    -377.405             113             113
  135         771.233   -1285.481         771.039   -1285.542             135             135
    9         265.957    -837.735         265.878    -837.876               9               9
  252        -656.947    2113.530        -656.617    2113.634             252             252
   71         106.831    -309.793         106.743    -309.683              71              71
  162         179.631     178.736         179.673     178.803             162             162
  233       -1564.878    -232.341       -1564.985    -231.978             233             233
   30         413.125    -231.316         412.958    -231.240              30              30
  156        -560.651   -1613.757        -561.029   -1613.576             156             156
  182        1079.056   -1171.505        1078.805   -1171.683             182             182
  194       -1523.043   -1701.777       -1523.399   -1701.669             194             194
  231         762.745    1302.905         762.846    1302.695             231             231
  196       -1547.765    -520.807       -1547.931    -520.508             196             196
  221       -2229.190   -1365.515       -2229.736   -1365.208             221             221
  162         552.494    -583.767         552.004    -584.020             162             162
   64        -814.413     951.058        -814.654     951.084              64              64
   63          88.650     290.794          88.201     290.789              63              63
   48        -773.194    -879.385        -773.995    -879.308              48              48
  197        -284.688     712.078        -285.604     712.070             197             197
  197         723.624    -541.584         721.610    -541.732             197             197
