SINAL     NFT                         FFT                         NFT INVERSA     FFT INVERSA
-----     -----------------------     -----------------------     -----------     -----------
   84       31627.000       0.000       31627.000       0.000              84              84
  192         232.323     118.956         232.329     118.956             192             192
  234         665.541     606.205         665.549     606.204             234             234
  146         456.498    1207.905         456.506    1207.905             146             146
  214         226.876    -294.317         226.882    -294.316             214             214
   51        1453.412    -610.628        1453.418    -610.630              51              51
   32         627.506    -694.703         627.513    -694.705              32              32
   68        -390.908      23.708        -390.899      23.707              68              68
  105         238.691     654.885         238.701     654.883             105             105
  250          33.691     761.513          33.701     761.514             250             250
  150        1446.611     658.483        1446.625     658.478             150             150
  232       -1009.216      66.123       -1009.205      66.135             232             232
   89         505.901   -1171.543         505.900   -1171.545              89              89
  251         268.062     512.253         268.078     512.251             251             251
   66        -981.041    -425.459        -981.034    -425.449              66              66
   98        -889.640    -581.434        -889.641    -581.428              98              98
   58          29.131    -299.258          29.128    -299.266              58              58
   47        1253.189    1634.674        1253.213    1634.656              47              47
   19        -138.142     744.577        -138.122     744.581              19              19
   27        -731.410    1248.405        -731.392    1248.422              27              27
  158        1135.086    -109.786        1135.087    -109.791             158             158
  195         523.672     930.909         523.693     930.912             195             195
  254         156.277     371.455         156.291     371.470             254             254
   99         680.688    -291.236         680.695    -291.227              99              99
   37         175.764   -1217.507         175.757   -1217.496              37              37
  215         432.038    -713.837         432.038    -713.838             215             215
  206         974.011    -199.796         974.025    -199.806             206             206
   32         654.198    -409.326         654.220    -409.326              32              32
   28        -984.652   -1239.488        -984.647   -1239.466              28              28
  186        -638.962    -445.568        -638.953    -445.558             186             186
   43       -1111.524    -158.450       -1111.517    -158.426              43              43
  113         -94.520   -1091.397         -94.534   -1091.393             113             113
  123        -604.647    -332.798        -604.648    -332.790             123             123
   21        -116.555    -328.630        -116.562    -328.631              21              21
    3         646.473    -103.692         646.479    -103.708               3               3
   82        -116.759     -63.747        -116.749     -63.739              82              82
   72         631.622   -1173.347         631.614   -1173.362              72              72
   35       -1048.051    -504.216       -1048.047    -504.204              35              35
  151         -30.888    -412.777         -30.894    -412.795             151             151
  177         801.946    1089.097         801.990    1089.068             177             177
   29        -436.337     497.379        -436.298     497.403              29              29
   45        -757.329   -1504.142        -757.353   -1504.120              45              45
  154         205.345    -306.628         205.355    -306.653             154             154
  119        -822.708     365.872        -822.672     365.875             119             119
   41       -1445.799     976.435       -1445.759     976.469              41              41
  220       -1175.184    1331.497       -1175.150    1331.553             220             220
  218        -994.832   -1669.644        -994.895   -1669.598             218             218
  100        -283.435    -548.142        -283.476    -548.153             100             100
   12        1146.661    1200.667        1146.690    1200.622              12              12
  237          17.236     608.383          17.267     608.397             237             237
  128        -395.277     134.688        -395.264     134.724             128             128
  170        -773.934    -438.634        -773.955    -438.584             170             170
  177         625.101   -1576.673         625.045   -1576.687             177             177
  126        -686.961    -758.135        -686.987    -758.132             126             126
   14          -0.529      -8.263          -0.544      -8.284              14              14
  214         948.673       5.493         948.676       5.441             214             214
   86        -760.486     853.458        -760.451     853.480              86              86
  221        -219.176    -217.703        -219.202    -217.694             221             221
  246         806.447      86.016         806.433      85.975             246             246
  114         900.956     951.309         900.992     951.274             114             114
  152        1138.363     928.552        1138.424     928.540             152             152
   34       -1285.957   -1337.977       -1286.001   -1337.907              34              34
  228        2050.261     497.890        2050.291     497.823             228             228
   19        -257.701   -1556.708        -257.722   -1556.689              19              19
   55         177.990    -690.961         178.000    -691.000              55              55
  231       -1924.666     892.328       -1924.622     892.386             231             231
  102        1421.428     745.379        1421.463     745.330             102             102
  127       -1083.047    -684.504       -1083.055    -684.447             127             127
   11         165.107     104.730         165.118     104.721              11              11
  253        -737.310    -640.506        -737.332    -640.486             253             253
   49        -411.199    1451.085        -411.151    1451.110              49              49
   41         588.063   -1007.376         588.007   -1007.381              41              41
   43         134.282    -205.714         134.272    -205.728              43              43
  203         765.338     777.256         765.387     777.239             203             203
  160         -15.291   -1763.544         -15.351   -1763.532             160             160
   84         341.103    -641.931         341.110    -641.979              84              84
  168       -2321.180    -400.022       -2321.204    -399.956             168             168
  122         424.113     868.078         424.105     868.016             122             122
  185        1100.180    1188.818        1100.215    1188.759             185             185
  180        1649.871     425.039        1649.913     424.980             180             180
  104         370.349    -501.684         370.371    -501.696             104             104
   57         138.809     477.459         138.880     477.458              57              57
   95        -256.534    -819.592        -256.534    -819.582              95              95
   25        -542.862     930.900        -542.779     930.930              25              25
  183        -898.572    -410.361        -898.584    -410.285             183             183
  109        -191.189   -1663.849        -191.284   -1663.860             109             109
  239        -363.614     234.302        -363.617     234.267             239             239
   13        1111.997     527.778        1112.032     527.682              13              13
   74        -494.081     600.926        -494.032     600.933              74              74
  230        1102.796     960.525        1102.875     960.467             230             230
  128        -626.252    -297.223        -626.230    -297.181             128             128
  226        -135.202     535.885        -135.152     535.896             226             226
    8        -443.518    -756.300        -443.553    -756.286               8               8
  101         140.028     619.421         140.063     619.386             101             101
  246        1013.619    -168.120        1013.639    -168.214             246             246
   64          -6.851    1582.489          -6.694    1582.471              64              64
   76        -535.425     235.178        -535.352     235.210              76              76
   93       -1157.776    1878.837       -1157.627    1878.931              93              93
  192        -671.951     567.118        -671.912     567.236             192             192
   88        -166.090   -1125.688        -166.152   -1125.635              88              88
   90        -925.728    -432.625        -925.758    -432.574              90              90
  241         395.141     275.409         395.160     275.371             241             241
  129        -404.000     128.643        -403.971     128.658             129             129
  133        -607.497     940.480        -607.437     940.530             133             133
  189        1007.723    -293.347        1007.739    -293.397             189             189
   33       -1878.045    -315.664       -1878.034    -315.564              33              33
  218        -304.204    1613.947        -304.116    1613.964             218             218
  101         725.144     149.029         725.186     149.012             101             101
  156       -1556.861     306.306       -1556.798     306.435             156             156
  148       -1336.565     -67.870       -1336.586     -67.772             148             148
   25        -867.869     924.940        -867.849     925.011              25              25
    4        -317.543     811.651        -317.534     811.724               4               4
  205        -554.078    -729.656        -554.189    -729.584             205             205
  120         664.099     214.713         664.072     214.653             120             120
   30        -670.423    1149.541        -670.395    1149.601              30              30
  132        2430.899    1353.101        2430.991    1352.995             132             132
  230        -492.391    -121.558        -492.341    -121.423             230             230
   14        -822.958    -667.935        -823.001    -667.813              14              14
  146        -630.464     245.904        -630.486     246.004             146             146
   49        1016.766    -392.822        1016.717    -392.829              49              49
  245        -705.592   -1111.854        -705.687   -1111.758             245             245
   19         856.353    -509.599         856.298    -509.652              19              19
   20         179.054    -764.752         179.013    -764.770              20              20
  253         -26.455     223.713         -26.418     223.721             253             253
  120        -783.305   -1185.968        -783.423   -1185.916             120             120
   11        1759.824     353.939        1759.859     353.764              11              11
   62         300.847     417.252         300.980     417.231              62              62
  197       -1815.307    -227.058       -1815.274    -226.900             197             197
  104        -535.000      -0.044        -535.000       0.000             104             104
  254       -1815.239     226.732       -1815.273     226.895             254             254
   29         301.119    -417.212         300.981    -417.232              29              29
  195        1759.897    -353.574        1759.860    -353.760             195             195
  239        -783.552    1185.859        -783.425    1185.915             239             239
  159         -26.376    -223.732         -26.417    -223.722             159             159
   73         178.967     764.788         179.012     764.769              73              73
  172         856.235     509.713         856.297     509.654             172             172
  193        -705.798    1111.648        -705.689    1111.757             193             193
   36        1016.663     392.838        1016.717     392.830              36              36
   18        -630.512    -246.125        -630.486    -246.007              18              18
   93        -823.054     667.668        -823.003     667.811              93              93
  184        -492.280     121.260        -492.341     121.424             184             184
   44        2431.109   -1352.857        2430.994   -1352.989              44              44
   98        -670.358   -1149.677        -670.393   -1149.603              98              98
  133         664.036    -214.577         664.070    -214.653             133             133
  164        -554.333     729.489        -554.190     729.583             164             164
  129        -317.517    -811.822        -317.532    -811.726             129             129
   10        -867.819    -925.106        -867.847    -925.012              10              10
  139       -1336.614      67.635       -1336.587      67.768             139             139
  143       -1556.711    -306.616       -1556.798    -306.437             143             143
  156         725.243    -148.986         725.185    -149.010             156             156
  189        -303.986   -1613.990        -304.112   -1613.965             189             189
  132       -1878.020     315.414       -1878.035     315.558             132             132
  176        1007.762     293.472        1007.739     293.398             176             176
  209        -607.344    -940.607        -607.434    -940.532             209             209
  130        -403.926    -128.683        -403.970    -128.659             130             130
   41         395.189    -275.310         395.160    -275.370              41              41
  220        -925.806     432.494        -925.759     432.574             220             220
  192        -166.253    1125.549        -166.156    1125.634             192             192
  239        -671.846    -567.426        -671.910    -567.237             239             239
   69       -1157.378   -1879.088       -1157.622   -1878.934              69              69
  190        -535.230    -235.262        -535.352    -235.210             190             190
   12          -6.417   -1582.439          -6.689   -1582.470              12              12
    8        1013.675     168.380        1013.640     168.216               8               8
  174         140.127    -619.323         140.064    -619.385             174             174
  172        -443.619     756.260        -443.554     756.286             172             172
   81        -135.057    -535.915        -135.150    -535.896              81              81
   91        -626.189     297.101        -626.229     297.180              91              91
  109        1103.029    -960.355        1102.879    -960.464             109             109
  117        -493.937    -600.948        -494.032    -600.934             117             117
  109        1112.102    -527.489        1112.033    -527.678             109             109
  203        -363.620    -234.201        -363.615    -234.268             203             203
   46        -191.482    1663.882        -191.289    1663.860              46              46
  153        -898.610     410.128        -898.584     410.285             153             153
   45        -542.603    -930.993        -542.777    -930.931              45              45
  179        -256.535     819.560        -256.535     819.581             179             179
   62         139.036    -477.456         138.881    -477.458              62              62
  175         370.420     501.720         370.371     501.696             175             175
  189        1650.010    -424.835        1649.914    -424.974             189             189
  202        1100.300   -1188.622        1100.218   -1188.757             202             202
   62         424.087    -867.870         424.106    -868.015              62              62
   90       -2321.261     399.792       -2321.204     399.952              90              90
  135         341.122     642.099         341.107     641.982             135             135
  195         -15.505    1763.503         -15.354    1763.532             195             195
   10         765.510    -777.195         765.387    -777.237              10              10
   88         134.246     205.766         134.271     205.728              88              88
   69         587.856    1007.402         588.004    1007.384              69              69
   52        -411.016   -1451.178        -411.147   -1451.111              52              52
   53        -737.398     640.431        -737.335     640.485              53              53
    6         165.149    -104.698         165.120    -104.721               6               6
   35       -1083.083     684.284       -1083.059     684.444              35              35
  122        1421.567    -745.188        1421.466    -745.328             122             122
  196       -1924.494    -892.561       -1924.621    -892.390             196             196
   48         178.029     691.117         178.000     691.000              48              48
  131        -257.796    1556.636        -257.725    1556.690             131             131
  115        2050.386    -497.599        2050.292    -497.818             115             115
  220       -1286.152    1337.675       -1286.005    1337.904             220             220
  212        1138.633    -928.495        1138.427    -928.538             212             212
  206         901.119    -951.155         900.995    -951.273             206             206
   73         806.389     -85.833         806.434     -85.974              73              73
   74        -219.297     217.663        -219.203     217.694              74              74
   60        -760.322    -853.558        -760.450    -853.481              60              60
   20         948.686      -5.245         948.676      -5.440              20              20
  120          -0.601       8.363          -0.545       8.284             120             120
  213        -687.092     758.114        -686.989     758.129             213             213
   66         624.819    1576.750         625.043    1576.690              66              66
   44        -774.043     438.376        -773.956     438.582              44              44
   20        -395.212    -134.874        -395.265    -134.725              20              20
  241          17.402    -608.457          17.269    -608.397             241             241
  233        1146.822   -1200.424        1146.692   -1200.621             233             233
  222        -283.662     548.199        -283.477     548.152             222             222
   48        -995.198    1669.389        -994.899    1669.598              48              48
   68       -1174.978   -1331.820       -1175.146   -1331.555              68              68
  101       -1445.561    -976.637       -1445.757    -976.471             101             101
  243        -822.490    -365.898        -822.671    -365.877             243             243
   79         205.409     306.781         205.355     306.653              79              79
  190        -757.482    1504.002        -757.355    1504.119             190             190
   56        -436.086    -497.537        -436.298    -497.404              56              56
  131         802.242   -1088.901         801.993   -1089.067             131             131
  243         -30.931     412.896         -30.895     412.795             243             243
   62       -1048.023     504.124       -1048.047     504.201              62              62
  167         631.560    1173.458         631.612    1173.364             167             167
  110        -116.680      63.692        -116.748      63.739             110             110
    3         646.513     103.812         646.479     103.709               3               3
  215        -116.605     328.636        -116.561     328.631             215             215
  241        -604.657     332.734        -604.648     332.790             241             241
  119         -94.650    1091.372         -94.536    1091.394             119             119
  180       -1111.466     158.230       -1111.517     158.423             180             180
  198        -638.878     445.470        -638.953     445.557             198             198
   69        -984.614    1239.277        -984.649    1239.464              69              69
  253         654.400     409.336         654.219     409.327             253             253
   17         974.145     199.896         974.025     199.807              17              17
  130         432.030     713.853         432.037     713.838             130             130
   18         175.689    1217.393         175.756    1217.497              18              18
  138         680.755     291.131         680.693     291.228             138             138
   88         156.447    -371.631         156.293    -371.470              88              88
   85         523.950    -930.943         523.696    -930.912              85              85
  182        1135.102     109.857        1135.087     109.793             182             182
  108        -731.158   -1248.637        -731.389   -1248.423             108             108
   70        -137.856    -744.641        -138.121    -744.582              70              70
  160        1253.557   -1634.397        1253.216   -1634.653             160             160
   75          29.082     299.389          29.127     299.266              75              75
  118        -889.669     581.320        -889.642     581.427             118             118
  228        -980.910     425.257        -981.034     425.448             228             228
  176         268.394    -512.208         268.080    -512.250             176             176
  106         505.880    1171.592         505.899    1171.546             106             106
   51       -1008.949     -66.423       -1009.205     -66.137              51              51
  111        1446.988    -658.330        1446.627    -658.475             111             111
  162          34.013    -761.528          33.704    -761.514             162             162
  183         239.041    -654.798         238.702    -654.882             183             183
   98        -390.580     -23.692        -390.899     -23.709              98              98
  225         627.799     694.840         627.512     694.707             225             225
   94        1453.675     610.818        1453.417     610.634              94              94
  209         227.224     294.230         226.881     294.315             209             209
  229         457.269   -1207.900         456.509   -1207.904             229             229
   54         666.467    -606.054         665.549    -606.203              54              54
  194         233.993    -118.860         232.329    -118.954             194             194
