SINAL     NFT                         FFT                         NFT INVERSA     FFT INVERSA
-----     -----------------------     -----------------------     -----------     -----------
  118       32529.000       0.000       32529.000       0.000             118             118
  195         666.818    1037.934         666.825    1037.934             195             195
   55        -232.700    -894.367        -232.694    -894.367              55              55
  170         705.881     717.563         705.889     717.562             170             170
   73         825.413     173.694         825.422     173.691              73              73
  145        -186.478    1338.919        -186.466    1338.920             145             145
  117        -598.873     -61.186        -598.866     -61.182             117             117
  162        -174.755     812.693        -174.745     812.697             162             162
   22        -151.035   -1036.214        -151.034   -1036.211              22              22
  250         -50.737    -453.349         -50.734    -453.351             250             250
  117         572.935     284.777         572.944     284.771             117             117
    5        -135.333    1302.161        -135.317    1302.162               5               5
  143         246.386     121.447         246.394     121.447             143             143
   40         561.800     738.303         561.815     738.299              40              40
  241         184.713    1398.706         184.737    1398.711             241             241
  121        -860.166     146.016        -860.154     146.034             121             121
  177         -26.152    -620.121         -26.150    -620.114             177             177
   85        -146.716    -259.025        -146.709    -259.020              85              85
  173        -561.390    -329.845        -561.387    -329.837             173             173
  180         584.149     455.156         584.163     455.150             180             180
  197        -188.051     223.794        -188.035     223.800             197             197
    4        -593.737     277.208        -593.721     277.221               4               4
   23       -1172.947     415.877       -1172.935     415.901              23              23
  193        -221.018     187.443        -221.011     187.462             193             193
  193        -514.992   -1687.898        -515.010   -1687.883             193             193
   94       -1739.971    -479.959       -1739.984    -479.938              94              94
   35         967.270     512.507         967.270     512.488              35              35
  190        -443.880     345.409        -443.878     345.419             190             190
   41        1409.269     192.209        1409.273     192.191              41              41
  174        -144.580      47.240        -144.570      47.251             174             174
   50        -375.153    -808.470        -375.169    -808.463              50              50
  159        1676.457     892.227        1676.482     892.196             159             159
  114        -564.271     -41.541        -564.254     -41.520             114             114
  105        -424.596      23.954        -424.594      23.969             105             105
   73        1477.441     128.767        1477.456     128.742              73              73
  188        -775.031    -224.594        -775.018    -224.573             188             188
  251         661.369     748.149         661.403     748.140             251             251
  191        -728.530     298.579        -728.499     298.614             191             191
   95       -1488.220    -495.620       -1488.229    -495.571              95              95
   17        1095.995     466.798        1096.015     466.787              17              17
  186       -1696.786   -1224.715       -1696.806   -1224.663             186             186
  212        -178.588     963.851        -178.569     963.862             212             212
   23        -325.271     106.729        -325.274     106.765              23              23
   73         643.614   -1049.317         643.588   -1049.313              73              73
  252        -393.238    -901.296        -393.256    -901.278             252             252
    9         592.983   -1078.860         592.966   -1078.885               9               9
  195        -972.362     167.574        -972.338     167.587             195             195
  174        -962.297     904.001        -962.269     904.034             174             174
   95       -1049.605    -802.770       -1049.648    -802.732              95              95
  113         556.839     418.273         556.835     418.251             113             113
   99        -134.638     715.436        -134.623     715.451              99              99
   36         506.730     357.354         506.739     357.361              36              36
  117        -632.661    -617.336        -632.693    -617.296             117             117
  122        1411.519    -151.803        1411.508    -151.844             122             122
  229         -67.052     358.795         -67.030     358.806             229             229
   55        1128.770     889.727        1128.822     889.714              55              55
  217        -782.896     615.940        -782.845     616.029             217             217
    9        -609.741   -2038.491        -609.808   -2038.421               9               9
  245         201.751    -535.632         201.744    -535.609             245             245
    2       -1006.072   -2567.865       -1006.154   -2567.821               2               2
  184        -771.330    -236.584        -771.338    -236.570             184             184
   39       -1754.060    -994.070       -1754.128    -994.014              39              39
  161         290.886     664.002         290.866     663.991             161             161
   42         190.680    -715.687         190.617    -715.675              42              42
  144         786.087   -1400.963         786.000   -1401.000             144             144
  235        1266.584      39.019        1266.585      38.959             235             235
  231        -269.672    -820.215        -269.705    -820.202             231             231
  140         679.752   -1036.101         679.702   -1036.144             140             140
  170         497.192   -1046.693         497.153   -1046.758             170             170
   70         150.143    1027.064         150.198    1027.024              70              70
  158         179.406     505.401         179.437     505.401             158             158
  100         191.799   -1263.896         191.754   -1263.913             100             100
   27        -312.235     228.557        -312.215     228.539              27              27
  181        -450.387     722.891        -450.359     722.902             181             181
  174        -283.697    -152.137        -283.727    -152.130             174             174
   24         137.219     668.221         137.218     668.210              24              24
  191         863.437     761.554         863.448     761.538             191             191
  114        1328.670    -950.280        1328.627    -950.325             114             114
  199         255.990    -484.667         255.982    -484.693             199             199
   30         470.830     131.399         470.844     131.353              30              30
  227        1044.576     666.920        1044.642     666.855             227             227
   42        -744.595    1133.889        -744.511    1133.951              42              42
   67         438.611    -153.295         438.613    -153.279              67              67
   88        -570.219     416.570        -570.193     416.652              88              88
  165         614.716   -2450.393         614.582   -2450.415             165             165
   40        -332.813     145.493        -332.811     145.467              40              40
  143         935.972    1244.512         936.030    1244.462             143             143
  126         928.791     -28.671         928.807     -28.694             126             126
   50        1020.005     482.374        1020.086     482.360              50              50
  132        -872.278    -589.362        -872.264    -589.252             132             132
  128        -366.511   -1998.856        -366.621   -1998.822             128             128
  234         682.353    -928.499         682.314    -928.584             234             234
  172         153.130     976.903         153.232     976.870             172             172
   34        -857.744     177.145        -857.707     177.220              34              34
   21        -293.709    -554.595        -293.749    -554.554              21              21
   60        1065.067    -917.124        1065.041    -917.189              60              60
   13       -1289.745    -559.578       -1289.746    -559.521              13              13
  253        -565.137    -329.982        -565.176    -329.982             253             253
  201        1132.943     603.556        1132.997     603.466             201             201
  183       -1216.572    -269.954       -1216.567    -269.884             183             183
   67          35.292     286.797          35.302     286.784              67              67
  103         157.568    -452.960         157.549    -452.994             103             103
   28          12.391    1338.902          12.511    1338.892              28              28
   95       -1454.761      23.709       -1454.757      23.823              95              95
   28        -376.779     713.480        -376.774     713.523              28              28
  202         701.515     803.005         701.553     803.017             202             202
  119        -412.625    -328.703        -412.648    -328.592             119             119
  220        -392.326   -1737.204        -392.477   -1737.148             220             220
   60         820.702    -270.005         820.667    -270.080              60              60
   62        -292.550     703.876        -292.505     703.924              62              62
  250         125.801    -880.032         125.715    -879.994             250             250
   32         230.827    -919.543         230.730    -919.545              32              32
  105        1455.221    -938.406        1455.158    -938.528             105             105
   61          11.681      57.792          11.719      57.771              61              61
  121         -96.801     746.389         -96.748     746.443             121             121
   14        1324.538   -2026.387        1324.408   -2026.444              14              14
  102         763.203   -1139.562         763.205   -1139.647             102             102
    8       -1121.256    -676.554       -1121.232    -676.506               8               8
  140       -1300.586    -733.122       -1300.648    -733.060             140             140
  152        1159.418   -1182.235        1159.342   -1182.390             152             152
  141       -1097.409    -449.288       -1097.399    -449.316             141             141
   13        -751.935    1554.284        -751.821    1554.278              13              13
  131        -523.680      85.680        -523.701      85.707             131             131
   57        -409.728     549.793        -409.748     549.818              57              57
   47        2327.224      62.356        2327.248      62.186              47              47
  153       -1068.341   -1108.151       -1068.353   -1108.089             153             153
  118       -1268.217     182.710       -1268.211     182.751             118             118
   60        -619.840     891.071        -619.847     891.104              60              60
  150        2359.000       0.179        2359.000       0.000             150             150
   63        -619.848    -891.139        -619.844    -891.105              63              63
  244       -1268.205    -182.797       -1268.211    -182.753             244             244
  218       -1068.369    1108.022       -1068.356    1108.088             218             218
  167        2327.271     -62.000        2327.247     -62.182             167             167
   16        -409.764    -549.844        -409.744    -549.818              16              16
   57        -523.724     -85.736        -523.700     -85.707              57              57
  195        -751.687   -1554.270        -751.816   -1554.278             195             195
  219       -1097.389     449.345       -1097.400     449.315             219             219
  177        1159.251    1182.575        1159.340    1182.394             177             177
  159       -1300.723     732.983       -1300.649     733.057             159             159
   24       -1121.203     676.446       -1121.233     676.504              24              24
  239         763.204    1139.752         763.202    1139.648             239             239
  154        1324.243    2026.518        1324.404    2026.448             154             154
   56         -96.679    -746.510         -96.745    -746.443              56              56
   89          11.767     -57.745          11.719     -57.771              89              89
  216        1455.075     938.686        1455.157     938.529             216             216
  177         230.600     919.547         230.728     919.545             177             177
  103         125.599     879.943         125.714     879.994             103             103
   62        -292.442    -703.988        -292.503    -703.924              62              62
  186         820.616     270.184         820.665     270.081             186             186
  244        -392.692    1737.069        -392.480    1737.147             244             244
  215        -412.680     328.435        -412.648     328.592             215             215
   72         701.608    -803.032         701.554    -803.015              72              72
    1        -376.766    -713.587        -376.773    -713.523               1               1
   90       -1454.750     -23.996       -1454.756     -23.826              90              90
  130          12.695   -1338.876          12.514   -1338.892             130             130
   49         157.517     453.049         157.547     452.995              49              49
  243          35.316    -286.766          35.302    -286.785             243             243
  249       -1216.558     269.770       -1216.567     269.881             249             249
  110        1133.085    -603.318        1132.999    -603.463             110             110
  137        -565.241     329.981        -565.177     329.980             137             137
   57       -1289.747     559.424       -1289.746     559.520              57              57
   98        1064.995     917.303        1065.040     917.191              98              98
   99        -293.817     554.481        -293.749     554.553              99              99
  224        -857.642    -177.353        -857.707    -177.221             224             224
  115         153.415    -976.811         153.233    -976.870             115             115
  157         682.242     928.743         682.313     928.586             157             157
  164        -366.830    1998.757        -366.625    1998.821             164             164
   79        -872.239     589.045        -872.265     589.251              79              79
   78        1020.243    -482.327        1020.087    -482.357              78              78
   68         928.840      28.738         928.808      28.695              68              68
  104         936.150   -1244.361         936.033   -1244.460             104             104
   62        -332.806    -145.415        -332.810    -145.468              62              62
  222         614.300    2450.462         614.577    2450.416             222             222
  161        -570.140    -416.827        -570.192    -416.655             161             161
  151         438.618     153.247         438.613     153.281             151             151
  182        -744.325   -1134.088        -744.507   -1133.953             182             182
   82        1044.787    -666.710        1044.642    -666.854              82              82
  255         470.877    -131.250         470.845    -131.352             255             255
  245         255.961     484.753         255.980     484.693             245             245
   13        1328.523     950.433        1328.625     950.328              13              13
  244         863.474    -761.497         863.448    -761.537             244             244
  204         137.218    -668.181         137.220    -668.209             204             204
   86        -283.800     152.109        -283.727     152.129              86              86
  246        -450.287    -722.931        -450.357    -722.903             246             246
   38        -312.164    -228.492        -312.215    -228.538              38              38
  217         191.630    1263.959         191.751    1263.914             217             217
   39         179.518    -505.402         179.437    -505.400              39              39
   26         150.349   -1026.914         150.199   -1027.023              26              26
  210         497.044    1046.937         497.151    1046.758             210             210
  149         679.556    1036.268         679.700    1036.147             149             149
  164        -269.800     820.162        -269.706     820.201             164             164
   11        1266.587     -38.778        1266.584     -38.955              11              11
  248         785.739    1401.110         786.000    1401.000             248             248
    8         190.418     715.634         190.615     715.674               8               8
  235         290.805    -663.954         290.867    -663.990             235             235
  108       -1754.351     993.828       -1754.131     994.011             108             108
  165        -771.368     236.518        -771.340     236.568             165             165
  144       -1006.442    2567.667       -1006.159    2567.818             144             144
  187         201.716     535.533         201.743     535.609             187             187
  243        -610.052    2038.172        -609.812    2038.419             243             243
  212        -782.663    -616.347        -782.845    -616.029             212             212
   35        1129.017    -889.667        1128.825    -889.714              35              35
   49         -66.947    -358.847         -67.030    -358.806              49              49
  179        1411.470     152.008        1411.509     151.847             179             179
  196        -632.819     617.134        -632.694     617.293             196             196
  201         506.774    -357.394         506.739    -357.362             201             201
  105        -134.560    -715.512        -134.622    -715.451             105             105
   23         556.819    -418.157         556.836    -418.250              23              23
  200       -1049.834     802.562       -1049.649     802.730             200             200
   94        -962.139    -904.193        -962.267    -904.037              94              94
   37        -972.233    -167.654        -972.338    -167.589              37              37
  189         592.882    1079.006         592.964    1078.886             189             189
   43        -393.347     901.186        -393.258     901.276              43              43
  123         643.453    1049.294         643.586    1049.314             123             123
  179        -325.287    -106.950        -325.273    -106.766             179             179
   82        -178.464    -963.922        -178.568    -963.863              82              82
   84       -1696.919    1224.377       -1696.808    1224.661              84              84
  219        1096.129    -466.719        1096.016    -466.785             219             219
  108       -1488.286     495.280       -1488.231     495.568             108             108
   39        -728.315    -298.824        -728.500    -298.616              39              39
  112         661.616    -748.087         661.405    -748.141             112             112
   16        -774.935     224.438        -775.018     224.571              16              16
   51        1477.553    -128.573        1477.456    -128.739              51              51
  105        -424.580     -24.074        -424.594     -23.971             105             105
   24        -564.139      41.376        -564.254      41.521              24              24
   31        1676.675    -891.953        1676.484    -892.192              31              31
  213        -375.298     808.402        -375.170     808.462             213             213
  189        -144.483     -47.342        -144.570     -47.251             189             189
  175        1409.312    -192.033        1409.274    -192.189             175             175
  145        -443.858    -345.516        -443.878    -345.421             145             145
  177         967.276    -512.313         967.271    -512.487             177             177
  131       -1740.108     479.731       -1739.984     479.934             131             131
  180        -515.200    1687.732        -515.013    1687.883             180             180
  227        -220.943    -187.650        -221.011    -187.463             227             227
   54       -1172.796    -416.176       -1172.934    -415.903              54              54
  121        -593.529    -277.373        -593.720    -277.223             121             121
  172        -187.834    -223.880        -188.034    -223.802             172             172
  160         584.341    -455.075         584.164    -455.149             160             160
  145        -561.349     329.738        -561.388     329.837             145             145
  117        -146.618     258.947        -146.710     259.020             117             117
  255         -26.132     619.999         -26.152     620.113             255             255
  182        -859.962    -146.344        -860.154    -146.036             182             182
   50         185.183   -1398.785         184.741   -1398.710              50              50
   42         562.111    -738.217         561.816    -738.299              42              42
   50         246.557    -121.438         246.394    -121.447              50              50
  230        -134.932   -1302.173        -135.314   -1302.162             230             230
  124         573.163    -284.586         572.944    -284.768             124             124
  135         -50.647     453.402         -50.735     453.350             135             135
  193        -151.000    1036.120        -151.035    1036.211             193             193
  233        -174.369    -812.813        -174.743    -812.697             233             233
  174        -598.547      61.022        -598.866      61.182             174             174
   50        -185.793   -1338.969        -186.462   -1338.920              50              50
  250         825.960    -173.510         825.422    -173.691             250             250
  226         706.572    -717.371         705.890    -717.559             226             226
  155        -231.976     894.353        -232.696     894.367             155             155
   18         668.738   -1037.808         666.828   -1037.932              18              18
