SINAL     NFT                         FFT                         NFT INVERSA     FFT INVERSA
-----     -----------------------     -----------------------     -----------     -----------
  241       32913.000       0.000       32913.000       0.000             241             241
  189        -589.126    -135.518        -589.119    -135.517             189             189
  188         556.127    -324.950         556.133    -324.950             188             188
   62          82.104      12.611          82.111      12.612              62              62
   82        -833.671     210.619        -833.664     210.624              82              82
   80         662.992   -1759.182         662.994   -1759.182              80              80
  176        -553.038    -754.340        -553.033    -754.340             176             176
  210         124.964    1382.473         124.975    1382.475             210             210
   53        -294.558    -998.194        -294.557    -998.188              53              53
  111        -117.446    -899.934        -117.445    -899.933             111             111
  240         207.713     197.496         207.721     197.496             240             240
  239        -512.001    -435.925        -511.998    -435.920             239             239
  238         477.551     469.838         477.561     469.837             238             238
   55        -827.423     -91.967        -827.416     -91.953              55              55
  116        -390.283   -2158.110        -390.296   -2158.107             116             116
  181        -773.839     350.911        -773.836     350.910             181             181
   31         904.491    1047.633         904.502    1047.623              31              31
  158         -39.962     420.957         -39.952     420.963             158             158
  209        -503.330     248.085        -503.328     248.096             209             209
   52        1100.057     157.405        1100.060     157.399              52              52
   75         -47.497    -347.787         -47.498    -347.783              75              75
  132         670.865    1036.607         670.881    1036.606             132             132
   17         481.582     204.183         481.591     204.193              17              17
  197         521.048    -332.761         521.054    -332.751             197             197
  214        -693.841    -954.582        -693.849    -954.557             214             214
  206          65.436   -1519.138          65.411   -1519.134             206             206
  190         369.601    -990.775         369.583    -990.790             190             190
  103         984.764    1020.561         984.783    1020.539             103             103
  115         426.111     697.363         426.134     697.366             115             115
  163        -682.999    -184.151        -683.004    -184.124             163             163
    0        2175.628    -306.449        2175.625    -306.477               0               0
  101         278.841     -88.362         278.860     -88.354             101             101
   96          52.241    -769.531          52.241    -769.520              96              96
  189         -21.441    -754.593         -21.443    -754.590             189             189
  164          13.746     287.128          13.765     287.133             164             164
  179         -14.619   -1120.086         -14.626   -1120.083             179             179
   14       -1419.911    -137.402       -1419.907    -137.381              14              14
   85        -258.424    2060.511        -258.382    2060.532              85              85
  133        -567.760   -1457.169        -567.807   -1457.133             133             133
   67         476.994     519.742         476.992     519.744              67              67
  196         385.403   -1103.752         385.365   -1103.745             196             196
  118         643.978    -810.708         643.950    -810.725             118             118
   50         488.180     515.511         488.188     515.502              50              50
  179         894.149    -316.516         894.138    -316.526             179             179
  174         528.651    -658.585         528.631    -658.595             174             174
  166        1512.125     683.970        1512.148     683.942             166             166
  104        1183.577    -996.570        1183.570    -996.583             104             104
  205         607.353    -361.456         607.372    -361.461             205             205
   69        -225.049   -1682.387        -225.076   -1682.387              69              69
   57         -48.797    1024.529         -48.752    1024.524              57              57
    2         384.916     345.783         384.942     345.799               2               2
  145        -156.839   -1889.532        -156.887   -1889.513             145             145
  190         218.566    -143.319         218.570    -143.332             190             190
   20        -122.263      82.360        -122.258      82.378              20              20
   87        1032.400   -1409.363        1032.356   -1409.384              87              87
  149         946.003   -1761.116         945.969   -1761.170             149             149
  226         -46.470     -11.876         -46.437     -11.910             226             226
   21          65.433     348.618          65.473     348.599              21              21
  252        -506.954    -607.638        -506.957    -607.640             252             252
   86        -183.722     926.325        -183.684     926.312              86              86
  184        1392.706    -120.163        1392.730    -120.227             184             184
  252        -689.868     777.093        -689.794     777.109             252             252
  188        -624.656     350.364        -624.616     350.385             188             188
   25        -897.758    1140.223        -897.698    1140.265              25              25
  186        -904.047    1184.916        -904.000    1185.000             186             186
   96        -230.261   -1795.238        -230.346   -1795.198              96              96
  204        -138.303    -675.334        -138.338    -675.352             204             204
  200        -493.586    1341.115        -493.544    1341.128             200             200
  181         737.408    -383.053         737.381    -383.086             181             181
   82         220.023    1437.522         220.098    1437.513              82              82
   12        -548.256    1523.858        -548.189    1523.936              12              12
  122         711.732    -554.680         711.711    -554.644             122             122
  200        -988.857   -1713.559        -988.939   -1713.496             200             200
   63         766.085    1058.162         766.125    1058.137              63              63
   45        -422.400    -208.857        -422.415    -208.790              45              45
  118         791.432    -986.533         791.378    -986.537             118             118
  230         552.162   -1051.700         552.130   -1051.719             230             230
  150        -110.284    -580.069        -110.284    -580.075             150             150
   68        -789.464     250.157        -789.442     250.194              68              68
   43        -588.288     -28.311        -588.311     -28.262              43              43
  208        1086.157   -1186.643        1086.100   -1186.705             208             208
   71       -1670.788    1445.027       -1670.717    1445.128              71              71
  188         280.081   -1485.210         279.966   -1485.197             188             188
  142        -686.308      36.831        -686.361      36.874             142             142
   91        2337.605   -1355.138        2337.505   -1355.269              91              91
   19        -256.884    -497.717        -256.906    -497.748              19              19
   35        1074.397    1453.058        1074.476    1452.986              35              35
   61        -668.170     147.467        -668.181     147.537              61              61
   41        2079.385    -351.643        2079.350    -351.727              41              41
   32         959.806   -1042.603         959.785   -1042.642              32              32
  147         299.477    -951.810         299.461    -951.837             147             147
  225         375.753   -1415.606         375.704   -1415.684             225             225
   29         520.241     764.523         520.333     764.425              29              29
   79        -142.235    1010.962        -142.113    1010.953              79              79
  250       -1211.303    -455.288       -1211.297    -455.240             250             250
  215        -891.425    1705.142        -891.330    1705.185             215             215
  176        -294.226     168.431        -294.241     168.480             176             176
  199          84.930    -433.984          84.880    -433.988             199             199
  159          93.516     246.016          93.512     245.989             159             159
  102         581.034     887.325         581.088     887.282             102             102
   25        -274.545    1074.149        -274.478    1074.201              25              25
  172         420.852    -174.178         420.837    -174.158             172             172
  225        -666.255    -275.868        -666.295    -275.792             225             225
  225         678.413   -1130.293         678.295   -1130.349             225             225
  235        1580.703     311.945        1580.731     311.794             235             235
   14          85.010    1273.219          85.133    1273.210              14              14
   88        -261.269      66.211        -261.260      66.245              88              88
  209         734.383     536.240         734.426     536.192             209             209
  164        -195.558    1342.580        -195.457    1342.638             164             164
  157         907.408    -449.687         907.390    -449.696             157             157
  252         248.285     259.545         248.351     259.568             252             252
  116       -1084.082    -531.017       -1084.109    -530.902             116             116
  228         270.563    -904.668         270.475    -904.697             228             228
  185         223.775     457.172         223.797     457.126             185             185
    3         820.814     841.746         820.884     841.689               3               3
   64         386.022     963.552         386.129     963.578              64              64
  205         -47.658   -1217.837         -47.714   -1217.807             205             205
   39          30.672     555.352          30.752     555.330              39              39
  125       -1101.864    1403.147       -1101.752    1403.274             125             125
  246         145.803    -399.761         145.751    -399.704             246             246
   71         -13.608    -521.465         -13.659    -521.442              71              71
   17         351.857     361.277         351.888     361.264              17              17
  216        -862.363     -48.158        -862.392     -48.070             216             216
  100         924.741     394.004         924.728     393.949             100             100
   97        1419.661     688.509        1419.745     688.449              97              97
  210          -9.565    -416.364          -9.531    -416.304             210             210
   60        -626.701    -560.219        -626.707    -560.154              60              60
   18        -681.094     718.146        -681.041     718.225              18              18
  154         395.000      -0.024         395.000       0.000             154             154
  219        -680.985    -718.307        -681.040    -718.226             219             219
  121        -626.716     560.083        -626.709     560.152             121             121
  179          -9.496     416.240          -9.531     416.303             179             179
  135        1419.837    -688.382        1419.746    -688.447             135             135
   90         924.715    -393.889         924.729    -393.948              90              90
  149        -862.423      47.971        -862.391      48.068             149             149
  115         351.925    -361.249         351.889    -361.264             115             115
  105         -13.718     521.417         -13.659     521.442             105             105
  237         145.689     399.638         145.750     399.704             237             237
   68       -1101.616   -1403.426       -1101.748   -1403.276              68              68
   13          30.848    -555.305          30.753    -555.331              13              13
  139         -47.784    1217.770         -47.716    1217.806             139             139
   64         386.262    -963.608         386.131    -963.577              64              64
  130         820.972    -841.616         820.886    -841.687             130             130
  112         223.824    -457.067         223.798    -457.125             112             112
  250         270.362     904.735         270.475     904.697             250             250
  134       -1084.145     530.747       -1084.110     530.900             134             134
  176         248.441    -259.597         248.352    -259.567             176             176
  199         907.364     449.708         907.389     449.697             199             199
  173        -195.316   -1342.718        -195.455   -1342.638             173             173
   45         734.489    -536.123         734.428    -536.191              45              45
  189        -261.246     -66.293        -261.259     -66.245             189             189
  244          85.314   -1273.196          85.136   -1273.210             244             244
   63        1580.773    -311.570        1580.732    -311.791              63              63
  149         678.113    1130.435         678.291    1130.350             149             149
   89        -666.357     275.677        -666.296     275.791              89              89
  161         420.812     174.126         420.835     174.158             161             161
  104        -274.372   -1074.284        -274.476   -1074.202             104             104
  149         581.174    -887.212         581.089    -887.281             149             149
  179          93.507    -245.946          93.513    -245.988             179             179
    2          84.798     433.993          84.879     433.988               2               2
  113        -294.266    -168.561        -294.241    -168.480             113             113
   44        -891.163   -1705.262        -891.327   -1705.187              44              44
  181       -1211.286     455.153       -1211.297     455.238             181             181
  249        -141.898   -1010.937        -142.112   -1010.953             249             249
  135         520.501    -764.246         520.335    -764.423             135             135
   75         375.611    1415.828         375.701    1415.685              75              75
  108         299.428     951.890         299.459     951.838             108             108
  240         959.742    1042.718         959.782    1042.644             240             240
   56        2079.280     351.891        2079.348     351.730              56              56
  176        -668.203    -147.678        -668.181    -147.540             176             176
  254        1074.637   -1452.841        1074.479   -1452.984             254             254
  196        -256.954     497.809        -256.908     497.746             196             196
  241        2337.295    1355.542        2337.503    1355.273             241             241
  128        -686.470     -36.967        -686.361     -36.877             128             128
   52         279.717    1485.169         279.962    1485.197              52              52
  235       -1670.559   -1445.350       -1670.714   -1445.132             235             235
    7        1085.972    1186.845        1086.098    1186.706               7               7
  228        -588.359      28.151        -588.309      28.261             228             228
  178        -789.390    -250.282        -789.441    -250.196             178             178
  180        -110.288     580.086        -110.285     580.074             180             180
   18         552.051    1051.765         552.128    1051.720              18              18
  112         791.244     986.548         791.376     986.538             112             112
  169        -422.453     208.622        -422.416     208.788             169             169
   81         766.228   -1058.074         766.127   -1058.136              81              81
    5        -989.153    1713.335        -988.942    1713.495               5               5
    3         711.654     554.549         711.709     554.644               3               3
  242        -548.004   -1524.143        -548.185   -1523.936             242             242
  110         220.305   -1437.488         220.101   -1437.513             110             110
  152         737.306     383.176         737.380     383.086             152             152
  166        -493.421   -1341.166        -493.541   -1341.128             166             166
  113        -138.438     675.405        -138.339     675.352             113             113
   10        -230.602    1795.080        -230.350    1795.198              10              10
  211        -903.860   -1185.251        -904.000   -1185.000             211             211
   38        -897.505   -1140.400        -897.696   -1140.267              38              38
    3        -624.485    -350.451        -624.614    -350.385               3               3
   90        -689.551    -777.164        -689.791    -777.111              90              90
  113        1392.803     120.441        1392.729     120.228             113             113
  112        -183.551    -926.274        -183.681    -926.313             112             112
   74        -506.968     607.648        -506.957     607.640              74              74
  170          65.617    -348.530          65.475    -348.598             170             170
   32         -46.324      12.031         -46.438      11.910              32              32
   73         945.836    1761.375         945.966    1761.172              73              73
  110        1032.186    1409.472        1032.354    1409.388             110             110
   18        -122.241     -82.450        -122.258     -82.379              18              18
  202         218.584     143.384         218.569     143.332             202             202
  162        -157.090    1889.435        -156.891    1889.513             162             162
  253         385.047    -345.866         384.943    -345.799             253             253
  209         -48.557   -1024.501         -48.749   -1024.524             209             209
  135        -225.196    1682.381        -225.078    1682.385             135             135
  176         607.462     361.487         607.373     361.462             176             176
  134        1183.535     996.657        1183.569     996.586             134             134
  153        1512.263    -683.798        1512.150    -683.938             153             153
   33         528.526     658.643         528.629     658.595              33              33
   47         894.080     316.579         894.137     316.527              47              47
  234         488.233    -515.453         488.190    -515.501             234             234
   38         643.800     810.821         643.948     810.727              38              38
   50         385.157    1103.708         385.363    1103.745              50              50
  221         476.986    -519.754         476.993    -519.745             221             221
  149        -568.085    1456.924        -567.811    1457.132             149             149
  203        -258.124   -2060.655        -258.378   -2060.532             203             203
  131       -1419.886     137.243       -1419.907     137.378             131             131
    6         -14.679    1120.060         -14.628    1120.083               6               6
  213          13.894    -287.170          13.766    -287.134             213             213
   86         -21.462     754.570         -21.445     754.590              86              86
   45          52.241     769.447          52.241     769.520              45              45
  217         278.995      88.301         278.860      88.355             217             217
  177        2175.608     306.714        2175.625     306.481             177             177
  159        -683.045     183.908        -683.004     184.123             159             159
   73         426.319    -697.387         426.135    -697.365              73              73
  252         984.966   -1020.344         984.786   -1020.537             252             252
   73         369.414     990.926         369.581     990.791              73              73
  106          65.165    1519.101          65.407    1519.134             106             106
   69        -693.937     954.306        -693.851     954.554              69              69
  184         521.102     332.651         521.053     332.751             184             184
  124         481.685    -204.292         481.591    -204.192             124             124
   15         671.069   -1036.586         670.884   -1036.604              15              15
   91         -47.511     347.723         -47.498     347.781              91              91
  122        1100.088    -157.320        1100.060    -157.397             122             122
  225        -503.300    -248.258        -503.327    -248.098             225             225
  226         -39.819    -421.040         -39.952    -420.962             226             226
   43         904.672   -1047.475         904.503   -1047.623              43              43
  103        -773.789    -350.914        -773.836    -350.912             103             103
  124        -390.575    2158.046        -390.301    2158.106             124             124
   76        -827.297      91.683        -827.416      91.951              76              76
  150         477.776    -469.818         477.561    -469.837             150             150
  103        -511.935     435.804        -511.999     435.919             103             103
  115         207.917    -197.483         207.722    -197.496             115             115
  201        -117.433     899.888        -117.448     899.932             201             201
   68        -294.515     997.993        -294.558     998.186              68              68
    8         125.431   -1382.524         124.978   -1382.475               8               8
  149        -552.862     754.290        -553.035     754.338             149             149
  200         663.032    1759.172         662.989    1759.184             200             200
   14        -833.216    -210.946        -833.663    -210.626              14              14
  107          82.733     -12.713          82.111     -12.612             107             107
   31         556.922     324.924         556.133     324.950              31              31
   60        -587.428     135.277        -589.119     135.516              60              60
