SINAL     NFT                         FFT                         NFT INVERSA     FFT INVERSA
-----     -----------------------     -----------------------     -----------     -----------
  157       65934.000       0.000       65934.000       0.000             157             157
  164         808.534   -1844.583         808.548   -1844.583             164             164
  156          83.231   -1116.453          83.244   -1116.452             156             156
   30        -536.569      59.893        -536.554      59.895              30              30
  120       -2123.798   -1537.387       -2123.787   -1537.380             120             120
   63         206.806   -1263.748         206.815   -1263.748              63              63
  253        -518.283      23.652        -518.270      23.655             253             253
   20        -583.736    -964.503        -583.727    -964.498              20              20
  135        -494.540   -2290.257        -494.541   -2290.256             135             135
  241         564.020     -89.820         564.030     -89.827             241             241
    7         263.438    -262.494         263.448    -262.497               7               7
  220        1725.072    -921.345        1725.083    -921.361             220             220
  196       -1861.835     853.767       -1861.813     853.775             196             196
  110         867.308     384.651         867.321     384.643             110             110
  194         969.505    1064.919         969.533    1064.913             194             194
  149       -1105.906     311.404       -1105.884     311.419             149             149
  224        -284.309    -425.213        -284.296    -425.205             224             224
  149       -1289.515    -491.334       -1289.504    -491.319             149             149
   54       -1532.358    1177.421       -1532.338    1177.449              54              54
  154        -756.120   -2414.356        -756.150   -2414.337             154             154
  163         771.841   -2389.879         771.813   -2389.902             163             163
  165         226.297    1065.895         226.316    1065.876             165             165
  165        1088.621    -362.547        1088.627    -362.571             165             165
  107        -313.391    -406.236        -313.382    -406.253             107             107
  191         -19.452    2718.110         -19.404    2718.097             191             191
  163        1038.573    1822.213        1038.611    1822.205             163             163
  113         642.154    1368.271         642.196    1368.284             113             113
  210         -14.215    -937.997         -14.207    -937.977             210             210
   43        -754.801    -724.783        -754.797    -724.768              43              43
   42         416.962     437.744         416.986     437.735              42              42
   94       -1156.446     -79.374       -1156.434     -79.354              94              94
  200         363.259     134.394         363.268     134.377             200             200
  206         541.245    2520.395         541.314    2520.388             206             206
  251        -340.812    1504.961        -340.760    1505.000             251             251
  231        -645.882     115.054        -645.867     115.110             231             231
   71         976.722   -1448.981         976.715   -1448.973              71              71
   59       -1903.464   -1321.340       -1903.466   -1321.290              59              59
  229       -1885.920       2.841       -1885.923       2.883             229             229
   91        -747.542     532.080        -747.550     532.109              91              91
  194         648.761    -561.486         648.730    -561.489             194             194
  214        1223.734     -62.165        1223.739     -62.192             214             214
   99       -1013.197     512.260       -1013.179     512.298              99              99
  158         835.005      15.431         835.001      15.433             158             158
  154         225.107   -1673.549         225.067   -1673.549             154             154
  209         340.103     758.308         340.132     758.295             209             209
   97        -473.384     115.481        -473.386     115.506              97              97
   48        1981.758      33.199        1981.766      33.154              48              48
  177        -220.795     905.913        -220.752     905.951             177             177
  247        2008.349   -2203.726        2008.314   -2203.770             247             247
  103       -1178.580    -219.690       -1178.545    -219.669             103             103
   76         234.268    1076.230         234.326    1076.222              76              76
  154        -354.157    1081.498        -354.089    1081.542             154             154
   13        -873.810    -231.866        -873.787    -231.785              13              13
  241       -2206.817   -1664.495       -2206.875   -1664.383             241             241
    6         652.442   -2456.562         652.345   -2456.594               6               6
  204        -264.991    -117.062        -264.986    -117.090             204             204
  148        -677.805     770.413        -677.778     770.417             148             148
  119         237.284    1263.958         237.331    1263.961             119             119
  158        -739.104      61.272        -739.095      61.332             158             158
  192       -1081.110    -737.498       -1081.151    -737.444             192             192
  161        -383.588     526.444        -383.600     526.468             161             161
  253           8.843     790.311           8.833     790.349             253             253
  137        1690.392    -980.301        1690.340    -980.324             137             137
  112        -429.550    -799.564        -429.583    -799.529             112             112
  249         108.165    -315.122         108.117    -315.114             249             249
  112        2795.000     467.130        2795.026     467.052             112             112
  184        -353.771   -2380.007        -353.835   -2379.975             184             184
   52         230.924     790.867         230.973     790.866              52              52
   86         625.706   -1598.784         625.674   -1598.790              86              86
   19       -2003.456    -119.776       -2003.445    -119.672              19              19
  247        -987.016   -2585.589        -987.176   -2585.557             247             247
   44         885.902     442.657         885.882     442.577              44              44
  118          73.981     321.331          73.965     321.330             118             118
  149        1351.986   -1241.100        1351.908   -1241.173             149             149
  199         434.531     692.573         434.559     692.539             199             199
   72         875.853    -409.825         875.833    -409.860              72              72
  247         -85.492    -975.443         -85.552    -975.468             247             247
  248        1634.118    2119.942        1634.214    2119.857             248             248
  250        1038.508    -325.103        1038.518    -325.116             250             250
  238         281.463     881.425         281.537     881.463             238             238
   95         -41.125   -1830.045         -41.209   -1829.990              95              95
   70         980.624   -1394.069         980.577   -1394.123              70              70
  137       -1468.770     181.536       -1468.766     181.624             137             137
  108        1503.563   -1894.111        1503.441   -1894.177             108             108
   55        -229.908   -2093.612        -230.032   -2093.655              55              55
  143        1358.156     631.949        1358.171     631.814             143             143
   56        1529.554       5.289        1529.572       5.193              56              56
  204         749.029   -1614.514         748.978   -1614.599             204             204
    6         827.807     -60.780         827.848     -60.912               6               6
  215         219.088     279.182         219.156     279.077             215             215
  141        -950.816    2170.368        -950.684    2170.360             141             141
  168        1661.299    2102.236        1661.432    2102.141             168             168
  213        -156.906    2175.699        -156.737    2175.787             213             213
   22          37.563   -2069.738          37.460   -2069.708              22              22
   25        -455.450    2793.727        -455.295    2793.787              25              25
  206        1094.607    -640.223        1094.545    -640.191             206             206
  135        1762.066   -1115.907        1762.023   -1115.965             135             135
  209         327.829   -1484.571         327.779   -1484.602             209             209
    3        1421.331     764.787        1421.435     764.685               3               3
  221         429.485    -189.288         429.567    -189.289             221             221
  229       -1468.178   -1176.519       -1468.211   -1176.439             229             229
  250        1070.497    1125.993        1070.599    1125.908             250             250
   10       -1088.077     755.027       -1088.005     755.158              10              10
   91        1620.598   -2029.925        1620.498   -2030.005              91              91
  143       -1367.840    -152.299       -1367.810    -152.244             143             143
  210         396.492     721.429         396.537     721.401             210             210
  164         328.106    -187.364         328.099    -187.364             164             164
  135        1247.309    -172.055        1247.335    -172.121             135             135
  202         -80.684    -685.211         -80.673    -685.202             202             202
  158         510.215      39.641         510.281      39.603             158             158
  118       -1008.906    -608.509       -1008.902    -608.448             118             118
   41        -201.352     650.541        -201.303     650.559              41              41
  229         587.176    -662.786         587.150    -662.807             229             229
    0          37.629    -556.430          37.638    -556.434              -0              -0
  149        -620.367   -1050.339        -620.410   -1050.330             149             149
   29       -1480.653    -411.078       -1480.730    -411.046              29              29
  143        1990.342     -73.258        1990.287     -73.530             143             143
  206        1865.222    4493.746        1865.633    4493.601             206             206
  233        -816.734     875.468        -816.586     875.701             233             233
  150         -32.125   -2680.126         -32.297   -2680.038             150             150
  166         242.237   -1152.534         242.194   -1152.591             166             166
  119        -663.644    -388.011        -663.640    -388.037             119             119
   63        -852.890    1843.169        -852.779    1843.221              63              63
  123        2147.109    -614.441        2147.077    -614.582             123             123
  141       -1263.694     150.065       -1263.638     150.167             141             141
   88        -506.094   -1004.107        -506.246   -1004.104              88              88
   74        3320.158     873.470        3320.232     873.141              74              74
   21         -48.650    1317.943         -48.467    1317.949              21              21
   41        1830.878     413.119        1831.000     413.000              41              41
   77         110.274     369.673         110.443     369.696              77              77
  243        -829.302     326.265        -829.189     326.378             243             243
   15         307.609    -395.788         307.637    -395.787              15              15
   71        -299.689     434.928        -299.593     434.984              71              71
  253        1004.136   -1206.758        1004.107   -1206.848             253             253
  106        1010.413     190.601        1010.601     190.443             106             106
  215       -1940.567    1935.605       -1940.239    1935.757             215             215
  207       -1066.801    1675.538       -1066.568    1675.728             207             207
   15       -1277.106    -635.196       -1277.101    -634.995              15              15
   94       -1134.779    1551.420       -1134.617    1551.633              94              94
  154         137.000   -1550.841         136.915   -1550.728             154             154
  174       -1602.908    -192.164       -1602.857    -191.934             174             174
  213       -1541.243   -1806.277       -1541.404   -1806.078             213             213
  195       -1013.334    -814.973       -1013.450    -814.867             195             195
  147         328.285   -1929.574         328.098   -1929.649             147             147
  213        -359.546     -96.904        -359.506     -96.974             213             213
   89       -1115.781    1708.162       -1115.563    1708.269              89              89
  176       -3288.985   -1286.848       -3289.191   -1286.503             176             176
  101        1389.636    -445.915        1389.481    -446.087             101             101
   39        -423.584    -365.424        -423.640    -365.455              39              39
  154         -32.217    1354.244         -32.115    1354.202             154             154
  251        -487.955    1403.294        -487.858    1403.425             251             251
  205         320.734   -2577.838         320.435   -2577.873             205             205
   17        1047.003    2327.271        1047.260    2327.131              17              17
   59       -1236.745     431.397       -1236.682     431.621              59              59
   73         158.073    -841.710         157.957    -841.640              73              73
  159         921.136   -1634.143         921.020   -1634.247             159             159
  147       -2011.741     570.524       -2011.677     570.708             147             147
  147        1115.907   -2114.746        1115.672   -2114.939             147             147
  180         -54.243    1534.653         -54.009    1534.516             180             180
  189       -1187.632    2620.774       -1187.288    2620.929             189             189
  224       -2978.835      61.968       -2978.887      62.392             224             224
  168        -489.720     485.673        -489.834     485.849             168             168
  204         164.234   -2268.300         163.858   -2268.263             204             204
   39        1086.746    -850.353        1086.598    -850.560              39              39
  165        -797.206    1105.981        -797.137    1105.987             165             165
   55          25.121    1708.344          25.194    1708.387              55              55
  254         968.820    -249.498         968.726    -249.517             254             254
  117        -465.506     772.318        -465.498     772.468             117             117
   71        1092.928   -1163.556        1092.711   -1163.566              71              71
   93         263.560   -1830.074         263.270   -1830.126              93              93
   15        3130.972    1085.487        3131.114    1085.134              15              15
  245        -908.675   -2011.810        -908.804   -2011.737             245             245
   50       -1041.339    1234.364       -1041.278    1234.418              50              50
  211        1651.017    -172.899        1650.907    -173.079             211             211
  136        1037.206     601.471        1037.257     601.384             136             136
    8        1555.299   -1571.785        1555.156   -1571.987               8               8
   44         860.130     463.015         860.276     462.794              44              44
   56          38.430    2977.915          38.861    2977.975              56              56
  110        -573.821   -2397.823        -574.079   -2397.700             110             110
   83        1050.545    1131.885        1050.702    1131.699              83              83
  210        -960.545     691.606        -960.461     691.726             210             210
  106         857.634     976.077         857.689     976.013             106             106
   33        1650.102    1308.479        1650.284    1308.399              33              33
  227         669.666      52.838         669.764      52.912             227             227
  165         445.792     316.788         445.922     316.914             165             165
  106         610.757   -1624.024         610.681   -1623.939             106             106
  131        -526.163   -2133.625        -526.312   -2133.564             131             131
   57        -329.682      85.651        -329.621      85.633              57              57
  254          43.081     568.438          43.190     568.464             254             254
   55         565.926    -440.801         565.960    -440.792              55              55
  246       -1258.057   -1178.616       -1258.148   -1178.453             246             246
  222          24.780     196.095          24.778     196.072             222             222
  223        1059.759     590.954        1059.883     590.886             223             223
  195        -925.172    -159.151        -925.156    -158.892             195             195
    5        1469.574   -1739.489        1469.399   -1739.555               5               5
  133        -300.735   -2775.453        -300.996   -2775.471             133             133
  251        1692.482     566.336        1692.721     566.060             251             251
    4       -1179.350   -2715.838       -1179.455   -2715.777               4               4
  251       -1878.462     321.394       -1878.296     321.446             251             251
   66       -1734.305     864.319       -1734.181     864.479              66              66
   97        -939.269    -662.777        -939.404    -662.699              97              97
   11         115.868     812.530         115.969     812.508              11              11
   55        -834.212   -2147.532        -834.453   -2147.492              55              55
  148       -1873.481     987.125       -1873.411     987.250             148             148
  222         -53.668    -556.347         -53.863    -556.400             222             222
  191         124.360    -747.044         124.194    -747.224             191             191
  157        -716.177    1787.397        -716.061    1787.393             157             157
   11        2943.240   -1358.379        2943.074   -1358.886              11              11
  248       -1308.870    1345.783       -1308.572    1345.741             248             248
   11          79.161    2961.626          79.600    2961.584              11              11
   95       -1083.756     681.381       -1083.637     681.611              95              95
  202        -939.405    1309.545        -939.295    1309.794             202             202
  117          81.850    -724.637          81.645    -724.514             117             117
  128        1562.340   -1683.259        1562.142   -1683.510             128             128
  174       -1781.752      -3.744       -1781.732      -3.656             174             174
   26         744.951    1388.745         745.095    1388.557              26              26
  235          52.572    -232.794          52.575    -232.898             235             235
   49        -159.632    2785.711        -159.178    2785.700              49              49
   83       -1678.734     854.904       -1678.628     855.267              83              83
  233        -356.177    -236.616        -356.315    -236.490             233             233
  105        -476.202     -92.702        -476.347     -92.654             105             105
   74        1423.958    1230.220        1424.073    1230.012              74              74
  199        -549.900     487.806        -549.846     487.916             199             199
   72         899.239    1371.374         899.419    1371.316              72              72
   14        -352.651    1214.477        -352.453    1214.748              14              14
  205         -53.585   -2663.456         -53.977   -2663.359             205             205
  206        -600.142     -43.133        -600.177     -43.185             206             206
    9        -404.619    2374.624        -404.365    2374.698               9               9
  209         876.004    -222.922         875.923    -222.924             209             209
  202        -705.723    -325.408        -705.812    -325.275             202             202
   76         156.338     272.625         156.273     272.586              76              76
   51         453.591     876.907         453.623     876.855              51              51
  213         973.133     674.420         973.182     674.333             213             213
  131         174.730    1354.759         174.868    1354.897             131             131
  200        2731.266   -1393.741        2731.107   -1394.011             200             200
  180         244.131    -876.598         244.211    -876.685             180             180
   67        -500.060    1357.588        -499.672    1357.642              67              67
  101       -1818.907     610.653       -1818.763     611.040             101             101
  191        -530.504    -866.925        -530.688    -866.797             191             191
   59       -1343.417     514.996       -1343.473     515.180              59              59
  112         777.930     541.481         777.844     541.359             112             112
   30         734.027    1939.124         734.251    1939.134              30              30
    6         505.246      35.212         505.182      35.384               6               6
  229        1987.762   -1447.294        1987.582   -1447.450             229             229
  159         -88.619   -2268.985         -88.832   -2269.083             159             159
  180        -535.663    1713.183        -535.306    1713.106             180             180
    0       -1853.135    1329.729       -1853.036    1330.054              -0              -0
  139        1834.499     513.767        1834.437     513.526             139             139
  229        1369.657    2358.305        1370.106    2358.279             229             229
   84         366.390   -1372.865         366.327   -1372.717              84              84
  116       -1251.410     840.231       -1251.199     840.566             116             116
   78        -566.059    -556.686        -566.219    -556.407              78              78
  159         796.383   -1519.189         796.082   -1519.297             159             159
   60        1139.380    1896.856        1139.796    1896.760              60              60
  151       -1436.236   -1641.790       -1436.415   -1641.402             151             151
  173       -1266.701    -547.002       -1266.942    -546.806             173             173
   10        2892.000       0.515        2892.000       0.000              10              10
  102       -1267.188     546.599       -1266.943     546.801             102             102
  183       -1436.604    1641.002       -1436.419    1641.398             183             183
  220        1140.229   -1896.656        1139.801   -1896.757             220             220
   48         795.764    1519.415         796.077    1519.301              48              48
    3        -566.387     556.115        -566.220     556.405               3               3
   16       -1250.975    -840.921       -1251.196    -840.569              16              16
    6         366.258    1372.561         366.324    1372.717               6               6
  135        1370.589   -2358.248        1370.109   -2358.277             135             135
  216        1834.375    -513.262        1834.440    -513.523             216             216
  186       -1852.924   -1330.412       -1853.032   -1330.058             186             186
  203        -534.913   -1713.026        -535.303   -1713.109             203             203
   61         -89.072    2269.192         -88.836    2269.084              61              61
  122        1987.379    1447.629        1987.578    1447.454             122             122
    6         505.113     -35.572         505.184     -35.381               6               6
  174         734.507   -1939.145         734.255   -1939.134             174             174
  153         777.749    -541.220         777.845    -541.359             153             153
   12       -1343.534    -515.398       -1343.471    -515.184              12              12
  148        -530.901     866.649        -530.689     866.797             148             148
   57       -1818.595    -611.496       -1818.762    -611.045              57              57
  193        -499.217   -1357.707        -499.671   -1357.643             193             193
  148         244.304     876.786         244.210     876.684             148             148
  196        2730.916    1394.338        2731.105    1394.016             196             196
  167         175.035   -1355.064         174.870   -1354.897             167             167
  232         973.245    -674.226         973.183    -674.331             232             232
   57         453.669    -876.792         453.627    -876.855              57              57
  246         156.193    -272.538         156.273    -272.586             246             246
  135        -705.922     325.107        -705.813     325.273             135             135
  117         875.821     222.931         875.923     222.927             117             117
  141        -404.037   -2374.793        -404.359   -2374.700             141             141
   53        -600.221      43.249        -600.177      43.184              53              53
  128         -54.481    2663.234         -53.983    2663.358             128             128
  244        -352.194   -1215.096        -352.451   -1214.748             244             244
  236         899.663   -1371.236         899.424   -1371.314             236             236
   92        -549.777    -488.064        -549.847    -487.918              92              92
   36        1424.228   -1229.731        1424.076   -1230.008              36              36
  240        -476.543      92.591        -476.349      92.654             240             240
  108        -356.499     236.321        -356.315     236.489             108             108
   43       -1678.483    -855.761       -1678.627    -855.271              43              43
  119        -158.551   -2785.686        -159.171   -2785.702             119             119
   69          52.577     233.041          52.573     232.898              69              69
  230         745.300   -1388.293         745.099   -1388.554             230             230
   67       -1781.704       3.525       -1781.732       3.650              67              67
  130        1561.857    1683.869        1562.137    1683.515             130             130
   96          81.355     724.340          81.645     724.514              96              96
   74        -939.134   -1310.152        -939.291   -1309.796              74              74
   48       -1083.465    -681.944       -1083.636    -681.612              48              48
  250          80.246   -2961.522          79.608   -2961.583             250             250
   87       -1308.134   -1345.683       -1308.570   -1345.743              87              87
  196        2942.822    1359.648        2943.070    1358.895             196             196
   51        -715.882   -1787.388        -716.057   -1787.393              51              51
   24         123.943     747.493         124.191     747.225              24              24
   89         -54.159     556.480         -53.865     556.401              89              89
  247       -1873.304    -987.446       -1873.409    -987.254             247             247
  191        -834.828    2147.428        -834.457    2147.490             191             191
   66         116.126    -812.470         115.970    -812.505              66              66
   48        -939.617     662.577        -939.406     662.697              48              48
  181       -1733.984    -864.734       -1734.180    -864.481             181             181
  202       -1878.030    -321.531       -1878.293    -321.449             202             202
  166       -1179.630    2715.678       -1179.462    2715.775             166             166
   67        1693.108    -565.612        1692.722    -566.056              67              67
  255        -301.426    2775.501        -301.002    2775.471             255             255
   38        1469.109    1739.665        1469.396    1739.560              38              38
   55        -925.131     158.459        -925.156     158.888              55              55
  236        1060.090    -590.772        1059.883    -590.886             236             236
  131          24.779    -196.036          24.780    -196.073             131             131
   92       -1258.306    1178.169       -1258.150    1178.450              92              92
  220         566.016     440.782         565.959     440.794             220             220
  240          43.373    -568.510          43.188    -568.465             240             240
  135        -329.511     -85.599        -329.619     -85.632             135             135
   84        -526.580    2133.453        -526.316    2133.562              84              84
   53         610.540    1623.793         610.677    1623.940              53              53
  109         446.153    -317.137         445.922    -316.913             109             109
  151         669.943     -53.042         669.765     -52.910             151             151
  184        1650.623   -1308.247        1650.289   -1308.395             184             184
  206         857.794    -975.896         857.692    -976.013             206             206
  226        -960.303    -691.951        -960.460    -691.728             226             226
  233        1051.001   -1131.349        1050.706   -1131.696             233             233
  200        -574.571    2397.468        -574.084    2397.699             200             200
   57          39.685   -2978.085          38.868   -2977.973              57              57
  174         860.555    -462.370         860.277    -462.793             174             174
  252        1554.872    1572.384        1555.152    1571.991             252             252
   81        1037.360    -601.210        1037.260    -601.381              81              81
    7        1650.687     173.438        1650.905     173.084               7               7
  243       -1041.158   -1234.528       -1041.278   -1234.420             243             243
   17        -909.068    2011.588        -908.808    2011.735              17              17
   73        3131.405   -1084.416        3131.117   -1085.128              73              73
   36         262.671    1830.231         263.263    1830.126              36              36
  198        1092.263    1163.586        1092.709    1163.566             198             198
   20        -465.478    -772.782        -465.495    -772.470              20              20
  202         968.529     249.563         968.726     249.521             202             202
   10          25.356   -1708.478          25.199   -1708.388              10              10
   19        -796.988   -1105.999        -797.135   -1105.986              19              19
  241        1086.276     851.009        1086.596     850.563             241             241
   65         163.041    2268.183         163.852    2268.263              65              65
    0        -490.081    -486.235        -489.833    -485.851              -0              -0
  116       -2979.001     -63.329       -2978.887     -62.396             116             116
  158       -1186.508   -2621.277       -1187.282   -2620.930             158             158
  221         -53.479   -1534.211         -54.006   -1534.517             221             221
  101        1115.128    2115.383        1115.666    2114.943             101             101
   38       -2011.531    -571.131       -2011.677    -570.710              38              38
   49         920.750    1634.494         921.017    1634.250              49              49
  155         157.681     841.475         157.953     841.639             155             155
  148       -1236.533    -432.155       -1236.682    -431.626             148             148
  201        1047.873   -2326.794        1047.263   -2327.130             201             201
   83         319.709    2577.961         320.429    2577.875              83              83
   98        -487.621   -1403.740        -487.856   -1403.426              98              98
  171         -31.862   -1354.104         -32.112   -1354.204             171             171
   60        -423.778     365.534        -423.639     365.456              60              60
   43        1389.096     446.517        1389.481     446.091              43              43
  228       -3289.710    1285.627       -3289.194    1286.495             228             228
  234       -1115.009   -1708.540       -1115.559   -1708.270             234             234
   39        -359.405      97.154        -359.506      96.974              39              39
   54         327.605    1929.845         328.092    1929.649              54              54
  242       -1013.752     814.588       -1013.451     814.865             242             242
   27       -1541.835    1805.548       -1541.409    1806.074              27              27
   71       -1602.721     191.320       -1602.858     191.932              71              71
   59         136.685    1550.422         136.914    1550.727              59              59
   63       -1134.171   -1552.218       -1134.612   -1551.638              63              63
   14       -1277.091     634.437       -1277.104     634.990              14              14
   80       -1065.923   -1676.253       -1066.566   -1675.730              80              80
    9       -1939.314   -1936.191       -1940.233   -1935.762               9               9
   24        1011.135    -189.994        1010.603    -190.439              24              24
  100        1004.021    1207.105        1004.105    1206.849             100             100
  251        -299.317    -435.146        -299.592    -434.982             251             251
   90         307.722     395.782         307.637     395.786              90              90
  100        -828.851    -326.714        -829.186    -326.381             100             100
  111         110.947    -369.765         110.446    -369.695             111             111
  248        1831.365    -412.643        1831.000    -413.000             248             248
   65         -47.897   -1317.965         -48.463   -1317.948              65              65
  213        3320.468    -872.110        3320.235    -873.134             213             213
   31        -506.725    1004.084        -506.248    1004.101              31              31
  115       -1263.465    -150.497       -1263.638    -150.170             115             115
  112        2146.974     615.045        2147.076     614.587             112             112
  179        -852.411   -1843.396        -852.775   -1843.224             179             179
   61        -663.625     388.113        -663.639     388.034              61              61
  195         242.043    1152.778         242.191    1152.592             195             195
   22         -32.884    2679.743         -32.303    2680.037              22              22
  233        -816.085    -876.476        -816.584    -875.700             233             233
    0        1867.048   -4493.100        1865.644   -4493.597              -0               0
   65        1990.101      74.472        1990.287      73.536              65              65
  206       -1481.001     410.923       -1480.732     411.042             206             206
  235        -620.560    1050.291        -620.411    1050.328             235             235
  105          37.661     556.452          37.636     556.435             105             105
    4         587.056     662.887         587.150     662.809               4               4
  221        -201.115    -650.626        -201.300    -650.560             221             221
  132       -1008.890     608.220       -1008.903     608.447             132             132
   76         510.525     -39.458         510.281     -39.602              76              76
   25         -80.637     685.169         -80.675     685.202              25              25
  196        1247.440     172.381        1247.338     172.124             196             196
   90         328.074     187.363         328.100     187.363              90              90
  105         396.710    -721.290         396.538    -721.400             105             105
  206       -1367.691     152.022       -1367.809     152.242             206             206
  114        1620.093    2030.338        1620.495    2030.010             114             114
  205       -1087.709    -755.691       -1088.002    -755.160             205             205
  201        1071.019   -1125.559        1070.601   -1125.905             201             201
  205       -1468.351    1176.104       -1468.214    1176.438             205             205
   49         429.909     189.295         429.567     189.289              49              49
   57        1421.879    -764.251        1421.437    -764.682              57              57
  198         327.561    1484.733         327.777    1484.603             198             198
  115        1761.836    1116.225        1762.023    1115.968             115             115
   14        1094.264     640.058        1094.543     640.194              14              14
  229        -454.580   -2794.050        -455.289   -2793.787             229             229
  230          36.977    2069.560          37.454    2069.705             230             230
  126        -155.950   -2176.191        -156.733   -2175.786             126             126
  152        1662.066   -2101.690        1661.438   -2102.137             152             152
   35        -950.047   -2170.323        -950.679   -2170.361              35              35
   66         219.480    -278.579         219.157    -279.077              66              66
  174         828.045      61.548         827.848      60.912             174             174
   12         748.708    1615.022         748.973    1614.600              12              12
   66        1529.668      -4.699        1529.574      -5.188              66              66
  240        1358.247    -631.129        1358.170    -631.811             240             240
  219        -230.670    2093.876        -230.035    2093.656             219             219
   45        1502.799    1894.527        1503.436    1894.180              45              45
   90       -1468.737    -182.097       -1468.764    -181.627              90              90
  223         980.312    1394.412         980.572    1394.125             223             223
   10         -41.664    1829.691         -41.211    1829.990              10              10
  223         281.952    -881.680         281.539    -881.465             223             223
   44        1038.574     325.210        1038.517     325.121              44              44
   35        1634.769   -2119.372        1634.219   -2119.855              35              35
  163         -85.905     975.618         -85.555     975.469             163             163
  134         875.709     410.074         875.831     409.862             134             134
  141         434.733    -692.338         434.562    -692.538             141             141
  113        1351.429    1241.620        1351.903    1241.176             113             113
  249          73.871    -321.326          73.967    -321.330             249             249
   90         885.756    -442.079         885.882    -442.575              90              90
   59        -988.203    2585.357        -987.182    2585.557              59              59
  198       -2003.376     118.991       -2003.447     119.667             198             198
  140         625.451    1598.832         625.670    1598.792             140             140
  116         231.307    -790.859         230.975    -790.867             116             116
  140        -354.280    2379.751        -353.840    2379.974             140             140
  255        2795.203    -466.499        2795.026    -467.045             255             255
  130         107.782     315.060         108.117     315.114             130             130
  114        -429.837     799.267        -429.587     799.527             114             114
  229        1689.944     980.514        1690.336     980.328             229             229
    0           8.763    -790.637           8.833    -790.350               0               0
   10        -383.692    -526.649        -383.600    -526.469              10              10
    9       -1081.486     737.010       -1081.155     737.441               9               9
   67        -739.023     -61.802        -739.095     -61.333              67              67
  185         237.724   -1263.993         237.334   -1263.961             185             185
   22        -677.557    -770.463        -677.777    -770.418              22              22
  133        -264.952     117.316        -264.987     117.088             133             133
  170         651.488    2456.874         652.339    2456.595             170             170
  241       -2207.412    1663.388       -2206.881    1664.378             241             241
  179        -873.583     231.061        -873.788     231.784             179             179
    5        -353.454   -1081.949        -354.086   -1081.543               5               5
  209         234.883   -1076.151         234.331   -1076.223             209             209
  190       -1178.228     219.462       -1178.548     219.665             190             190
  228        2007.960    2204.200        2008.311    2203.772             228             228
  253        -220.303    -906.329        -220.749    -905.952             253             253
  226        1981.835     -32.669        1981.765     -33.149             226             226
  136        -473.404    -115.779        -473.386    -115.509             136             136
  131         340.444    -758.152         340.132    -758.294             131             131
  111         224.619    1673.558         225.064    1673.549             111             111
  250         834.960     -15.455         835.001     -15.432             250             250
  125       -1012.974    -512.758       -1013.178    -512.303             125             125
  202        1223.799      62.513        1223.739      62.194             202             202
   53         648.344     561.541         648.729     561.491              53              53
   67        -747.648    -532.470        -747.549    -532.110              67              67
   86       -1885.953      -3.446       -1885.922      -2.888              86              86
  169       -1903.508    1320.619       -1903.469    1321.288             169             169
  208         976.602    1448.868         976.712    1448.974             208             208
   85        -645.652    -115.909        -645.866    -115.112              85              85
   44        -339.975   -1505.580        -340.755   -1505.002              44              44
   66         542.367   -2520.268         541.318   -2520.387              66              66
   59         363.401    -134.108         363.267    -134.376              59              59
   45       -1156.256      78.990       -1156.435      79.351              45              45
   77         417.400    -437.590         416.989    -437.735              77              77
   68        -754.745     724.494        -754.799     724.767              68              68
  112         -14.084     937.620         -14.209     937.977             112             112
    7         643.011   -1368.494         642.199   -1368.281               7               7
   90        1039.396   -1822.036        1038.616   -1822.203              90              90
  246         -18.401   -2717.821         -19.400   -2718.097             246             246
  177        -313.222     406.591        -313.383     406.251             177             177
   76        1088.759     363.108        1088.626     362.572              76              76
  169         226.786   -1065.432         226.319   -1065.875             169             169
  183         771.060    2390.485         771.808    2389.904             183             183
   29        -756.971    2413.815        -756.156    2414.334              29              29
  104       -1531.764   -1178.227       -1532.334   -1177.451             104             104
  155       -1289.200     490.846       -1289.505     491.316             155             155
   27        -283.902     424.919        -284.297     425.202              27              27
   74       -1105.111    -312.011       -1105.881    -311.424              74              74
   36         970.576   -1064.666         969.535   -1064.910              36              36
  158         867.843    -384.294         867.322    -384.641             158             158
  185       -1860.882    -854.170       -1861.813    -853.779             185             185
   30        1725.554     922.144        1725.082     921.365              30              30
   28         263.913     262.679         263.448     262.499              28              28
  131         564.558      90.245         564.029      89.827             131             131
   84        -494.669    2290.163        -494.544    2290.255              84              84
   96        -583.185     964.078        -583.731     964.497              96              96
  218        -517.158     -23.932        -518.270     -23.655             218             218
  254         207.616    1263.761         206.812    1263.747             254             254
   48       -2122.582    1536.376       -2123.791    1537.375              48              48
   47        -533.936     -60.371        -536.553     -59.899              47              47
   42          86.614    1116.255          83.243    1116.453              42              42
  115         815.025    1844.303         808.542    1844.585             115             115
