SINAL     NFT                         FFT                         NFT INVERSA     FFT INVERSA
-----     -----------------------     -----------------------     -----------     -----------
  143       65543.000       0.000       65543.000       0.000             143             143
  148       -1425.234   -2222.689       -1425.221   -2222.688             148             148
  108        -477.840    -508.537        -477.829    -508.537             108             108
   60        2100.679    -256.001        2100.690    -256.005              60              60
  241        1463.881     274.672        1463.895     274.669             241             241
   91         818.909    -566.237         818.922    -566.239              91              91
   30         837.417     603.593         837.435     603.591              30              30
  114         717.913    -740.134         717.926    -740.137             114             114
  255        2180.129    1199.043        2180.158    1199.035             255             255
  180       -1861.579   -1365.540       -1861.561   -1365.528             180             180
  136        -413.331     425.172        -413.304     425.173             136             136
  234       -4859.656     -68.184       -4859.641     -68.152             234             234
   70        -795.869     -99.094        -795.868     -99.090              70              70
   27         119.389    1242.402         119.403    1242.405              27              27
  199        1647.750    -806.026        1647.758    -806.034             199             199
  115        -609.553    -268.541        -609.532    -268.535             115             115
  217       -1908.650     210.668       -1908.633     210.687             217             217
   24       -1266.301     935.757       -1266.289     935.776              24              24
  218         486.686    -632.536         486.681    -632.532             218             218
  246         672.683    -447.409         672.690    -447.411             246             246
  152       -1353.068   -1691.896       -1353.084   -1691.883             152             152
  112        1563.341     871.975        1563.356     871.949             112             112
  241        1125.219    -343.073        1125.232    -343.092             241             241
  234        -291.838    1169.365        -291.803    1169.368             234             234
    9         682.118    1017.549         682.152    1017.556               9               9
   16        -751.375   -2890.009        -751.400   -2889.996              16              16
  239        -253.606     927.322        -253.580     927.310             239             239
  167         733.258     974.985         733.289     974.973             167             167
  195        -378.132     331.337        -378.110     331.346             195             195
  212        1353.597    1080.647        1353.639    1080.631             212             212
  149        -245.751       9.960        -245.712       9.977             149             149
   82       -1535.455     704.761       -1535.411     704.808              82              82
  104       -1341.801   -2111.159       -1341.829   -2111.130             104             104
    1       -1176.629    1722.259       -1176.589    1722.279               1               1
  143         471.609     735.656         471.637     735.670             143             143
   89       -1602.974   -1253.284       -1602.988   -1253.232              89              89
   93        -632.381     -96.707        -632.380     -96.688              93              93
  174       -1702.228    -529.161       -1702.253    -529.116             174             174
  204        1035.708    -363.014        1035.685    -363.042             204             204
   93        -769.124     458.942        -769.123     458.960              93              93
   98        1859.158     610.277        1859.164     610.245              98              98
   84        1564.537    -883.072        1564.540    -883.097              84              84
   72         165.113    -979.732         165.130    -979.741              72              72
  169       -1268.858    -311.211       -1268.838    -311.194             169             169
  111        -365.627     367.315        -365.602     367.306             111             111
   15        -857.174     472.325        -857.149     472.326              15              15
   28        -799.081    2248.938        -799.021    2248.956              28              28
   72         890.672    1650.765         890.729    1650.770              72              72
   39        -941.559    -182.840        -941.546    -182.780              39              39
  246       -1423.981     163.042       -1423.987     163.095             246             246
   63         501.125    2191.613         501.173    2191.628              63              63
  192         288.577     367.879         288.579     367.936             192             192
  102         513.524   -1637.193         513.458   -1637.167             102             102
   49        2061.862    -658.061        2061.861    -658.118              49              49
  170        -947.065    -387.890        -947.054    -387.861             170             170
  112         769.626    1239.602         769.673    1239.581             112             112
   66        1469.637    1590.057        1469.731    1590.056              66              66
  154        -719.151    -479.371        -719.125    -479.276             154             154
   23         367.940    -690.968         367.955    -690.922              23              23
    5       -1052.853   -2017.941       -1052.884   -2017.871               5               5
  110       -1819.437     -13.296       -1819.431     -13.201             110             110
  173         130.558   -2318.641         130.462   -2318.632             173             173
   88         349.368    -894.149         349.356    -894.193              88              88
  215       -1355.137    1177.715       -1355.070    1177.761             215             215
  175       -1104.341     656.474       -1104.329     656.563             175             175
  232         551.191   -1461.993         551.119   -1461.978             232             232
   49        -104.156   -1281.418        -104.197   -1281.419              49              49
   12        -876.783     465.570        -876.761     465.602              12              12
  150        -631.459     309.379        -631.466     309.434             150             150
  253         116.619   -1025.865         116.545   -1025.847             253             253
  106         971.238    -711.952         971.197    -712.005             106             106
  248         111.435    1429.959         111.505    1429.970             248             248
   81         734.772     218.174         734.791     218.211              81              81
  178         385.848   -2470.551         385.758   -2470.534             178             178
  162         284.829     571.149         284.889     571.161             162             162
  192         162.937   -2422.673         162.870   -2422.658             192             192
  193       -1406.371      32.198       -1406.336      32.275             193             193
  191          84.231   -2488.993          84.131   -2488.999             191             191
    9       -1319.289   -1030.028       -1319.311   -1030.018               9               9
  233       -2555.818     509.774       -2555.834     509.859             233             233
  181        1465.770     318.623        1465.736     318.536             181             181
   72         661.172     249.851         661.206     249.821              72              72
  169        -910.022     763.834        -909.961     763.928             169             169
   28        -940.632   -2687.219        -940.794   -2687.150              28              28
  122        1189.191    -713.554        1189.159    -713.673             122             122
   84       -1433.812     936.186       -1433.737     936.240              84              84
  141       -1012.924    -257.415       -1012.961    -257.354             141             141
  188         -52.665    -779.834         -52.732    -779.855             188             188
  238        -356.171    1065.421        -356.122    1065.424             238             238
  165       -1008.564     290.290       -1008.576     290.368             165             165
  193          -5.312     154.506          -5.334     154.539             193             193
   92       -1573.787    -303.600       -1573.861    -303.457              92              92
   82         -24.826   -2503.841         -25.077   -2503.848              82              82
   26        1409.541     -20.560        1409.463     -20.708              26              26
   52         968.472    1243.774         968.503    1243.701              52              52
    1        1736.121     436.325        1736.143     436.267               1               1
    2         139.541   -1263.187         139.475   -1263.156               2               2
  101         592.360   -1804.963         592.251   -1805.024             101             101
   14        -518.107    -468.929        -518.156    -468.958              14              14
  152        1152.070    -190.768        1152.031    -190.897             152             152
   98         790.811    -652.929         790.777    -653.066              98              98
  120        -127.174    1741.836        -127.071    1741.769             120             120
  145        1975.135    1137.852        1975.232    1137.699             145             145
  179       -1037.877    1545.643       -1037.742    1545.725             179             179
   43         324.028     499.320         324.040     499.343              43              43
   52         937.189    -593.516         937.151    -593.570              52              52
  116         549.315      64.700         549.344      64.611             116             116
  237        1017.135    2925.343        1017.404    2925.281             237             237
  243       -2231.339    1083.299       -2231.236    1083.551             243             243
  125          42.441     341.467          42.417     341.574             125             125
  214         156.087    -876.049         155.981    -875.978             214             214
  169        1801.890    -506.200        1801.870    -506.285             169             169
  198       -1341.377     214.387       -1341.348     214.550             198             198
  128         579.378   -2361.289         579.171   -2361.315             128             128
  197         222.630      49.023         222.601      48.948             197             197
   64        2325.191    1941.466        2325.364    1941.324              64              64
  212        -493.777   -1088.373        -493.778   -1088.285             212             212
   83       -1137.424    1585.978       -1137.296    1586.138              83              83
  252        -190.078   -2126.921        -190.281   -2126.825             252             252
  194         761.141    -535.020         761.068    -535.069             194             194
  248        1149.515      53.926        1149.542      53.889             248             248
  190        -564.875   -2680.770        -565.060   -2680.720             190             190
   31         890.415    -810.441         890.378    -810.604              31              31
   74       -1168.492    1373.872       -1168.368    1373.928              74              74
  216         313.347    -377.632         313.307    -377.634             216             216
   83       -1095.530    -849.701       -1095.633    -849.633              83              83
   75         519.278    -138.146         519.205    -138.235              75              75
  219        -151.893     -11.847        -151.967     -11.890             219             219
  185        2335.934    1045.227        2336.000    1045.000             185             185
   89        -279.430     400.652        -279.375     400.672              89              89
  116         954.987     750.134         955.064     750.056             116             116
   27        -916.355     636.485        -916.304     636.576              27              27
  210        -213.168    1428.476        -213.123    1428.551             210             210
    6         554.128     356.477         554.045     356.528               6               6
  207        2533.156     103.474        2533.108     103.358             207             207
  253        1122.500    -596.256        1122.449    -596.259             253             253
   58        1797.173    -890.143        1797.104    -890.244              58              58
   67        1374.226    -199.798        1374.241    -199.861              67              67
  234        2778.078   -1929.536        2778.032   -1929.776             234             234
   45       -2070.596     330.473       -2070.501     330.625              45              45
  193        2547.120     986.283        2547.203     986.120             193             193
  193        2080.092   -1942.080        2080.051   -1942.214             193             193
  214        -495.394    -409.426        -495.318    -409.393             214             214
  136        2096.550   -1058.030        2096.567   -1058.269             136             136
   65        1066.413    1981.722        1066.829    1981.651              65              65
  156       -1112.929   -1833.479       -1112.869   -1833.306             156             156
  200       -2471.472    -839.221       -2471.442    -839.024             200             200
   22       -1043.191     363.551       -1043.154     363.624              22              22
  239         398.110      52.416         398.147      52.391             239             239
  197        -440.140     201.022        -440.043     201.114             197             197
  216       -1242.474   -1691.486       -1242.602   -1691.365             216             216
  232        -458.999     869.646        -458.919     869.686             232             232
  132        -720.858   -1216.766        -721.021   -1216.676             132             132
  248        1743.467    -479.652        1743.434    -479.861             248             248
   50        -305.620       6.538        -305.524       6.538              50              50
   93       -1067.970    -325.770       -1067.978    -325.696              93              93
   76         464.917     717.260         464.994     717.214              76              76
  126        -116.008   -1384.487        -116.122   -1384.511             126             126
   56         911.671    1091.085         911.850    1090.909              56              56
    5        -697.663    2411.731        -697.325    2411.886               5               5
  216        -644.672   -1570.227        -644.794   -1570.053             216             216
  173        -189.717     448.223        -189.637     448.300             173             173
   33        -673.669   -1528.048        -673.816   -1527.931              33              33
  171         254.175    -286.601         254.149    -286.625             171             171
  179         784.034   -1632.077         783.940   -1632.216             179             179
  240        -892.877    1370.454        -892.637    1370.514             240             240
  168        -415.688   -1069.097        -415.746   -1069.054             168             168
  237         -85.497     780.723         -85.312     780.718             237             237
   51       -2285.092     -92.015       -2285.053     -91.717              51              51
  147       -1006.246    -841.845       -1006.392    -841.704             147             147
   27         196.081   -1403.265         195.909   -1403.336              27              27
  245        -848.458    -668.367        -848.531    -668.421             245             245
   85         402.391    1816.031         402.639    1815.889              85              85
  242       -2428.767    1115.417       -2428.627    1115.717             242             242
  125       -1103.402     261.831       -1103.478     262.014             125             125
  150        -395.214      22.052        -395.331      22.151             150             150
  142         296.913   -1140.810         296.694   -1140.874             142             142
   70         -40.435    1655.704         -40.303    1655.679              70              70
  172         -37.056    1493.409         -36.938    1493.549             172             172
  126        -583.305    -659.948        -583.481    -659.687             126             126
   12         779.831   -2410.384         779.416   -2410.408              12              12
  133        2357.361    -920.822        2357.245    -921.139             133             133
  102         859.536   -1000.058         859.543   -1000.226             102             102
  144        -314.297    -732.859        -314.243    -732.950             144             144
  126       -1880.318     513.345       -1880.213     513.415             126             126
  153       -1240.187    2408.371       -1239.991    2408.494             153             153
  237           8.788    1092.753           8.784    1092.894             237             237
  202        1313.827   -1548.319        1313.589   -1548.401             202             202
   24        -436.344     474.867        -436.317     474.931              24              24
   38         715.981     -44.683         715.902     -44.698              38              38
  208        2079.336   -1361.785        2079.232   -1362.032             208             208
  241       -1199.274     135.834       -1199.178     135.948             241             241
  211         294.471   -1161.306         294.329   -1161.437             211             211
  241        -841.943    2548.675        -841.674    2548.757             241             241
  156        2249.919    -208.850        2249.903    -209.029             156             156
  134        -185.491    -233.648        -185.396    -233.572             134             134
  225        -546.241    -376.277        -546.229    -376.194             225             225
   69         -73.515     925.448         -73.357     925.518              69              69
  116        -475.591    -854.693        -475.671    -854.543             116             116
   21        -201.855    -706.639        -201.936    -706.601              21              21
  217        -161.168     262.067        -161.139     262.109             217             217
  144        1473.259      43.905        1473.378      43.813             144             144
   10       -1921.134   -2036.152       -1921.257   -2035.868              10              10
   46       -1482.316    -547.937       -1482.389    -547.818              46              46
  130        -830.064     511.283        -830.036     511.396             130             130
  136       -1064.986   -2045.255       -1065.326   -2045.171             136             136
  197        -554.610    1130.696        -554.566    1130.678             197             197
   16         252.639     151.870         252.598     151.865              16              16
  206        -999.306    -754.120        -999.481    -753.982             206             206
  114         374.999    -471.164         374.847    -471.277             114             114
  143         105.118     493.832         105.176     493.769             143             143
  218       -1374.849     791.883       -1374.796     792.129             218             218
  248        -220.783    -908.580        -221.019    -908.458             248             248
  246       -1080.726   -1906.072       -1081.143   -1905.970             246             246
  106         454.824      52.007         454.653      51.844             106             106
  118        -199.927   -1037.848        -200.236   -1037.931             118             118
  143         -57.492     259.959         -57.710     259.822             143             143
   88        2642.239    -313.202        2642.014    -313.744              88              88
   65        1926.946    2130.308        1927.262    2129.938              65              65
  168         438.929     184.573         439.010     184.496             168             168
  126         -21.307    1685.403         -21.082    1685.436             126             126
   17        1041.963     104.513        1041.972     104.482              17              17
  153        -176.766   -1118.497        -176.917   -1118.458             153             153
   81        -470.266     380.296        -470.312     380.319              81              81
    2        1139.238     286.126        1139.151     285.977               2               2
   54        1483.955    -717.233        1483.811    -717.467              54              54
  216         677.318    -301.318         677.253    -301.531             216             216
  228        2024.436    1267.745        2024.661    1267.366             228             228
  123         977.439    1073.382         977.757    1073.274             123             123
   76       -1019.344     442.262       -1019.219     442.525              76              76
  249         928.913   -1554.181         928.651   -1554.310             249             249
   85        1650.240     172.173        1650.370     171.815              85              85
  220        -508.781    1183.336        -508.492    1183.393             220             220
    4         888.939    -333.057         888.959    -333.184               4               4
  131        1184.178     364.716        1184.472     364.505             131             131
   94       -3325.997    -202.175       -3325.941    -201.740              94              94
  140         783.995    1111.866         784.090    1111.660             140             140
   73        -446.653    1648.834        -446.422    1648.922              73              73
  111        1332.897    1803.793        1333.214    1803.794             111             111
   90        -991.956   -1889.417        -992.192   -1889.114              90              90
  187         929.746    -301.814         929.750    -302.005             187             187
  254       -1082.066     517.024       -1081.922     517.149             254             254
   53          14.628    1149.022          14.812    1149.057              53              53
  180        -390.946     872.977        -390.783     873.207             180             180
  244       -1394.148   -1626.896       -1394.515   -1626.573             244             244
  160        2236.668    -650.511        2236.524    -650.936             160             160
   42          72.892     374.299          73.128     374.187              42              42
  132       -2517.550    1313.723       -2517.338    1314.120             132             132
  248         141.189      90.870         141.053      90.883             248             248
  107         912.629     405.012         912.704     404.847             107             107
   45       -2806.132    1465.074       -2806.030    1465.555              45              45
  118        1523.177    2044.715        1523.232    2044.703             118             118
  124        2002.159   -1259.568        2001.919   -1259.643             124             124
  199         191.193    -545.366         191.157    -545.298             199             199
  199           8.624    -177.162           8.594    -177.065             199             199
  127        -608.816   -1356.583        -609.177   -1356.465             127             127
  253        3237.000       0.628        3237.000       0.000             253             253
  160        -609.551    1356.344        -609.182    1356.464             160             160
  100           8.562     176.964           8.593     177.064             100             100
  121         191.120     545.227         191.157     545.297             121             121
  236        2001.667    1259.726        2001.916    1259.647             236             236
   94        1523.296   -2044.686        1523.237   -2044.700              94              94
  206       -2805.917   -1466.071       -2806.026   -1465.563             206             206
  201         912.785    -404.671         912.706    -404.845             201             201
   98         140.909     -90.901         141.053     -90.885              98              98
   82       -2517.110   -1314.554       -2517.337   -1314.126              82              82
   40          73.386    -374.065          73.130    -374.186              40              40
  239        2236.367     651.412        2236.523     650.944             239             239
  156       -1394.923    1626.214       -1394.518    1626.570             156             156
  152        -390.601    -873.463        -390.782    -873.208             152             152
   74          15.020   -1149.098          14.815   -1149.058              74              74
   88       -1081.759    -517.291       -1081.921    -517.150              88              88
  151         929.755     302.225         929.750     302.007             151             151
  127        -992.469    1888.765        -992.197    1889.112             127             127
   12        1333.588   -1803.790        1333.219   -1803.791              12              12
  139        -446.149   -1649.026        -446.418   -1648.923             139             139
   31         784.202   -1111.418         784.091   -1111.659              31              31
   55       -3325.874     201.214       -3325.941     201.732              55              55
   16        1184.824    -364.249        1184.474    -364.501              16              16
   23         888.987     333.339         888.962     333.187              23              23
  162        -508.139   -1183.463        -508.490   -1183.394             162             162
   62        1650.526    -171.374        1650.369    -171.811              62              62
  142         928.326    1554.471         928.649    1554.312             142             142
   31       -1019.062    -442.854       -1019.217    -442.528              31              31
    5         978.155   -1073.137         977.759   -1073.272               5               5
   86        2024.948   -1266.884        2024.665   -1267.360              86              86
  159         677.170     301.802         677.252     301.532             159             159
    3        1483.626     717.771        1483.810     717.472               3               3
  246        1139.038    -285.780        1139.150    -285.974             246             246
    3        -470.370    -380.353        -470.311    -380.321               3               3
  124        -177.118    1118.405        -176.919    1118.456             124             124
  227        1041.983    -104.435        1041.972    -104.478             227             227
   98         -20.780   -1685.479         -21.080   -1685.435              98              98
   75         439.119    -184.386         439.010    -184.492              75              75
  173        1927.693   -2129.432        1927.266   -2129.933             173             173
  196        2641.707     314.489        2642.013     313.751             196             196
  158         -58.007    -259.636         -57.709    -259.822             158             158
  214        -200.669    1038.046        -200.241    1037.931             214             214
  179         454.413     -51.615         454.652     -51.842             179             179
   59       -1081.738    1905.826       -1081.149    1905.968              59              59
  110        -221.355     908.286        -221.020     908.458             110             110
  254       -1374.718    -792.483       -1374.794    -792.131             254             254
  147         105.262    -493.677         105.177    -493.768             147             147
    5         374.627     471.442         374.846     471.278               5               5
  125        -999.739     753.779        -999.482     753.981             125             125
  160         252.535    -151.855         252.598    -151.864             160             160
  145        -554.494   -1130.651        -554.563   -1130.678             145             145
  157       -1065.843    2045.042       -1065.331    2045.169             157             157
  215        -829.997    -511.568        -830.037    -511.397             215             215
  162       -1482.504     547.632       -1482.391     547.815             162             162
  181       -1921.453    2035.428       -1921.262    2035.865             181             181
  122        1473.563     -43.668        1473.379     -43.811             122             122
  224        -161.093    -262.177        -161.138    -262.110             224             224
   67        -202.068     706.541        -201.939     706.600              67              67
  153        -475.799     854.302        -475.671     854.541             153             153
  230         -73.103    -925.631         -73.355    -925.520             230             230
  153        -546.210     376.062        -546.230     376.194             153             153
   57        -185.244     233.447        -185.398     233.572              57              57
  233        2249.876     209.326        2249.902     209.034             233             233
  144        -841.224   -2548.892        -841.667   -2548.758             144             144
   61         294.091    1161.655         294.328    1161.437              61              61
  102       -1199.016    -136.148       -1199.177    -135.952             102             102
  116        2079.049    1362.458        2079.229    1362.036             116             116
  159         715.768      44.730         715.903      44.701             159             159
  178        -436.268    -475.041        -436.316    -474.931             178             178
   33        1313.165    1548.550        1313.584    1548.405              33              33
   99           8.780   -1093.138           8.786   -1092.893              99              99
   81       -1239.636   -2408.714       -1239.985   -2408.496              81              81
  247       -1880.023    -513.546       -1880.212    -513.418             247             247
   23        -314.151     733.112        -314.246     732.949              23              23
  140         859.550    1000.536         859.540    1000.229             140             140
  101        2357.027     921.727        2357.241     921.145             101             101
   22         778.645    2410.454         779.413    2410.410              22              22
   32        -583.814     659.197        -583.485     659.685              32              32
  107         -36.715   -1493.811         -36.937   -1493.548             107             107
  147         -40.048   -1655.630         -40.299   -1655.677             147             147
  193         296.275    1140.995         296.693    1140.874             193             193
  252        -395.558     -22.347        -395.332     -22.153             252             252
   48       -1103.625    -262.373       -1103.478    -262.016              48              48
  153       -2428.348   -1116.314       -2428.624   -1115.722             153             153
  158         403.134   -1815.608         402.642   -1815.888             158             158
  230        -848.677     668.524        -848.532     668.419             230             230
   19         195.556    1403.482         195.905    1403.338              19              19
  127       -1006.691     841.416       -1006.393     841.703             127             127
   41       -2284.970      91.103       -2285.051      91.714              41              41
  173         -84.929    -780.710         -85.311    -780.720             173             173
  101        -415.871    1068.962        -415.748    1069.052             101             101
  195        -892.127   -1370.641        -892.634   -1370.515             195             195
  230         783.734    1632.513         783.936    1632.217             230             230
   78         254.094     286.676         254.148     286.625              78              78
   84        -674.136    1527.674        -673.820    1527.928              84              84
   35        -189.462    -448.472        -189.635    -448.299              35              35
  180        -645.065    1569.670        -644.796    1570.053             180             180
  200        -696.560   -2412.236        -697.319   -2411.888             200             200
  194         912.256   -1090.512         911.852   -1090.908             194             194
  103        -116.386    1384.569        -116.125    1384.512             103             103
  233         465.174    -717.105         464.995    -717.213             233             233
   38       -1067.999     325.523       -1067.979     325.694              38              38
  184        -305.302      -6.539        -305.525      -6.538             184             184
  225        1743.358     480.362        1743.434     479.868             225             225
   62        -721.407    1216.459        -721.021    1216.674              62              62
   69        -458.721    -869.783        -458.917    -869.687              69              69
   71       -1242.916    1691.069       -1242.606    1691.362              71              71
   84        -439.804    -201.341        -440.042    -201.115              84              84
  101         398.240     -52.329         398.148     -52.390             101             101
  178       -1043.055    -363.809       -1043.151    -363.626             178             178
  232       -2471.368     838.524       -2471.443     839.018             232             232
   39       -1112.720    1832.868       -1112.873    1833.306              39              39
  174        1067.893   -1981.464        1066.831   -1981.649             174             174
   25        2096.605    1058.898        2096.565    1058.275              25              25
  192        -495.117     409.302        -495.316     409.391             192             192
   77        2079.935    1942.571        2080.047    1942.218              77              77
  255        2547.424    -985.678        2547.203    -986.114             255             255
  211       -2070.244    -331.042       -2070.501    -330.631             211             211
  204        2777.902    1930.435        2778.029    1929.781             204             204
   40        1374.282     200.037        1374.242     199.865              40              40
  128        1796.915     890.526        1797.105     890.246             128             128
   49        1122.299     596.271        1122.446     596.261              49              49
  236        2532.973    -103.023        2533.110    -103.354             236             236
  103         553.810    -356.673         554.045    -356.527             103             103
  128        -212.996   -1428.767        -213.122   -1428.551             128             128
   64        -916.155    -636.845        -916.303    -636.579              64              64
  138         955.291    -749.823         955.065    -750.054             138             138
   53        -279.211    -400.730        -279.374    -400.669              53              53
    9        2336.199   -1044.318        2336.000   -1045.000               9               9
   77        -152.192      12.019        -151.967      11.890              77              77
  156         518.979     138.510         519.204     138.236             156             156
  242       -1095.955     849.411       -1095.635     849.630             242             242
  115         313.175     377.645         313.305     377.636             115             115
   84       -1167.965   -1374.114       -1168.364   -1373.931              84              84
  212         890.253     811.131         890.375     810.606             212             212
  178        -565.677    2680.556        -565.067    2680.719             178             178
  153        1149.636     -53.767        1149.544     -53.889             153             153
   27         760.824     535.233         761.067     535.069              27              27
    6        -190.976    2126.502        -190.287    2126.823               6               6
  255       -1136.855   -1586.686       -1137.292   -1586.141             255             255
  205        -493.782    1087.984        -493.779    1088.284             205             205
  238        2325.977   -1940.817        2325.371   -1941.317             238             238
   38         222.497     -48.687         222.600     -48.949              38              38
  124         578.427    2361.410         579.165    2361.317             124             124
    7       -1341.241    -215.138       -1341.347    -214.552               7               7
  231        1801.791     506.601        1801.867     506.289             231             231
  201         155.590     875.713         155.979     875.978             201             201
    6          42.331    -341.968          42.418    -341.574               6               6
  186       -2230.850   -1084.504       -2231.236   -1083.554             186             186
  150        1018.444   -2925.033        1017.412   -2925.276             150             150
   47         549.456     -64.272         549.343     -64.611              47              47
   59         936.998     593.786         937.149     593.573              59              59
  200         324.091    -499.430         324.041    -499.343             200             200
   28       -1037.206   -1546.062       -1037.741   -1545.729              28              28
  162        1975.630   -1137.076        1975.234   -1137.696             162             162
   72        -126.643   -1741.494        -127.066   -1741.767              72              72
   93         790.633     653.639         790.776     653.069              93              93
   44        1151.862     191.445        1152.029     190.903              44              44
  125        -518.365     469.075        -518.158     468.955             125             125
  102         591.779    1805.291         592.247    1805.027             102             102
  121         139.183    1263.022         139.473    1263.157             121             121
   25        1736.236    -435.990        1736.142    -436.261              25              25
   89         968.648   -1243.370         968.504   -1243.699              89              89
  237        1409.108      21.392        1409.462      20.712             237             237
  110         -26.245    2503.881         -25.083    2503.848             110             110
   45       -1574.214     302.795       -1573.864     303.456              45              45
  159          -5.441    -154.695          -5.336    -154.540             159             159
    8       -1008.633    -290.744       -1008.576    -290.370               8               8
   72        -355.877   -1065.442        -356.119   -1065.425              72              72
  166         -53.076     779.961         -52.736     779.855             166             166
    7       -1013.151     257.044       -1012.963     257.351               7               7
   22       -1433.355    -936.515       -1433.735    -936.241              22              22
  149        1188.996     714.284        1189.158     713.675             149             149
   46        -941.653    2686.797        -940.801    2687.150              46              46
  146        -909.633    -764.426        -909.958    -763.930             146             146
  156         661.387    -249.654         661.207    -249.818             156             156
   21        1465.553    -318.060        1465.735    -318.534              21              21
   92       -2555.921    -510.353       -2555.833    -509.866              92              92
  163       -1319.433    1029.955       -1319.311    1030.016             163             163
  208          83.553    2489.036          84.126    2489.000             208             208
  243       -1406.147     -32.729       -1406.339     -32.278             243             243
  211         162.465    2422.572         162.864    2422.659             211             211
   11         285.252    -571.232         284.891    -571.161              11              11
  187         385.198    2470.433         385.751    2470.535             187             187
  240         734.914    -218.437         734.793    -218.210             240             240
  173         111.947   -1430.041         111.508   -1429.971             173             173
    3         970.940     712.341         971.196     712.006               3               3
   77         116.063    1025.732         116.541    1025.848              77              77
  218        -631.510    -309.795        -631.466    -309.435             218             218
  129        -876.609    -465.824        -876.760    -465.605             129             129
  180        -104.486    1281.420        -104.201    1281.417             180             180
   84         550.617    1461.877         551.114    1461.980              84              84
  155       -1104.243    -657.182       -1104.329    -656.563             155             155
   13       -1354.580   -1178.109       -1355.067   -1177.764              13              13
   66         349.256     894.501         349.353     894.191              66              66
    9         129.721    2318.562         130.456    2318.632               9               9
   59       -1819.381      12.464       -1819.431      13.198              59              59
  225       -1053.140    2017.311       -1052.888    2017.866             225             225
   17         368.066     690.564         367.953     690.922              17              17
  131        -718.914     478.510        -719.125     479.273             131             131
  136        1470.512   -1590.033        1469.735   -1590.054             136             136
   25         770.079   -1239.410         769.676   -1239.581              25              25
  154        -946.965     387.591        -947.055     387.857             154             154
   29        2061.832     658.638        2061.857     658.123              29              29
   72         512.864    1636.938         513.455    1637.168              72              72
   45         288.597    -368.445         288.578    -367.936              45              45
  186         501.638   -2191.766         501.179   -2191.628             186             186
   93       -1424.055    -163.612       -1423.989    -163.100              93              93
  137        -941.428     182.196        -941.547     182.779             137             137
   93         891.305   -1650.802         890.732   -1650.768              93              93
   46        -798.376   -2249.151        -799.015   -2248.957              46              46
  125        -856.891    -472.362        -857.148    -472.329             125             125
   49        -365.332    -367.211        -365.602    -367.307              49              49
   57       -1268.628     311.001       -1268.840     311.192              57              57
   56         165.302     979.843         165.127     979.741              56              56
   33        1564.567     883.407        1564.537     883.101              33              33
  231        1859.252    -609.845        1859.166    -610.241             231             231
   60        -769.118    -459.190        -769.124    -458.963              60              60
  111        1035.409     363.399        1035.686     363.043             111             111
  193       -1702.580     528.522       -1702.255     529.112             193             193
  190        -632.371      96.414        -632.380      96.685             190             190
   35       -1603.190    1252.492       -1602.991    1253.226              35              35
   22         472.037    -735.860         471.639    -735.669              22              22
   89       -1175.988   -1722.589       -1176.584   -1722.283              89              89
   48       -1342.255    2110.668       -1341.831    2111.127              48              48
   88       -1534.717    -705.584       -1535.410    -704.812              88              88
   99        -245.080     -10.262        -245.712      -9.978              99              99
  107        1354.384   -1080.345        1353.643   -1080.629             107             107
   58        -377.722    -331.516        -378.110    -331.347              58              58
  117         733.876    -974.722         733.292    -974.969             117             117
  239        -253.087    -927.093        -253.578    -927.311             239             239
  194        -751.944    2889.725        -751.408    2889.993             194             194
  142         682.876   -1017.681         682.155   -1017.554             142             142
  138        -291.029   -1169.446        -291.800   -1169.370             138             138
  223        1125.523     343.522        1125.232     343.093             223             223
  215        1563.696    -871.290        1563.357    -871.943             215             215
  183       -1353.503    1691.540       -1353.087    1691.880             183             183
  153         672.837     447.470         672.688     447.413             153             153
   53         486.531     632.439         486.680     632.534              53              53
   65       -1265.907    -936.369       -1266.287    -935.779              65              65
  247       -1908.119    -211.304       -1908.634    -210.690             247             247
   99        -608.880     268.326        -609.535     268.534              99              99
  190        1648.001     806.371        1647.757     806.038             190             190
   40         119.975   -1242.506         119.406   -1242.405              40              40
  156        -795.821      98.856        -795.869      99.087             156             156
  247       -4858.946      66.512       -4859.640      68.140             247             247
   74        -411.911    -425.269        -413.304    -425.176              74              74
  131       -1860.561    1364.805       -1861.563    1365.524             131             131
   51        2182.025   -1198.432        2180.160   -1199.031              51              51
  186         718.900     740.349         717.925     740.137             186             186
   69         838.985    -603.364         837.436    -603.590              69              69
  241         820.284     566.492         818.921     566.241             241             241
  221        1465.784    -274.225        1463.896    -274.667             221             221
   91        2102.613     256.740        2100.690     256.010              91              91
   75        -474.982     508.419        -477.830     508.535              75              75
   14       -1419.122    2221.930       -1425.227    2222.685              14              14
