SINAL     NFT                         FFT                         NFT INVERSA     FFT INVERSA
-----     -----------------------     -----------------------     -----------     -----------
  212       64522.000       0.000       64522.000       0.000             212             212
  232         753.575   -1321.167         753.588   -1321.167             232             232
   58        2004.096    -628.260        2004.109    -628.262              58              58
   39         731.435    -403.620         731.449    -403.621              39              39
  148         776.973    -642.923         776.988    -642.924             148             148
   31       -1661.625    -760.605       -1661.612    -760.602              31              31
  242         545.611    -401.529         545.623    -401.534             242             242
  226        1014.274    1794.231        1014.297    1794.226             226             226
  192        -781.927    -344.737        -781.913    -344.730             192             192
  113         470.594   -1047.929         470.603   -1047.932             113             113
   76        -979.140     177.634        -979.126     177.635              76              76
    3        1472.318    1133.101        1472.338    1133.089               3               3
  230        -272.289    1472.207        -272.260    1472.213             230             230
  137        -943.203    -811.017        -943.198    -811.007             137             137
  166        1820.219    1649.016        1820.244    1649.005             166             166
   68         607.904   -1020.469         607.916   -1020.468              68              68
  198         312.534    -549.873         312.553    -549.879             198             198
  195        -757.567    1369.953        -757.531    1369.963             195             195
  111        -185.039   -1733.613        -185.039   -1733.615             111             111
  191        -739.955    3519.907        -739.894    3519.914             191             191
  141       -1517.334     439.820       -1517.315     439.861             141             141
   34        -494.617   -1022.463        -494.624   -1022.440              34              34
  147        -241.136    -780.636        -241.145    -780.624             147             147
  170         940.713   -1720.410         940.693   -1720.430             170             170
  117        1837.916     732.025        1837.947     731.984             117             117
  106         905.547     711.324         905.598     711.302             106             106
  243       -2362.340    2689.322       -2362.263    2689.372             243             243
   70       -1777.154    -371.473       -1777.154    -371.419              70              70
   96         -91.629    -534.528         -91.638    -534.516              96              96
  243         198.601     426.900         198.616     426.904             243             243
  163         -43.547     344.276         -43.530     344.291             163             163
   53         323.250    -379.220         323.256    -379.213              53              53
  220         215.387     364.075         215.416     364.085             220             220
  221       -1013.243    -115.793       -1013.228    -115.748             221             221
   93        -611.943   -1783.537        -611.973   -1783.513              93              93
  113        -461.391    -587.915        -461.401    -587.916             113             113
  253        -133.842    1237.838        -133.812    1237.843             253             253
   79         197.494    -195.628         197.492    -195.617              79              79
   83         410.980     689.976         411.004     689.992              83              83
  190         451.658   -1902.805         451.626   -1902.794             190             190
  193         121.239   -1265.497         121.229   -1265.503             193             193
  159       -1421.098   -1500.311       -1421.131   -1500.296             159             159
  193         865.512     -95.298         865.507     -95.359             193             193
  168         620.912    1791.411         620.979    1791.376             168             168
   41        -526.013     884.465        -525.969     884.486              41              41
  104        -600.805     773.443        -600.780     773.480             104             104
  236         985.349   -1414.329         985.318   -1414.356             236             236
  240        -807.128     532.526        -807.102     532.528             240             240
   43        1065.894    1297.570        1065.944    1297.534              43              43
   91         351.219     577.938         351.273     577.935              91              91
  175       -1403.851     661.204       -1403.809     661.260             175             175
  185         128.124    -227.945         128.126    -227.955             185             185
  126        -723.872    2110.036        -723.791    2110.059             126             126
   66         285.453    1833.322         285.530    1833.352              66              66
   99        -870.945    1031.848        -870.886    1031.948              99              99
  244       -1659.930   -1967.760       -1659.997   -1967.664             244             244
  173       -1010.901    1271.535       -1010.881    1271.597             173             173
   86        -458.699   -1085.935        -458.776   -1085.881              86              86
   58        1247.088   -1102.936        1247.032   -1102.991              58              58
   14        -975.190    2759.606        -975.095    2759.660              14              14
   73        -184.681     238.135        -184.706     238.221              73              73
  222         850.022   -2546.052         849.895   -2546.047             222             222
   68         402.182    -825.756         402.131    -825.790              68              68
   38         514.640     984.998         514.655     984.966              38              38
  187        1322.885    1856.221        1322.950    1856.215             187             187
  161         410.767   -2182.615         410.667   -2182.592             161             161
  151        1601.711     388.606        1601.726     388.539             151             151
  185        1471.124     693.454        1471.186     693.427             185             185
  241         120.101   -1907.577         120.058   -1907.572             241             241
  234         244.797     919.158         244.868     919.127             234             234
  120          26.328    1997.523          26.456    1997.564             120             120
  179       -2088.392   -1204.537       -2088.457   -1204.399             179             179
  138        1359.112     897.476        1359.122     897.439             138             138
   57         936.415     131.709         936.442     131.709              57              57
   91       -1100.833     715.500       -1100.793     715.613              91              91
  179        -197.651    -459.605        -197.716    -459.523             179             179
  161        2481.764    -494.199        2481.740    -494.252             161             161
   71        -774.104   -1773.051        -774.172   -1772.973              71              71
  163         899.402    -302.189         899.388    -302.213             163             163
  205        -917.034    -747.948        -917.090    -747.875             205             205
  163        1835.904    -601.353        1835.846    -601.427             163             163
   83        1294.242    -747.964        1294.229    -748.025              83              83
  134           5.541     748.297           5.611     748.326             134             134
   34        -954.283   -1136.373        -954.378   -1136.281              34              34
  149        3374.031   -1060.914        3373.967   -1061.102             149             149
  234         708.113    1485.416         708.259    1485.401             234             234
   23         699.102     -89.986         699.172     -89.938              23              23
   66       -1964.161   -2100.474       -1964.247   -2100.318              66              66
   64         -74.893     -81.928         -74.941     -81.897              64              64
   81        1610.544   -1193.190        1610.457   -1193.241              81              81
   80        1002.463    -954.110        1002.427    -954.138              80              80
  138         488.028   -1281.086         487.968   -1281.084             138             138
   47        2163.776   -2360.329        2163.685   -2360.471              47              47
  149        -293.152    -747.464        -293.125    -747.494             149             149
  177         176.486    -622.064         176.490    -622.111             177             177
  235          85.177    -882.041          85.157    -882.094             235             235
   54         571.076     350.368         571.138     350.293              54              54
   72        -630.747   -1189.600        -630.800   -1189.617              72              72
  165        1060.969    1760.687        1061.096    1760.582             165             165
   40         191.662    -672.683         191.654    -672.707              40              40
   50        1055.111    1191.348        1055.238    1191.265              50              50
   29        -355.394     324.548        -355.320     324.596              29              29
  219         906.270     303.417         906.350     303.399             219             219
  188       -1236.055    -638.487       -1236.052    -638.352             188             188
   86        1208.968   -3040.777        1208.806   -3040.906              86              86
   54        -647.251     806.379        -647.118     806.314              54              54
  112       -1268.770     994.596       -1268.672     994.631             112             112
  248        -860.070     780.978        -860.031     781.009             248             248
  126        -552.022    1211.298        -551.998    1211.328             126             126
   20        1739.413    1295.475        1739.467    1295.389              20              20
  198         959.378     178.688         959.401     178.673             198             198
   34        2651.989    -373.200        2652.055    -373.370              34              34
  103        -696.057     392.765        -695.896     392.811             103             103
   77        -286.872     304.094        -286.759     304.096              77              77
   68        -743.669    2495.185        -743.404    2495.279              68              68
  252       -1478.416     579.862       -1478.338     580.096             252             252
   55         236.321   -2158.664         236.197   -2158.646              55              55
   92       -1569.740    1075.513       -1569.614    1075.592              92              92
   63       -1998.945    2699.885       -1998.786    2700.119              63              63
  120         379.364    -720.234         379.240    -720.143             120             120
  173         255.059    1011.087         255.103    1011.177             173             173
  144        1349.675    -825.181        1349.644    -825.149             144             144
    3       -1715.990   -1468.033       -1716.085   -1467.824               3               3
  221         261.385    -973.656         261.274    -973.664             221             221
   37         166.057    1044.707         166.131    1044.745              37              37
  180         325.633    -710.345         325.590    -710.264             180             180
  201        -770.342   -1915.201        -770.494   -1915.106             201             201
   92        -267.269     329.089        -267.279     329.123              92              92
  252         -53.917    -344.063         -54.000    -344.000             252             252
  110         895.417    -382.315         895.351    -382.314             110             110
  132        -246.146   -1484.360        -246.318   -1484.270             132             132
   47        2493.381   -2744.519        2493.153   -2744.775              47              47
  140        -578.259     769.434        -578.147     769.414             140             140
   95         203.014    -423.685         202.955    -423.715              95              95
  236        1402.196     226.134        1402.222     226.008             236             236
  227         899.801    -461.592         899.824    -461.668             227             227
  149          13.684      80.234          13.756      80.234             149             149
   92         298.069    -744.706         298.068    -744.752              92              92
  220       -1101.769     551.150       -1101.694     551.220             220             220
   20        -106.773     667.675        -106.754     667.710              20              20
  113        1075.352    -646.330        1075.275    -646.419             113             113
  162         403.901     786.227         403.962     786.183             162             162
   54        2880.135     834.827        2880.288     834.607              54              54
  216         426.132     809.208         426.399     809.271             216             216
  239       -1575.695    -356.148       -1575.612    -355.871             239             239
  123         768.029    -855.938         768.064    -855.890             123             123
  213       -2513.192   -2630.047       -2513.339   -2629.773             213             213
   38       -1784.641   -1959.587       -1784.876   -1959.527              38              38
  215        1363.271     426.409        1363.323     426.130             215             215
   21       -2635.194    2092.392       -2634.984    2092.617              21              21
  159          90.645    -136.072          90.557    -136.052             159             159
  133        -643.769     719.032        -643.764     719.108             133             133
  165         538.297     384.713         538.268     384.698             165             165
  162         258.737    -440.092         258.655    -440.127             162             162
   98         546.476    1788.653         546.633    1788.595              98              98
  203        -356.067    1788.154        -355.935    1788.300             203             203
   86        1154.328     754.527        1154.340     754.586              86              86
   44        1665.664     117.980        1665.689     118.003              44              44
   39        1202.099    -454.291        1202.141    -454.220              39              39
   83         137.178   -1201.978         137.157   -1201.824              83              83
  155         590.950   -1570.142         590.911   -1570.092             155             155
  171       -1897.253   -1131.843       -1897.310   -1131.567             171             171
  130         321.501   -1743.116         321.303   -1743.124             130             130
   39         985.626     262.929         985.740     262.877              39              39
   11       -1693.045   -2106.833       -1693.196   -2106.598              11              11
  110        -378.314    -987.264        -378.418    -987.246             110             110
   11       -1034.877    -725.788       -1034.983    -725.711              11              11
  161        -200.140     537.617        -200.159     537.663             161             161
  202        1389.056   -1245.682        1388.917   -1245.786             202             202
  231        -599.708    -578.314        -599.724    -578.241             231             231
  181        -806.289    -643.443        -806.401    -643.345             181             181
   60        1372.536    -454.378        1372.496    -454.509              60              60
  137       -1944.484   -1371.119       -1944.656   -1370.918             137             137
  235        1027.676    -420.579        1027.541    -420.763             235             235
   20         510.706     721.661         510.762     721.580              20              20
  121        1393.298     952.472        1393.454     952.412             121             121
  103        -926.965   -1304.552        -927.065   -1304.328             103             103
  234         219.820   -1150.866         219.677   -1150.849             234             234
  160        -175.708    -629.456        -175.806    -629.389             160             160
   62        1573.184   -2257.930        1572.969   -2258.130              62              62
  255       -1638.192    -373.545       -1638.213    -373.435             255             255
   63         925.349    -340.689         925.270    -340.838              63              63
  195        -101.637    -416.420        -101.700    -416.439             195             195
  165        1555.846      48.003        1555.891      47.824             165             165
  226        -694.833   -1512.170        -694.949   -1512.132             226             226
   38         421.104    1094.898         421.266    1094.814              38              38
  113        -554.791     295.898        -554.730     296.078             113             113
   56        -272.655   -2048.732        -272.946   -2048.605              56              56
   83        1524.509   -2624.579        1524.214   -2624.848              83              83
  152        -654.404    -643.878        -654.431    -643.982             152             152
  139         878.002     728.832         878.147     728.614             139             139
  238       -1567.799     180.208       -1567.761     180.391             238             238
   68         497.288   -1335.664         497.050   -1335.785              68              68
   14        1328.884     328.367        1328.949     328.111              14              14
   22         628.745    -729.632         628.783    -729.823              22              22
   80       -1520.168    2540.502       -1519.786    2540.711              80              80
  124         704.926   -2162.839         704.676   -2162.860             124             124
   33        -766.408    -968.836        -766.473    -968.852              33              33
  241        -635.431     243.114        -635.400     243.061             241             241
   71        -663.727    1435.432        -663.600    1435.502              71              71
    8         716.148    -506.654         716.032    -506.686               8               8
  166         657.653   -1441.337         657.506   -1441.456             166             166
  131        -595.276   -1370.393        -595.418   -1370.508             131             131
  146         -82.167    1499.010         -81.973    1498.819             146             146
  146        -206.686    2744.213        -206.334    2744.296             146             146
  152         491.125   -1781.808         490.925   -1781.784             152             152
   11       -1935.894    -759.951       -1936.042    -759.791              11              11
  249         693.268     417.521         693.193     417.314             249             249
  131         417.240     627.605         417.237     627.490             131             131
  172        1905.804    -263.986        1905.786    -264.329             172             172
   56       -1131.193    1697.517       -1130.972    1697.639              56              56
  131        2432.916    -908.779        2432.785    -909.141             131             131
  236         480.361     571.802         480.570     571.590             236             236
  252         200.646    2221.979         201.067    2221.893             252             252
   40        -110.184    1790.053        -109.844    1790.163              40              40
  206         650.623     611.454         650.849     611.515             206             206
   34       -1860.569     -98.280       -1860.502     -97.917              34              34
  153         519.098    1065.895         519.269    1065.964             153             153
    6        -422.721   -1476.134        -422.832   -1475.980               6               6
  117       -1650.005    1727.302       -1649.764    1727.682             117             117
   50         491.883   -3428.564         491.367   -3428.562              50              50
  146        -729.328     881.313        -729.200     881.345             146             146
  100         525.409    -309.043         525.403    -309.090             100             100
  119       -2169.889    -350.339       -2169.977    -350.034             119             119
  160         618.582     615.742         618.535     615.700             160             160
  122        1111.274   -1413.243        1111.068   -1413.373             122             122
  199         214.861    -944.202         214.819    -944.358             199             199
   29       -1351.841    1231.058       -1351.646    1231.154              29              29
  155         826.488    1300.792         826.697    1300.744             155             155
  184       -1503.155    -929.888       -1503.277    -929.578             184             184
  100        -467.906    -726.620        -468.131    -726.588             100             100
  164        1632.368     367.049        1632.431     366.748             164             164
   95       -1307.246     612.821       -1307.106     613.039              95              95
  231         398.190    -662.772         398.105    -662.819             231             231
   54       -1492.746    -418.414       -1492.813    -418.285              54              54
  242        -469.905    1823.170        -469.730    1823.225             242             242
  128        -465.920      96.782        -466.049      96.965             128             128
   66        1484.077   -1176.332        1483.835   -1176.566              66              66
  236        -143.057     671.795        -142.911     671.750             236             236
    3        -438.631     251.102        -438.591     251.123               3               3
  238        -497.298    2102.146        -497.009    2102.294             238             238
   36        -502.446    -255.184        -502.581    -254.949              36              36
  134        1117.843     318.562        1117.885     318.523             134             134
  218       -1312.411   -1220.466       -1312.569   -1220.181             218             218
   32       -1662.886     334.680       -1662.994     334.973              32              32
  175         744.266     275.563         744.136     275.588             175             175
  168        -604.386   -2491.925        -604.905   -2491.813             168             168
   67        -727.512     647.901        -727.657     647.943              67              67
   73        1555.408    -504.158        1555.113    -504.413              73              73
  175         -76.700     112.194         -76.863     112.198             175             175
  184        1715.673    -889.784        1715.358    -890.107             184             184
  123         334.045     227.278         333.921     227.120             123             123
   66        2612.601     822.359        2612.620     821.893              66              66
   28        1976.569     563.099        1976.755     562.804              28              28
  243        -691.234     435.065        -691.143     435.249             243             243
  227        1710.631    -227.339        1710.553    -227.558             227             227
  151         466.000       0.044         466.000       0.000             151             151
  186        1710.467     227.785        1710.549     227.562             186             186
    0        -691.050    -435.437        -691.143    -435.249              -0               0
   50        1976.947    -562.494        1976.756    -562.799              50              50
  115        2612.641    -821.403        2612.621    -821.888             115             115
  101         333.791    -226.953         333.920    -227.119             101             101
  214        1715.025     890.453        1715.356     890.112             214             214
  211         -77.034    -112.205         -76.863    -112.199             211             211
   76        1554.795     504.690        1555.111     504.416              76              76
   13        -727.811    -647.990        -727.656    -647.945              13              13
  197        -605.475    2491.690        -604.911    2491.812             197             197
  205         743.995    -275.614         744.136    -275.586             205             205
   79       -1663.111    -335.298       -1662.994    -334.976              79              79
  177       -1312.750    1219.863       -1312.574    1220.178             177             177
  208        1117.932    -318.478        1117.885    -318.522             208             208
   61        -502.733     254.682        -502.581     254.947              61              61
  214        -496.678   -2102.462        -497.006   -2102.295             214             214
   87        -438.544    -251.149        -438.590    -251.125              87              87
   24        -142.741    -671.697        -142.910    -671.750              24              24
  246        1483.551    1176.844        1483.833    1176.571             246             246
    6        -466.200     -97.178        -466.049     -96.965               6               6
  192        -469.517   -1823.292        -469.725   -1823.228             192             192
   57       -1492.897     418.128       -1492.815     418.282              57              57
   79         398.000     662.876         398.103     662.820              79              79
  112       -1306.933    -613.307       -1307.104    -613.042             112             112
  242        1632.508    -366.377        1632.431    -366.745             242             242
  203        -468.407     726.549        -468.132     726.588             203             203
  178       -1503.431     929.189       -1503.280     929.574             178             178
   15         826.958   -1300.682         826.698   -1300.741              15              15
  190       -1351.397   -1231.279       -1351.643   -1231.158             190             190
  150         214.764     944.555         214.817     944.358             150             150
  166        1110.801    1413.543        1111.064    1413.377             166             166
  121         618.475    -615.644         618.535    -615.699             121             121
  150       -2170.094     349.630       -2169.979     350.029             150             150
  217         525.394     309.154         525.402     309.092             217             217
  237        -729.028    -881.391        -729.197    -881.348             237             237
  251         490.671    3428.561         491.361    3428.563             251             251
  176       -1649.433   -1728.195       -1649.758   -1727.685             176             176
  192        -422.985    1475.771        -422.835    1475.978             192             192
   72         519.508   -1066.057         519.274   -1065.963              72              72
  189       -1860.412      97.414       -1860.502      97.914             189             189
  134         651.166    -611.594         650.852    -611.512             134             134
   22        -109.366   -1790.318        -109.840   -1790.164              22              22
   12         201.666   -2221.771         201.074   -2221.892              12              12
   56         480.868    -571.288         480.572    -571.589              56              56
  230        2432.594     909.668        2432.783     909.149             230             230
   74       -1130.652   -1697.818       -1130.970   -1697.641              74              74
   14        1905.759     264.831        1905.785     264.335              14              14
   61         417.236    -627.321         417.239    -627.489              61              61
   98         693.082    -417.007         693.194    -417.312              98              98
    4       -1936.262     759.547       -1936.043     759.787               4               4
   67         490.618    1781.751         490.920    1781.786              67              67
   35        -205.793   -2744.420        -206.327   -2744.295              35              35
   62         -81.672   -1498.527         -81.969   -1498.819              62              62
  147        -595.639    1370.682        -595.421    1370.507             147             147
  147         657.273    1441.642         657.501    1441.457             147             147
   48         715.852     506.738         716.033     506.688              48              48
   94        -663.398   -1435.615        -663.598   -1435.504              94              94
   70        -635.351    -242.980        -635.399    -243.063              70              70
   63        -766.579     968.876        -766.475     968.850              63              63
   29         704.268    2162.898         704.670    2162.863              29              29
  221       -1519.160   -2541.054       -1519.779   -2540.714             221             221
  230         628.844     730.136         628.782     729.824             230             230
  150        1329.059    -327.682        1328.950    -328.106             150             150
  115         496.653    1335.986         497.049    1335.785             115             115
  191       -1567.696    -180.703       -1567.761    -180.394             191             191
  131         878.400    -728.241         878.150    -728.612             131             131
  111        -654.477     644.157        -654.430     643.981             111             111
  111        1523.692    2625.317        1524.206    2624.851             111             111
   68        -273.458    2048.386        -272.950    2048.606              68              68
  184        -554.621    -296.395        -554.729    -296.079             184             184
   44         421.558   -1094.662         421.270   -1094.812              44              44
  202        -695.159    1512.060        -694.951    1512.130             202             202
  206        1555.974     -47.492        1555.892     -47.818             206             206
   57        -101.816     416.475        -101.701     416.440              57              57
    2         925.123     341.113         925.268     340.840               2               2
  181       -1638.251     373.225       -1638.214     373.430             181             181
  131        1572.557    2258.509        1572.962    2258.135             131             131
   16        -175.994     629.263        -175.808     629.389              16              16
  243         219.403    1150.816         219.673    1150.849             243             243
  230        -927.261    1303.899        -927.068    1304.327             230             230
   21        1393.759    -952.291        1393.456    -952.409              21              21
   55         510.874    -721.418         510.765    -721.578              55              55
    9        1027.274     421.128        1027.539     420.766               9               9
   84       -1945.002    1370.512       -1944.659    1370.913              84              84
  202        1372.413     454.774        1372.494     454.512             202             202
  157        -806.627     643.143        -806.402     643.343             157             157
  132        -599.761     578.091        -599.727     578.240             132             132
   41        1388.633    1246.003        1388.917    1245.789              41              41
  228        -200.199    -537.759        -200.159    -537.664             228             228
  196       -1035.205     725.546       -1034.984     725.709             196             196
   70        -378.641     987.205        -378.421     987.244              70              70
  193       -1693.522    2106.093       -1693.200    2106.593             193             193
  170         985.983    -262.762         985.740    -262.874             170             170
  220         320.871    1743.141         321.299    1743.124             220             220
   53       -1897.438    1130.962       -1897.314    1131.563              53              53
  106         590.823    1569.984         590.910    1570.093             106             106
   96         137.101    1201.484         137.154    1201.825              96              96
  165        1202.236     454.065        1202.141     454.222             165             165
  218        1665.746    -118.050        1665.690    -118.000             218             218
  165        1154.374    -754.722        1154.344    -754.586             165             165
   93        -355.625   -1788.639        -355.932   -1788.300              93              93
    7         547.006   -1788.458         546.637   -1788.594               7               7
  111         258.460     440.212         258.653     440.128             111             111
   44         538.200    -384.665         538.269    -384.699              44              44
   64        -643.751    -719.291        -643.763    -719.108              64              64
  114          90.343     136.005          90.557     136.053             114             114
  226       -2634.466   -2093.174       -2634.978   -2092.624             226             226
  196        1363.454    -425.440        1363.325    -426.127             196             196
  131       -1785.465    1959.373       -1784.881    1959.523             131             131
  213       -2513.714    2629.077       -2513.344    2629.766             213             213
  170         768.152     855.767         768.063     855.890             170             170
  153       -1575.398     355.162       -1575.611     355.869             153             153
   13         427.093    -809.429         426.402    -809.269              13              13
  180        2880.691    -834.023        2880.291    -834.601             180             180
  237         404.128    -786.065         403.965    -786.181             237             237
  215        1075.068     646.658        1075.274     646.421             215             215
   81        -106.699    -667.799        -106.751    -667.708              81              81
  113       -1101.488    -551.409       -1101.693    -551.221             113             113
    1         298.063     744.878         298.067     744.753               1               1
   54          13.958     -80.232          13.757     -80.234              54              54
   54         899.888     461.889         899.823     461.672              54              54
   71        1402.294    -225.646        1402.221    -226.004              71              71
  247         202.787     423.804         202.955     423.716             247             247
  225        -577.821    -769.360        -578.145    -769.417             225             225
   36        2492.482    2745.529        2493.146    2744.782              36              36
   44        -246.830    1484.006        -246.322    1484.268              44              44
   76         895.154     382.314         895.350     382.316              76              76
  133         -54.248     343.812         -54.000     344.000             133             133
  209        -267.308    -329.231        -267.279    -329.125             209             209
   38        -770.978    1914.806        -770.500    1915.103              38              38
   42         325.452     710.016         325.587     710.264              42              42
   47         166.369   -1044.867         166.133   -1044.746              47              47
   45         260.912     973.692         261.270     973.665              45              45
  154       -1716.396    1467.141       -1716.088    1467.817             154             154
   92        1349.537     825.057        1349.641     825.152              92              92
  110         255.251   -1011.473         255.104   -1011.177             110             110
   12         378.819     719.847         379.236     720.144              12              12
   62       -1998.236   -2700.914       -1998.779   -2700.125              62              62
   50       -1569.178   -1075.874       -1569.611   -1075.598              50              50
  143         235.766    2158.585         236.194    2158.646             143             143
   20       -1478.063    -580.919       -1478.336    -580.102              20              20
  221        -742.461   -2495.615        -743.396   -2495.283             221             221
   40        -286.358    -304.109        -286.757    -304.098              40              40
   33        -695.317    -392.977        -695.895    -392.812              33              33
  146        2652.288     374.006        2652.053     373.377             146             146
   22         959.488    -178.611         959.401    -178.670              22              22
  249        1739.672   -1295.060        1739.469   -1295.384             249             249
  228        -551.901   -1211.446        -551.995   -1211.330             228             228
  136        -859.886    -781.130        -860.031    -781.010             136             136
  251       -1268.285    -994.773       -1268.668    -994.634             251             251
   26        -646.597    -806.065        -647.116    -806.315              26              26
  190        1208.162    3041.414        1208.802    3040.907             190             190
   66       -1236.051     637.808       -1236.056     638.350              66              66
   17         906.679    -303.318         906.352    -303.396              17              17
  160        -355.017    -324.789        -355.318    -324.596             160             160
  103        1055.768   -1190.919        1055.241   -1191.263             103             103
   62         191.612     672.810         191.651     672.707              62              62
  236        1061.641   -1760.135        1061.101   -1760.580             236             236
  236        -631.032    1189.686        -630.803    1189.616             236             236
   16         571.407    -349.972         571.138    -350.294              16              16
   19          85.055     882.333          85.153     882.096              19              19
   23         176.498     622.320         176.487     622.111              23              23
   63        -293.008     747.629        -293.126     747.494              63              63
   64        2163.261    2361.134        2163.681    2360.476              64              64
  177         487.671    1281.084         487.963    1281.087             177             177
  156        1002.257     954.275        1002.425     954.141             156             156
  175        1610.033    1193.494        1610.453    1193.245             175             175
  189         -75.177      81.745         -74.942      81.895             189             189
  218       -1964.698    2099.533       -1964.255    2100.312             218             218
  226         699.519      89.709         699.172      89.940             226             226
   77         709.008   -1485.319         708.264   -1485.399              77              77
  239        3373.632    1062.074        3373.963    1061.108             239             239
  191        -954.877    1135.794        -954.381    1136.277             191             191
  118           5.980    -748.478           5.613    -748.326             118             118
   17        1294.158     748.353        1294.227     748.027              17              17
   81        1835.531     601.835        1835.846     601.430              81              81
  140        -917.412     747.462        -917.094     747.872             140             140
   11         899.310     302.351         899.387     302.215              11              11
   54        -774.569    1772.520        -774.178    1772.970              54              54
   20        2481.592     494.565        2481.737     494.257              20              20
    6        -198.101     459.040        -197.717     459.521               6               6
   80       -1100.550    -716.290       -1100.790    -715.615              80              80
  211         936.607    -131.710         936.442    -131.708             211             211
   73        1359.187    -897.206        1359.123    -897.437              73              73
   98       -2088.870    1203.512       -2088.460    1204.391              98              98
  115          27.276   -1997.820          26.460   -1997.564             115             115
  176         245.336    -918.926         244.871    -919.126             176             176
  160         119.761    1907.539         120.051    1907.570             160             160
   96        1471.604    -693.241        1471.187    -693.425              96              96
  157        1601.825    -388.077        1601.727    -388.535             157             157
  176         409.973    2182.436         410.661    2182.593             176             176
  115        1323.411   -1856.178        1322.951   -1856.215             115             115
  180         514.774    -984.741         514.657    -984.967             180             180
  239         401.748     826.040         402.129     825.791             239             239
  179         848.923    2546.005         849.888    2546.047             179             179
  101        -184.908    -238.881        -184.708    -238.224             101             101
  140        -974.338   -2760.094        -975.089   -2759.664             140             140
   98        1246.582    1103.434        1247.030    1102.994              98              98
   34        -459.408    1085.440        -458.780    1085.879              34              34
  102       -1010.706   -1272.118       -1010.879   -1271.600             102             102
   68       -1660.582    1966.835       -1660.002    1967.658              68              68
  112        -870.370   -1032.797        -870.884   -1031.949             112             112
   86         286.217   -1833.609         285.535   -1833.352              86              86
    4        -723.057   -2110.276        -723.787   -2110.062               4               4
  230         128.146     228.032         128.125     227.953             230             230
  104       -1403.408    -661.784       -1403.807    -661.262             104             104
   86         351.784    -577.911         351.273    -577.936              86              86
  115        1066.437   -1297.178        1065.946   -1297.533             115             115
  115        -806.837    -532.570        -807.101    -532.532             115             115
  140         984.984    1414.635         985.315    1414.358             140             140
  135        -600.521    -773.865        -600.780    -773.482             135             135
  122        -525.489    -884.710        -525.967    -884.488             122             122
  221         621.738   -1790.971         620.984   -1791.373             221             221
   90         865.449      96.054         865.507      95.361              90              90
  195       -1421.531    1500.106       -1421.135    1500.292             195             195
   63         121.106    1265.563         121.228    1265.503              63              63
  206         451.213    1902.663         451.623    1902.794             206             206
  116         411.303    -690.181         411.004    -689.990             116             116
  223         197.454     195.487         197.491     195.619             223             223
   46        -133.421   -1237.910        -133.811   -1237.844              46              46
   17        -461.542     587.914        -461.403     587.914              17              17
  143        -612.423    1783.174        -611.978    1783.512             143             143
  161       -1012.996     115.088       -1013.227     115.744             161             161
  197         215.857    -364.237         215.417    -364.086             197             197
  127         323.343     379.102         323.255     379.212             127             127
   84         -43.259    -344.547         -43.530    -344.293              84              84
   42         198.871    -426.974         198.617    -426.905              42              42
   11         -91.805     534.305         -91.639     534.515              11              11
  183       -1777.152     370.415       -1777.155     371.415             183             183
   77       -2360.782   -2690.341       -2362.257   -2689.377              77              77
  114         906.617    -710.865         905.601    -711.301             114             114
  252        1838.587    -731.131        1837.948    -731.981             252             252
  190         940.232    1720.857         940.689    1720.430             190             190
  201        -241.338     780.370        -241.146     780.626             201             201
    1        -494.827    1021.904        -494.627    1022.440               1               1
  164       -1516.852    -440.896       -1517.315    -439.864             164             164
   49        -738.213   -3520.157        -739.884   -3519.919              49              49
   87        -185.041    1733.676        -185.040    1733.615              87              87
   23        -756.433   -1370.272        -757.526   -1369.966              23              23
  165         313.122     550.057         312.553     549.880             165             165
  228         608.293    1020.423         607.914    1020.469             228             228
  159        1821.225   -1648.575        1820.248   -1649.002             159             159
   31        -943.042     810.578        -943.200     811.005              31              31
  193        -271.020   -1472.479        -272.258   -1472.213             193             193
  250        1473.339   -1132.483        1472.342   -1133.085             250             250
  226        -978.417    -177.718        -979.125    -177.635             226             226
    0         471.095    1048.148         470.601    1047.933               0              -0
  200        -781.024     344.271        -781.914     344.728             200             200
   86        1016.034   -1793.862        1014.301   -1794.226              86              86
  224         546.550     401.972         545.621     401.535             224             224
  246       -1660.332     760.145       -1661.614     760.598             246             246
  103         778.877     643.158         776.988     642.925             103             103
  112         733.891     403.807         731.448     403.621             112             112
  151        2007.412     628.857        2004.108     628.265             151             151
   45         759.881    1321.142         753.586    1321.168              45              45
