SINAL     NFT                         FFT                         NFT INVERSA     FFT INVERSA
-----     -----------------------     -----------------------     -----------     -----------
  226       66337.000       0.000       66337.000       0.000             226             226
  151          -5.682     676.543          -5.668     676.543             151             151
  247         399.708    -210.374         399.721    -210.375             247             247
   71        1883.537    -242.887        1883.551    -242.890              71              71
  179         709.520    1009.001         709.538    1008.999             179             179
   83          29.974    -295.151          29.989    -295.151              83              83
   23       -1205.857     158.951       -1205.842     158.955              23              23
  190         -19.064     -11.847         -19.053     -11.847             190             190
  113        -492.424     224.540        -492.415     224.542             113             113
   16        3240.697    -516.270        3240.707    -516.289              16              16
  178       -1018.352    -319.516       -1018.337    -319.518             178             178
  188         216.190    2603.252         216.214    2603.248             188             188
   69        1641.741     257.088        1641.752     257.080              69              69
  140        1426.605    -399.347        1426.615    -399.359             140             140
  181        2157.633    1641.498        2157.668    1641.479             181             181
  112       -1169.824     464.103       -1169.803     464.120             112             112
   97        1899.746    -613.201        1899.751    -613.220              97              97
   97        2001.067     688.361        2001.098     688.339              97              97
   21         539.242     -17.890         539.271     -17.898              21              21
   33         116.616    1185.316         116.657    1185.315              33              33
  238        -382.607    -371.452        -382.589    -371.449             238             238
   90         997.281    1943.107         997.333    1943.097              90              90
  115       -1643.989    -451.118       -1643.975    -451.091             115             115
  245        1721.250     406.878        1721.276     406.849             245             245
    5       -1553.486    1677.560       -1553.436    1677.585               5               5
  239         575.267    1242.204         575.302    1242.209             239             239
   80        -341.928    -221.341        -341.911    -221.326              80              80
    8         192.103    1246.851         192.138    1246.856               8               8
  122         644.164     957.714         644.204     957.727             122             122
  241        -604.921   -1591.638        -604.927   -1591.616             241             241
  172         605.430     881.785         605.471     881.773             172             172
   93       -1584.517     453.806       -1584.490     453.841              93              93
  136         -42.475    2126.662         -42.430    2126.687             136             136
  164        1672.241    -671.678        1672.247    -671.677             164             164
  165        -457.553   -1003.607        -457.541   -1003.578             165             165
   60        -211.988   -1145.765        -211.981   -1145.760              60              60
  248       -3280.794     106.900       -3280.791     106.965             248             248
  188        1419.052    1234.142        1419.061    1234.110             188             188
  250        1377.465     391.855        1377.492     391.833             250             250
  105        -938.719     958.833        -938.679     958.871             105             105
  205        -516.569     752.879        -516.560     752.918             205             205
  173        1842.065     785.132        1842.078     785.124             173             173
   38        1882.854    -975.499        1882.854    -975.510              38              38
   18         958.649   -1193.920         958.664   -1193.931              18              18
   57       -1358.017     393.787       -1357.975     393.842              57              57
  219         624.996   -1890.171         624.954   -1890.184             219             219
  131         494.337     684.975         494.381     684.948             131             131
  154         503.387    1392.356         503.463    1392.363             154             154
   60        -899.814    -712.359        -899.808    -712.303              60              60
  153        -592.900     918.434        -592.869     918.488             153             153
  188         872.760   -2081.684         872.695   -2081.680             188             188
   43         762.761   -1231.576         762.735   -1231.614              43              43
  243        1572.440    1149.033        1572.514    1148.980             243             243
   48         329.298    -391.256         329.342    -391.245              48              48
   32        -988.005    -353.048        -987.978    -353.002              32              32
  249         446.976    -470.666         446.989    -470.676             249             249
   32        -633.412     374.939        -633.363     374.977              32              32
  112       -1107.231    -917.700       -1107.264    -917.642             112             112
    2        2285.729   -1336.773        2285.698   -1336.868               2               2
  155         512.533     132.661         512.604     132.614             155             155
   98        -479.846     861.174        -479.738     861.184              98              98
  174       -2340.536    -209.142       -2340.503    -209.057             174             174
  249        -797.850     835.979        -797.803     835.999             249             249
  234       -2159.908     759.862       -2159.893     759.941             234             234
   83         103.641    2957.810         103.726    2957.852              83              83
  158         458.517    -621.788         458.469    -621.731             158             158
   39        1307.660     408.572        1307.686     408.589              39              39
   75        -313.587   -2467.292        -313.672   -2467.227              75              75
   91        -749.993   -1247.963        -750.066   -1247.931              91              91
   34        1685.386   -1131.340        1685.316   -1131.441              34              34
  180        1845.574    1094.644        1845.657    1094.549             180             180
   40        -199.955    -690.111        -199.948    -690.099              40              40
  207         922.293     772.414         922.355     772.380             207             207
  219        1044.379   -1413.997        1044.357   -1414.051             219             219
   59        1494.437     718.053        1494.560     717.949              59              59
    8       -1659.547    1114.064       -1659.415    1114.141               8               8
  183        -592.357    1241.080        -592.269    1241.142             183             183
  190         525.816    -508.666         525.826    -508.660             190             190
  163         317.681     499.117         317.774     499.113             163             163
  244       -1571.922     502.773       -1571.853     502.879             244             244
   87         894.832       5.894         894.878       5.870              87              87
   96       -1202.780    1307.805       -1202.645    1307.908              96              96
   31       -1135.254     -31.055       -1135.220     -30.928              31              31
   75       -1057.100    -370.794       -1057.104    -370.680              75              75
  145        -437.049   -1401.837        -437.110   -1401.799             145             145
   63       -1447.423    1637.802       -1447.347    1637.916              63              63
   68        1844.829   -1527.153        1844.773   -1527.202              68              68
  178       -2761.915    -473.780       -2761.912    -473.622             178             178
  176          -3.394     385.391          -3.407     385.411             176             176
   70         348.533    -649.838         348.490    -649.840              70              70
   77         415.004     360.869         415.042     360.854              77              77
   18          87.601     668.823          87.673     668.857              18              18
  245        -191.400    -503.809        -191.397    -503.759             245             245
   70        1037.267     899.694        1037.398     899.689              70              70
  253       -2387.174   -1163.316       -2387.167   -1163.108             253             253
   73       -1239.746   -1068.238       -1239.783   -1068.151              73              73
  229       -3102.932     241.613       -3102.962     241.817             229             229
   36         470.372    -297.040         470.278    -297.050              36              36
  148        -663.669     537.159        -663.685     537.233             148             148
   64         721.301     -41.355         721.254     -41.344              64              64
   70         613.441    -258.539         613.426    -258.517              70              70
   73        -745.802    -306.615        -745.828    -306.489              73              73
  104        -241.979   -2274.257        -242.171   -2274.203             104             104
   22         240.792    -871.366         240.667    -871.403              22              22
   36        3214.487    -164.025        3214.493    -164.254              36              36
  163        -292.945    -629.563        -292.905    -629.573             163             163
   31         558.359    2391.917         558.599    2391.920              31              31
  219       -1181.053   -1412.828       -1181.076   -1412.654             219             219
   98       -1293.276   -1288.453       -1293.340   -1288.347              98              98
  194       -1725.806     -78.178       -1725.863     -78.050             194             194
  208        1716.800    -675.590        1716.727    -675.702             208             208
  185        -234.283     352.604        -234.212     352.634             185             185
   35        -423.172     829.923        -423.071     830.046              35              35
  239       -1251.730   -2469.887       -1251.887   -2469.718             239             239
    5       -1484.846   -1093.707       -1484.955   -1093.587               5               5
  180        -960.064   -1316.341        -960.234   -1316.256             180             180
   46         -17.381   -2918.317         -17.687   -2918.390              46              46
   73        1196.971     630.661        1196.987     630.468              73              73
  102        -685.677    -175.089        -685.694    -175.086             102             102
  223        -898.924    -319.479        -899.016    -319.477             223             223
  144         406.588    1219.146         406.590    1219.079             144             144
  180         560.309      34.390         560.230      34.348             180             180
  241        1853.104     353.673        1853.101     353.527             241             241
  134         112.445     117.350         112.449     117.354             134             134
  251        1083.286    -183.130        1083.265    -183.208             251             251
  239        -277.088     140.645        -277.106     140.681             239             239
  207        2110.503    -577.211        2110.443    -577.372             207             207
  224         622.233    -444.859         622.238    -444.925             224             224
   20         832.012    -510.886         832.000    -511.000              20              20
  100        1908.653     688.197        1908.819     688.007             100             100
   33       -1431.184    -417.356       -1431.104    -417.258              33              33
   91       -1163.639     270.168       -1163.615     270.221              91              91
  173         864.425     235.429         864.460     235.302             173             173
  138       -1470.037    1262.473       -1469.930    1262.563             138             138
  113         765.703    1186.598         765.763    1186.544             113             113
  210        1251.724     557.736        1251.823     557.648             210             210
   45       -1434.288    1391.116       -1434.125    1391.287              45              45
  144        -845.506     629.341        -845.521     629.500             144             144
  174        1670.271      76.467        1670.238      76.388             174             174
  144        -243.200     463.050        -243.168     463.128             144             144
   83        1854.628    1625.234        1854.791    1625.210              83              83
  126         345.405   -1914.769         345.320   -1914.653             126             126
   73       -1118.881   -1240.747       -1118.974   -1240.602              73              73
  119        1358.320   -1497.536        1358.205   -1497.698             119             119
  109        -737.158     649.244        -737.050     649.254             109             109
   78         441.173    1245.076         441.323    1245.059              78              78
   44       -1486.269     636.751       -1486.226     636.991              44              44
  156         936.052    -942.197         935.893    -942.202             156             156
  152        2207.299    -408.521        2207.323    -408.699             152             152
  147       -1564.553    -356.782       -1564.540    -356.612             147             147
  123        2402.323    -208.811        2402.365    -209.049             123             123
   41        -930.025    1078.161        -929.770    1078.282              41              41
   71       -1740.702     605.214       -1740.597     605.496              71              71
  109       -1554.095    -771.491       -1554.253    -771.223             109             109
  175        1317.561   -1167.378        1317.367   -1167.471             175             175
   66         424.203     484.557         424.243     484.547              66              66
   92        1170.163     634.534        1170.263     634.558              92              92
  127        -348.631   -2695.184        -348.862   -2695.055             127             127
   35         819.670    -474.293         819.654    -474.373              35              35
  113         348.705    -892.725         348.683    -892.744             113             113
  227         397.378    -430.980         397.422    -430.997             227             227
   69          92.798   -1527.195          92.761   -1527.222              69              69
  204       -1172.831     717.517       -1172.662     717.642             204             204
  145        -650.623    -847.550        -650.672    -847.409             145             145
  207        -293.220   -2162.057        -293.398   -2162.042             207             207
   61       -1159.390    -576.613       -1159.418    -576.582              61              61
   99        -494.307     744.792        -494.224     744.835              99              99
  253        -467.445   -1571.803        -467.605   -1571.744             253             253
  206        -462.607    -881.640        -462.693    -881.651             206             206
   18        -164.887   -1254.027        -164.985   -1254.125              18              18
  141       -1497.626     433.528       -1497.559     433.569             141             141
   34       -1056.709    -315.568       -1056.796    -315.553              34              34
  145        -386.125     177.041        -386.163     176.952             145             145
  215        -624.819     757.442        -624.797     757.377             215             215
  153          63.641    2316.076          63.848    2316.025             153             153
  254        -648.561     670.416        -648.543     670.517             254             254
   38          26.931    1712.018          27.042    1712.096              38              38
  197         556.659    -714.510         556.520    -714.481             197             197
  155        1289.706    -376.956        1289.716    -377.112             155             155
  191       -1974.294     277.753       -1974.244     277.931             191             191
   88         551.685    1812.735         551.850    1812.689              88              88
   22       -1026.742     778.137       -1026.705     778.366              22              22
  232        1820.582     550.927        1820.660     550.856             232             232
  159       -1667.260    -652.790       -1667.271    -652.456             159             159
  132       -1544.553   -1247.406       -1544.805   -1247.178             132             132
  152        1148.794     312.778        1148.752     312.657             152             152
  226        -708.721     652.611        -708.666     652.821             226             226
  225        -310.418   -2344.280        -310.780   -2344.163             225             225
   23         479.939   -1052.780         479.755   -1052.909              23              23
    6        -496.411     826.540        -496.381     826.598               6               6
   82        1963.391   -2013.414        1963.154   -2013.680              82              82
  251        -390.333      12.716        -390.186      12.640             251             251
   76       -3045.750     335.563       -3045.728     335.850              76              76
   30        -248.193     550.485        -248.262     550.435              30              30
  140       -1045.662    1484.503       -1045.610    1484.606             140             140
   27        -362.089    1707.584        -362.065    1707.736              27              27
   92         807.985    -274.964         807.799    -274.917              92              92
  240        -210.549    -428.730        -210.739    -428.607             240             240
   25         985.608    -966.549         985.356    -966.650              25              25
   42         372.498     307.230         372.456     307.201              42              42
    2         173.615    -817.999         173.416    -818.006               2               2
  166        -404.758     277.442        -404.893     277.502             166             166
   76        1628.005    -786.817        1627.723    -787.028              76              76
  147        1752.757    -792.411        1752.592    -792.759             147             147
  126         470.389    2754.019         470.704    2753.941             126             126
  230        1599.627     681.600        1599.674     681.582             230             230
  146        1268.813    -876.610        1268.739    -876.581             146             146
  164        -471.955   -2474.081        -472.299   -2473.965             164             164
  171        1509.718    -986.294        1509.541    -986.559             171             171
   45         978.656   -1739.834         978.462   -1740.101              45              45
   99        -263.276    -516.477        -263.366    -516.681              99              99
    3        2277.143     917.144        2277.301     916.602               3               3
   68        -252.821    1912.428        -252.456    1912.330              68              68
   75         -76.548    2298.698         -76.231    2298.746              75              75
  163        1299.557     229.542        1299.626     229.458             163             163
  200         127.914      76.117         128.028      76.113             200             200
  228        -563.193    1537.962        -562.928    1538.106             228             228
  134        -302.592    -518.046        -302.687    -517.921             134             134
  169         950.588     589.085         950.700     588.988             169             169
  251        -931.740     122.429        -931.695     122.625             251             251
  141        1036.023    -549.573        1036.023    -549.734             141             141
  252       -3525.575    1886.530       -3525.355    1887.083             252             252
  246         434.134    -672.525         433.787    -672.481             246             246
  217        1062.076    -106.409        1061.946    -106.566             217             217
   26        -884.124    1721.642        -884.032    1721.871              26              26
  131        1398.107   -1364.406        1397.682   -1364.505             131             131
  245        1792.082     666.852        1792.038     666.631             245             245
  119        2669.214    -618.750        2669.110    -619.091             119             119
  115        2121.544     611.429        2121.785     611.160             115             115
   14         743.575     -69.354         743.790     -69.365              14              14
  162        -564.807    -728.831        -564.746    -728.694             162             162
  118        -516.030     168.780        -515.915     168.908             118             118
  181       -1243.566   -1290.522       -1243.770   -1290.337             181             181
  238        -770.932     559.027        -771.003     559.102             238             238
   10        1389.170     736.642        1389.141     736.535              10              10
   51        1241.962   -2233.927        1241.603   -2234.082              51              51
  213        1075.576    -806.013        1075.519    -806.337             213             213
  156        -183.164       4.793        -183.091       4.618             156             156
  215       -1050.470     761.094       -1050.457     761.028             215             215
  128        2265.432    3341.865        2265.846    3341.468             128             128
  202        1736.419    1169.631        1736.716    1169.503             202             202
   58          30.305     683.563          30.564     683.704              58              58
  132        -394.777    -487.290        -394.798    -487.194             132             132
   15         340.682    2919.862         341.153    2919.948              15              15
  134         212.012    -833.991         211.881    -833.781             134             134
   39        1542.675     130.310        1542.783     130.220              39              39
  216        -115.346    -984.771        -115.329    -984.644             216             216
  106        -730.953    -440.232        -730.910    -440.104             106             106
  174       -1680.644    -374.795       -1680.761    -374.603             174             174
  130         919.607    3048.980         919.990    3048.931             130             130
  102         922.119    -593.694         922.070    -593.574             102             102
   59        -881.987    -862.659        -882.104    -862.374              59              59
  126         422.337   -1030.391         422.133   -1030.443             126             126
   93          76.923     739.270          77.039     739.276              93              93
   20         190.393     400.657         190.453     400.781              20              20
  153        -408.395   -1957.105        -408.782   -1956.990             153             153
  224        1675.000       0.396        1675.000       0.000             224             224
    9        -409.182    1956.871        -408.787    1956.988               9               9
   16         190.517    -400.907         190.455    -400.781              16              16
   84          77.158    -739.286          77.040    -739.278              84              84
   24         421.920    1030.496         422.131    1030.443              24              24
  178        -882.229     862.073        -882.106     862.371             178             178
  202         922.017     593.449         922.069     593.575             202             202
  205         920.406   -3048.877         919.999   -3048.929             205             205
  161       -1680.886     374.396       -1680.761     374.601             161             161
  213        -730.864     439.960        -730.910     440.100             213             213
    0        -115.315     984.506        -115.332     984.643              -0              -0
  118        1542.901    -130.117        1542.784    -130.216             118             118
  114         211.735     833.547         211.880     833.779             114             114
  215         341.684   -2920.043         341.162   -2919.948             215             215
  246        -394.822     487.086        -394.798     487.193             246             246
   60          30.857    -683.861          30.566    -683.702              60              60
   18        1737.054   -1169.357        1736.717   -1169.502              18              18
  123        2266.334   -3341.004        2265.855   -3341.461             123             123
   76       -1050.438    -760.957       -1050.454    -761.031              76              76
  153        -183.010      -4.416        -183.093      -4.618             153             153
  163        1075.450     806.717        1075.517     806.338             163             163
   36        1241.173    2234.270        1241.598    2234.087              36              36
    4        1389.107    -736.405        1389.142    -736.532               4               4
   81        -771.085    -559.193        -771.001    -559.103              81              81
  166       -1244.015    1290.111       -1243.770    1290.335             166             166
  107        -515.773    -169.063        -515.914    -168.909             107             107
  141        -564.673     728.524        -564.747     728.692             141             141
   36         744.055      69.379         743.790      69.367              36              36
  200        2122.088    -610.821        2121.787    -611.157             200             200
  162        2668.977     619.529        2669.109     619.099             162             162
  189        1791.984    -666.347        1792.039    -666.627             189             189
  169        1397.136    1364.635        1397.677    1364.510             169             169
  171        -883.911   -1722.166        -884.030   -1721.871             171             171
  205        1061.774     106.774        1061.943     106.569             205             205
  254         433.332     672.426         433.786     672.483             254             254
  195       -3525.060   -1887.825       -3525.351   -1887.092             195             195
  128        1036.020     549.950        1036.021     549.735             128             128
  200        -931.633    -122.892        -931.694    -122.628             200             200
  145         950.854    -588.854         950.702    -588.986             145             145
   33        -302.818     517.753        -302.688     517.922              33              33
  158        -562.559   -1538.304        -562.925   -1538.106             158             158
  145         128.187     -76.107         128.028     -76.113             145             145
  152        1299.724    -229.338        1299.628    -229.456             152             152
   16         -75.778   -2298.813         -76.225   -2298.745              16              16
  105        -251.935   -1912.192        -252.452   -1912.331             105             105
  143        2277.527    -915.818        2277.302    -916.594             143             143
   77        -263.495     516.974        -263.367     516.680              77              77
  123         978.177    1740.492         978.457    1740.104             123             123
   10        1509.279     986.949        1509.539     986.560              10              10
  153        -472.817    2473.794        -472.307    2473.965             153             153
   21        1268.627     876.542        1268.737     876.584              21              21
  173        1599.747    -681.549        1599.676    -681.578             173             173
  189         471.187   -2753.823         470.709   -2753.941             189             189
   26        1752.335     793.294        1752.587     792.763              26              26
  255        1627.286     787.354        1627.720     787.030             255             255
  100        -405.101    -277.595        -404.893    -277.503             100             100
  133         173.103     818.018         173.415     818.007             133             133
  140         372.388    -307.155         372.455    -307.201             140             140
  136         984.952     966.808         985.353     966.649             136             136
   78        -211.046     428.410        -210.742     428.607              78              78
   46         807.498     274.846         807.798     274.920              46              46
   70        -362.022   -1707.981        -362.062   -1707.735              70              70
  247       -1045.522   -1484.779       -1045.608   -1484.609             247             247
  218        -248.375    -550.351        -248.261    -550.434             218             218
   20       -3045.689    -336.332       -3045.726    -335.852              20              20
  245        -389.942     -12.513        -390.187     -12.640             245             245
  158        1962.742    2014.137        1963.150    2013.683             158             158
  148        -496.330    -826.696        -496.380    -826.597             148             148
  190         479.433    1053.133         479.752    1052.909             190             190
   47        -311.421    2343.956        -310.787    2344.162              47              47
  182        -708.566    -653.196        -708.664    -652.825             182             182
   92        1148.676    -312.436        1148.751    -312.653              92              92
  192       -1545.257    1246.769       -1544.807    1247.176             192             192
   78       -1667.299     651.845       -1667.275     652.451              78              78
  109        1820.804    -550.724        1820.661    -550.854             109             109
   41       -1026.635    -778.788       -1026.704    -778.367              41              41
  221         552.163   -1812.601         551.855   -1812.688             221             221
  186       -1974.152    -278.269       -1974.244    -277.936             186             186
  165        1289.733     377.408        1289.714     377.114             165             165
  232         556.253     714.431         556.517     714.485             232             232
   84          27.257   -1712.246          27.043   -1712.097              84              84
  187        -648.507    -670.711        -648.542    -670.518             187             187
  149          64.258   -2315.925          63.853   -2316.025             149             149
   17        -624.752    -757.246        -624.796    -757.376              17              17
  213        -386.242    -176.778        -386.164    -176.953             213             213
  149       -1056.968     315.519       -1056.796     315.551             149             149
  117       -1497.424    -433.659       -1497.559    -433.574             117             117
   91        -165.188    1254.328        -164.988    1254.127              91              91
   34        -462.869     881.673        -462.693     881.650              34              34
  254        -467.942    1571.623        -467.609    1571.744             254             254
  169        -494.049    -744.928        -494.222    -744.837             169             169
   80       -1159.478     576.514       -1159.419     576.580              80              80
   68        -293.780    2162.010        -293.402    2162.042              68              68
  160        -650.778     847.103        -650.673     847.408             160             160
   43       -1172.296    -717.915       -1172.661    -717.644              43              43
   89          92.676    1527.281          92.757    1527.222              89              89
  150         397.518     431.037         397.421     430.998             150             150
  201         348.629     892.786         348.680     892.745             201             201
  237         819.616     474.558         819.653     474.375             237             237
   85        -349.396    2694.764        -348.869    2695.055              85              85
  249        1170.495    -634.611        1170.264    -634.557             249             249
  164         424.340    -484.526         424.245    -484.547             164             164
  177        1316.913    1167.691        1317.364    1167.474             177             177
  186       -1554.630     770.589       -1554.256     771.218             186             186
  242       -1740.345    -606.172       -1740.596    -605.500             242             242
   31        -929.154   -1078.576        -929.766   -1078.285              31              31
  228        2402.463     209.632        2402.364     209.054             228             228
  208       -1564.510     356.195       -1564.541     356.608             208             208
  217        2207.381     409.146        2207.322     408.704             217             217
  137         935.493     942.222         935.890     942.206             137             137
  184       -1486.117    -637.598       -1486.225    -636.995             184             184
   45         441.705   -1245.013         441.327   -1245.059              45              45
   69        -736.775    -649.279        -737.049    -649.255              69              69
   78        1357.898    1498.124        1358.200    1497.702              78              78
   63       -1119.222    1240.221       -1118.977    1240.599              63              63
   26         345.088    1914.349         345.315    1914.653              26              26
  228        1855.228   -1625.141        1854.793   -1625.206             228             228
  181        -243.082    -463.341        -243.168    -463.131             181             181
  118        1670.151     -76.169        1670.239     -76.385             118             118
    6        -845.559    -629.937        -845.518    -629.503               6               6
  180       -1433.669   -1391.764       -1434.121   -1391.290             180             180
   31        1252.099    -557.399        1251.824    -557.646              31              31
   86         765.936   -1186.392         765.765   -1186.544              86              86
  248       -1469.623   -1262.825       -1469.926   -1262.567             248             248
  191         864.558    -234.933         864.459    -235.300             191             191
  130       -1163.542    -270.378       -1163.613    -270.223             130             130
   82       -1430.872     416.968       -1431.105     417.255              82              82
   86        1909.312    -687.438        1908.821    -688.001              86              86
   76         831.963     511.341         832.000     511.000              76              76
   63         622.244     445.129         622.236     444.926              63              63
  171        2110.254     577.876        2110.442     577.376             171             171
   69        -277.161    -140.796        -277.106    -140.682              69              69
  228        1083.192     183.457        1083.263     183.210             228             228
   93         112.463    -117.369         112.450    -117.354              93              93
  255        1853.094    -353.054        1853.101    -353.524             255             255
  214         559.973     -34.205         560.229     -34.345             214             214
  124         406.606   -1218.854         406.594   -1219.077             124             124
  227        -899.322     319.464        -899.017     319.476             227             227
  167        -685.759     175.070        -685.696     175.084             167             167
   86        1197.045    -629.806        1196.988    -630.463              86              86
  109         -18.745    2918.635         -17.693    2918.389             109             109
   96        -960.836    1315.958        -960.239    1316.254              96              96
  132       -1485.340    1093.158       -1484.957    1093.583             132             132
  178       -1252.457    2469.114       -1251.895    2469.714             178             178
  174        -422.708    -830.485        -423.070    -830.046             174             174
  195        -233.956    -352.748        -234.212    -352.636             195             195
  205        1716.450     676.124        1716.725     675.706             205             205
  147       -1726.071      77.567       -1725.863      78.046             147             147
  121       -1293.593    1287.938       -1293.344    1288.343             121             121
   67       -1181.170    1411.988       -1181.079    1412.651              67              67
  153         559.527   -2391.929         558.603   -2391.920             153             153
   45        -292.748     629.610        -292.904     629.572              45              45
   98        3214.519     165.169        3214.494     164.260              98              98
  240         240.164     871.551         240.664     871.403             240             240
   38        -242.956    2273.983        -242.177    2274.201              38              38
   34        -745.930     305.967        -745.827     306.486              34              34
  114         613.361     258.427         613.424     258.517             114             114
  120         721.054      41.298         721.253      41.345             120             120
  121        -663.753    -537.553        -663.684    -537.235             121             121
  190         469.872     297.090         470.277     297.050             190             190
  184       -3103.091    -242.705       -3102.962    -241.819             184             184
   36       -1239.968    1067.748       -1239.788    1068.145              36              36
    3       -2387.148    1162.158       -2387.170    1163.101               3               3
  156        1038.000    -899.658        1037.401    -899.687             156             156
  130        -191.394     503.525        -191.400     503.758             130             130
    3          88.012    -669.016          87.674    -668.857               3               3
  115         415.224    -360.777         415.044    -360.853             115             115
  255         348.275     649.851         348.487     649.840             255             255
  230          -3.468    -385.504          -3.407    -385.410             230             230
   26       -2761.905     472.825       -2761.914     473.614              26              26
   85        1844.485    1527.451        1844.770    1527.205              85              85
   84       -1446.953   -1638.498       -1447.343   -1637.919              84              84
  122        -437.430    1401.599        -437.114    1401.797             122             122
  217       -1057.124     370.077       -1057.104     370.676             217             217
    6       -1135.035      30.253       -1135.217      30.925               6               6
   41       -1201.915   -1308.469       -1202.640   -1307.912              41              41
  157         895.129      -5.736         894.879      -5.868             157             157
  212       -1571.462    -503.478       -1571.851    -502.884             212             212
  188         318.299    -499.101         317.776    -499.115             188             188
   22         525.880     508.634         525.827     508.663              22              22
   24        -591.761   -1241.506        -592.267   -1241.144              24              24
   86       -1658.626   -1114.597       -1659.410   -1114.145              86              86
   67        1495.293    -717.329        1494.562    -717.947              67              67
  123        1044.217    1414.389        1044.355    1414.055             123             123
   70         922.729    -772.163         922.355    -772.377              70              70
  105        -199.903     690.021        -199.949     690.098             105             105
  158        1846.192   -1093.943        1845.660   -1094.546             158             158
  184        1684.858    1132.105        1685.313    1131.447             184             184
  226        -750.553    1247.717        -750.070    1247.928             226             226
   23        -314.252    2466.796        -313.678    2467.227              23              23
  119        1307.859    -408.696        1307.687    -408.585             119             119
  154         458.133     621.338         458.466     621.731             154             154
   60         104.325   -2958.146         103.729   -2957.850              60              60
  123       -2159.765    -760.546       -2159.890    -759.948             123             123
   54        -797.455    -836.163        -797.801    -836.001              54              54
  190       -2340.254     208.401       -2340.502     209.051             190             190
  126        -478.914    -861.269        -479.736    -861.186             126             126
  169         513.171    -132.247         512.607    -132.613             169             169
  189        2285.436    1337.643        2285.694    1336.874             189             189
  101       -1107.538     917.159       -1107.265     917.637             101             101
  195        -632.966    -375.287        -633.363    -374.977             195             195
   19         447.108     470.758         446.991     470.676              19              19
  185        -987.757     352.592        -987.979     352.998             185             185
   62         329.719     391.164         329.342     391.246              62              62
  236        1573.177   -1148.505        1572.516   -1148.978             236             236
  192         762.491    1231.952         762.733    1231.614             192             192
  103         872.079    2081.649         872.691    2081.682             103             103
  137        -592.566    -919.014        -592.866    -918.491             137             137
  149        -899.747     711.755        -899.808     712.301             149             149
   36         504.242   -1392.426         503.467   -1392.362              36              36
  159         494.841    -684.681         494.382    -684.948             159             159
  173         624.508    1890.321         624.952    1890.185             173             173
  122       -1357.530    -394.448       -1357.975    -393.846             122             122
  227         958.822    1194.055         958.663    1193.932             227             227
   40        1882.833     975.646        1882.850     975.513              40              40
  192        1842.243    -785.017        1842.082    -785.121             192             192
   77        -516.456    -753.380        -516.560    -752.918              77              77
  198        -938.169    -959.345        -938.675    -958.874             198             198
  121        1377.827    -391.544        1377.492    -391.831             121             121
   47        1419.199   -1233.690        1419.065   -1234.106              47              47
  222       -3280.756    -107.853       -3280.791    -106.973             222             222
  241        -211.889    1145.684        -211.982    1145.758             241             241
  201        -457.384    1003.165        -457.545    1003.576             201             201
   26        1672.329     671.680        1672.245     671.680              26              26
  109         -41.732   -2127.057         -42.427   -2126.686             109             109
    0       -1584.048    -454.429       -1584.488    -453.846               0              -0
  217         606.156    -881.579         605.473    -881.773             217             217
  235        -605.049    1591.225        -604.930    1591.612             235             235
  169         644.914    -957.932         644.206    -957.726             169             169
  151         192.830   -1246.960         192.143   -1246.858             151             151
   81        -341.622     221.018        -341.914     221.323              81              81
  109         576.014   -1242.296         575.307   -1242.208             109             109
  170       -1552.407   -1678.106       -1553.434   -1677.586             170             170
   11        1721.870    -406.201        1721.279    -406.845              11              11
  171       -1643.655     450.433       -1643.976     451.085             171             171
  150         998.582   -1942.825         997.337   -1943.094             150             150
  204        -382.144     371.359        -382.589     371.447             204             204
   19         117.772   -1185.288         116.661   -1185.316              19              19
   32         540.090      18.119         539.273      17.899              32              32
   97        2002.025    -687.647        2001.101    -688.333              97              97
   56        1899.911     613.797        1899.751     613.221              56              56
  192       -1169.067    -464.701       -1169.801    -464.122             192             192
   14        2158.968   -1640.754        2157.671   -1641.475              14              14
  178        1427.008     399.893        1426.616     399.362             178             178
  163        1642.228    -256.715        1641.752    -257.077             163             163
   55         217.443   -2603.045         216.223   -2603.247              55              55
  115       -1017.622     319.548       -1018.340     319.514             115             115
  241        3241.248     517.471        3240.705     516.298             241             241
  254        -491.843    -224.662        -492.415    -224.540             254             254
  237         -18.242      11.900         -19.051      11.848             237             237
   32       -1204.601    -159.298       -1205.842    -158.959              32              32
  220          31.547     295.145          29.987     295.152             220             220
  222         711.875   -1008.706         709.541   -1008.998             222             222
  233        1885.812     243.669        1883.551     242.895             233             233
  246         402.981     210.529         399.721     210.375             246             246
   76           1.514    -676.467          -5.669    -676.543              76              76
