SINAL     NFT                         FFT                         NFT INVERSA     FFT INVERSA
-----     -----------------------     -----------------------     -----------     -----------
   53       63236.000       0.000       63236.000       0.000              53              53
   88        -165.078    1797.878        -165.064    1797.878              88              88
  223        -259.382    -186.204        -259.370    -186.204             223             223
   75         956.622     772.817         956.636     772.816              75              75
   14        -541.394   -2109.388        -541.385   -2109.388              14              14
   71         515.492     -60.370         515.505     -60.376              71              71
  181         -83.340    1489.886         -83.320    1489.883             181             181
   10        -789.556     989.371        -789.540     989.374              10              10
  144        -469.856      83.957        -469.845      83.958             144             144
  125        1817.650     516.993        1817.668     516.981             125             125
  137       -1195.685    1339.583       -1195.659    1339.589             137             137
   70        -629.615      80.446        -629.601      80.451              70              70
    1        -624.832    -274.113        -624.821    -274.112               1               1
   37        -628.882     292.246        -628.868     292.244              37              37
  236        -418.414    1792.455        -418.389    1792.453             236             236
   21        -421.489    1567.940        -421.470    1567.948              21              21
  125         631.434     704.343         631.448     704.345             125             125
  130         -58.315      97.732         -58.305      97.741             130             130
  104         991.018   -1187.574         991.017   -1187.588             104             104
  101        -101.903    2139.132        -101.864    2139.133             101             101
   88        -536.877      41.643        -536.867      41.660              88              88
  168         363.336   -1173.819         363.326   -1173.828             168             168
  226        1677.651    2438.086        1677.700    2438.060             226             226
  228         -47.913    1456.554         -47.870    1456.574             228             228
  228          23.219    -582.772          23.233    -582.753             228             228
   12          78.186     -37.457          78.214     -37.442              12              12
  175       -2341.730    -700.893       -2341.722    -700.841             175             175
   55       -1505.025    -765.782       -1505.041    -765.748              55              55
  235        -761.544    -542.694        -761.574    -542.671             235             235
  129        2822.925   -1248.674        2822.896   -1248.718             129             129
   81        1511.681    -543.880        1511.698    -543.908              81              81
   32           5.095   -1163.752           5.107   -1163.754              32              32
  218        -821.322   -1285.003        -821.322   -1285.000             218             218
   48       -1514.336    -946.030       -1514.345    -946.028              48              48
  108        -764.059    1237.449        -764.040    1237.438             108             108
  232         872.222    1396.353         872.249    1396.330             232             232
  119        -394.216     578.099        -394.202     578.120             119             119
   33         512.115    -425.539         512.099    -425.537              33              33
  243        1514.158   -1851.050        1514.125   -1851.103             243             243
    8         159.834    2147.668         159.908    2147.656               8               8
  158        -280.157   -1921.763        -280.192   -1921.760             158             158
  124          87.018     675.898          87.041     675.868             124             124
   79        1029.753    1315.657        1029.808    1315.623              79              79
  160       -1996.783      87.356       -1996.777      87.411             160             160
  162         877.456     -31.459         877.434     -31.500             162             162
   59        1470.931    3458.009        1471.026    3457.993              59              59
  181        1219.592   -1865.206        1219.554   -1865.193             181             181
   31        1179.051   -2259.152        1179.013   -2259.199              31              31
  190         603.490     227.595         603.535     227.538             190             190
   29         -63.314    1375.050         -63.238    1375.041              29              29
  133         728.843    -494.521         728.869    -494.555             133             133
   22       -1584.390    1983.657       -1584.296    1983.707              22              22
  197         217.607     327.270         217.635     327.291             197             197
  103       -1452.984    -459.050       -1452.992    -458.980             103             103
  251         131.207   -1102.426         131.160   -1102.433             251             251
  170        -754.179     447.872        -754.188     447.893             170             170
  115        1609.550   -1218.152        1609.477   -1218.224             115             115
  170        2613.602     842.478        2613.652     842.365             170             170
  225         716.136    -871.399         716.156    -871.447             225             225
   94        -479.028     651.308        -478.974     651.286              94              94
   44        1134.351     700.001        1134.400     699.924              44              44
   50         433.807    1620.889         433.901    1620.846              50              50
  127        1489.974    2235.292        1490.115    2235.245             127             127
    6        -458.954    1148.801        -458.842    1148.856               6               6
   99        -715.141     595.188        -715.074     595.261              99              99
  235        -476.978    -842.849        -476.993    -842.818             235             235
  239         845.048    2187.604         845.176    2187.590             239             239
  219       -1035.435   -1098.666       -1035.445   -1098.597             219             219
   12        -223.528    2377.180        -223.420    2377.224              12              12
  226        1600.332   -1104.003        1600.320   -1104.022             226             226
  228        -978.042     522.739        -977.969     522.808             228             228
  171         260.602     879.860         260.673     879.910             171             171
   95         -88.513   -1658.515         -88.547   -1658.459              95              95
   51        -283.962    -114.285        -283.924    -114.245              51              51
   75       -1132.845    -899.882       -1132.876    -899.798              75              75
    1        2067.283   -1380.483        2067.261   -1380.584               1               1
  111       -1022.452     256.665       -1022.355     256.704             111             111
    0       -1370.322      52.269       -1370.279      52.344               0               0
   32        -223.111     688.362        -223.043     688.415              32              32
   45       -1028.488   -2024.373       -1028.551   -2024.291              45              45
   30       -1041.909    -809.398       -1041.929    -809.363              30              30
  165       -1053.610    -160.177       -1053.613    -160.136             165             165
   67        -436.642    -908.916        -436.689    -908.918              67              67
  228        -687.462     896.130        -687.413     896.159             228             228
   12        -343.443   -1726.673        -343.536   -1726.680              12              12
   63       -1202.863     930.717       -1202.832     930.724              63              63
  142         250.604    1322.252         250.631    1322.222             142             142
  128        1967.000    2253.571        1967.141    2253.523             128             128
  233         -28.260   -1597.801         -28.280   -1597.732             233             233
  112       -1554.331    -140.448       -1554.305    -140.336             112             112
  223        -731.933   -1356.186        -732.024   -1356.147             223             223
   21         222.264     707.166         222.302     707.142              21              21
  163       -1009.303    -317.124       -1009.341    -317.055             163             163
   94        1388.728     246.798        1388.731     246.716              94              94
   28         383.788    1461.458         383.915    1461.500              28              28
    7        -350.356   -2427.436        -350.467   -2427.358               7               7
   73          73.623   -1189.021          73.583   -1189.054              73              73
   11        -342.946    -290.052        -342.921    -290.075              11              11
  227        -747.556     979.338        -747.463     979.373             227             227
   86        -295.169     159.226        -295.121     159.281              86              86
  237       -2525.421   -1084.933       -2525.506   -1084.754             237             237
  199         643.915      33.942         643.880      33.903             199             199
    1       -1244.101    -767.120       -1244.174    -767.030               1               1
   76         -91.384   -1100.950         -91.513   -1100.975              76              76
  251         491.488     612.218         491.491     612.156             251             251
   77         542.064     275.085         542.084     275.075              77              77
   77       -1664.521   -1987.538       -1664.708   -1987.447              77              77
  106        1349.323    1104.049        1349.302    1103.916             106             106
   78        2932.976    -512.210        2932.957    -512.425              78              78
  110        -209.506    1221.620        -209.357    1221.652             110             110
  151         448.544   -1413.818         448.483   -1413.825             151             151
  108        -705.210    -124.322        -705.207    -124.283             108             108
   19         447.130    -581.593         447.066    -581.633              19              19
  219        1080.974    -365.017        1080.957    -365.108             219             219
   81         261.708    -906.171         261.663    -906.222              81              81
   32         575.144      38.138         575.154      38.052              32              32
   26        1136.935     -17.396        1136.950     -17.501              26              26
  224        1842.701    -665.941        1842.715    -666.109             224             224
  161        2084.124     -96.267        2084.288     -96.468             161             161
    4       -1446.432     -41.513       -1446.250     -41.435               4               4
   81       -1964.293    -971.141       -1964.295    -971.051              81              81
  128        -357.418     335.726        -357.368     335.658             128             128
   25        -259.221    1410.391        -259.076    1410.366              25              25
  244         456.690     357.276         456.791     357.230             244             244
  223       -1118.486    1281.911       -1118.301    1282.034             223             223
   53       -1089.247   -1406.718       -1089.323   -1406.607              53              53
  252       -1054.864    -340.268       -1054.900    -340.224             252             252
   41         505.465    -190.859         505.446    -190.943              41              41
   64         904.997    -926.827         905.000    -927.000              64              64
  223       -1005.597    1224.924       -1005.376    1224.886             223             223
  127       -3014.088    2638.120       -3013.879    2638.362             127             127
   46        2056.455    1141.759        2056.552    1141.684              46              46
  166       -1792.010   -1746.804       -1792.098   -1746.612             166             166
  129         202.595     479.046         202.669     479.000             129             129
  122        -875.643     627.069        -875.510     627.177             122             122
  162       -2328.300    -983.225       -2328.373    -982.985             162             162
  207        -909.681   -2154.159        -909.913   -2154.165             207             207
  200       -1648.788    1350.670       -1648.755    1350.705             200             200
   12        1109.278     441.725        1109.262     441.594              12              12
   29       -2041.672    -452.996       -2041.789    -452.874              29              29
   54        1867.875     477.178        1867.818     476.909              54              54
  164        1664.392    1335.236        1664.570    1335.011             164             164
  138       -1451.511    1504.867       -1451.330    1504.983             138             138
   74         819.525     800.705         819.604     800.644              74              74
  128          -6.184     522.887          -6.071     522.894             128             128
  219        -987.544     431.949        -987.461     432.020             219             219
  107        -910.350    1933.619        -910.182    1933.726             107             107
  154         -27.305     625.373         -27.272     625.451             154             154
  187        -174.065     670.540        -174.017     670.642             187             187
   12         691.148     127.617         691.186     127.659              12              12
  159        -681.627   -1311.594        -681.699   -1311.467             159             159
   13       -1040.408   -1014.930       -1040.503   -1014.867              13              13
  141        -733.728     752.286        -733.702     752.323             141             141
  185         585.683      92.455         585.668      92.407             185             185
    1        -159.620    -166.369        -159.616    -166.356               1               1
  108         -73.418    -290.955         -73.400    -290.992             108             108
  238       -2110.201    1468.705       -2110.061    1468.917             238             238
  253       -1829.435    -183.257       -1829.642    -183.016             253             253
  149        3314.172    -886.822        3313.981    -887.164             149             149
   47        -553.759    -587.734        -553.815    -587.764              47              47
  221        1948.111     837.225        1948.215     836.907             221             221
   21        -155.643    2850.504        -155.266    2850.543              21              21
   94         483.285     -90.293         483.351     -90.239              94              94
  132           6.686     494.127           6.873     494.224             132             132
  150       -2548.686   -1807.782       -2548.821   -1807.470             150             150
  216       -1583.377    -718.536       -1583.564    -718.454             216             216
   38        1387.955    1315.248        1388.022    1315.059              38              38
  101         251.003    -536.713         250.980    -536.738             101             101
  160          45.397   -1013.824          45.352   -1013.954             160             160
   50        -746.080    2343.109        -745.739    2343.079              50              50
  131       -2382.630    2026.242       -2382.415    2026.564             131             131
  215        -815.146    -391.811        -815.278    -391.651             215             215
  215       -1269.886     138.472       -1269.989     138.593             215             215
   13        -545.711    1903.569        -545.680    1903.680              13              13
   33        1069.590   -1190.234        1069.306   -1190.326              33              33
   87        1093.527    2046.700        1093.714    2046.588              87              87
  233        -968.948     437.262        -968.987     437.475             233             233
  140        1487.450    1011.291        1487.437    1011.269             140             140
  242        2017.690   -1213.579        2017.561   -1213.663             242             242
  165          37.908   -1342.773          37.817   -1342.739             165             165
  152        -246.815    -671.296        -246.890    -671.278             152             152
  145        -186.835   -1619.102        -187.091   -1619.191             145             145
  178        1856.828    1643.150        1857.008    1642.827             178             178
   37         466.942     867.471         467.130     867.454              37              37
   74        -403.691   -1354.534        -403.786   -1354.521              74              74
  179       -1352.254    1269.223       -1352.152    1269.290             179             179
  146         991.294    1210.686         991.354    1210.554             146             146
   57         659.540    1769.001         659.743    1769.007              57              57
  177         147.480     156.058         147.487     156.187             177             177
   39         462.008    -719.862         461.893    -719.843              39              39
  105         164.266     315.381         164.230     315.408             105             105
  142        2861.505      64.640        2861.536      64.379             142             142
   60         593.046   -1040.719         593.074   -1040.738              60              60
  199        -668.876    -503.827        -668.871    -503.748             199             199
   18        1352.534    -444.991        1352.543    -445.191              18              18
  211         424.205     172.922         424.397     172.849             211             211
  159       -1887.113    -299.983       -1887.079    -299.745             159             159
   57        -167.483   -1231.518        -167.710   -1231.605              57              57
   57        1638.464    2104.701        1638.733    2104.420              57              57
   64        2063.935     162.314        2064.188     162.098              64              64
  108       -3424.394     -10.571       -3424.245     -10.107             108             108
  189        -255.820     445.337        -255.827     445.416             189             189
   23         191.303   -1452.454         191.081   -1452.500              23              23
   67         603.120     683.076         603.218     682.923              67              67
  202         700.673     365.637         700.788     365.550             202             202
   57         992.263   -1309.390         992.266   -1309.615              57              57
  154       -1495.432    2371.579       -1494.919    2371.720             154             154
  179       -3119.956      27.789       -3120.006      28.292             179             179
  197        1059.189    -953.446        1058.936    -953.586             197             197
  141         105.468    -937.946         105.335    -938.092             141             141
   88         439.014     854.224         439.169     853.999              88              88
   94       -1264.450    1203.464       -1264.299    1203.559              94              94
   30         156.136    -245.063         155.998    -245.203              30              30
   10         809.999    1642.871         810.139    1642.582              10              10
  132        1931.984    3039.716        1932.403    3039.405             132             132
  104        2468.390    2531.222        2468.952    2531.019             104             104
  190        -635.882     910.011        -635.474     910.299             190             190
   22        -788.845     789.118        -788.554     789.434              22              22
  161       -1015.994   -1283.693       -1016.063   -1283.444             161             161
  112        -518.539    -139.520        -518.478    -139.521             112             112
   62        -777.544    2830.446        -777.072    2830.587              62              62
   10        -471.240    1531.702        -470.963    1532.021              10              10
  255        -846.463    -744.767        -846.527    -744.410             255             255
  123        -459.723    -341.639        -459.759    -341.416             123             123
  210         495.673   -1726.990         495.527   -1727.039             210             210
   18       -2092.287    1403.713       -2091.997    1404.041              18              18
   79       -1029.622   -1030.039       -1029.821   -1029.832              79              79
  113        -451.183     875.755        -451.114     875.848             113             113
   75         327.601     190.950         327.644     191.023              75              75
  136       -1438.994   -1170.151       -1439.171   -1169.872             136             136
  178         185.323   -1075.191         185.132   -1075.313             178             178
  183        -807.407    1453.301        -807.190    1453.357             183             183
   69        -832.644    -631.653        -832.814    -631.588              69              69
  202         803.717    2482.362         804.084    2482.223             202             202
  251       -1910.421     570.334       -1910.380     570.743             251             251
   16         586.981    1205.336         587.040    1205.421              16              16
    3         470.119   -1070.292         469.938   -1070.209               3               3
  149          63.866    -445.430          63.839    -445.408             149             149
  195       -1684.894    -156.179       -1685.002    -155.927             195             195
  200        1529.109     729.610        1529.123     729.413             200             200
   35         180.069    -611.106         180.002    -611.090              35              35
   28         155.659    -444.496         155.612    -444.580              28              28
   39           7.626     478.736           7.731     478.643              39              39
   65        -869.432     346.499        -869.447     346.506              65              65
   39        2292.311    3090.046        2292.805    3089.687              39              39
  171         437.247     801.026         437.572     801.115             171             171
  169        -593.047    1331.590        -592.662    1331.885             169             169
  229        -104.908   -1267.934        -104.918   -1267.804             229             229
  194       -2510.731    1031.316       -2510.456    1031.741             194             194
   75       -1385.459     337.450       -1385.469     337.726              75              75
   86        -488.378    1109.040        -488.257    1109.173              86              86
    0       -1345.719    1137.401       -1345.611    1137.729              -0               0
   86       -1186.482     959.259       -1186.522     959.588              86              86
   85         298.935    1233.647         298.902    1233.757              85              85
  123        1272.307    1486.284        1272.434    1486.298             123             123
   40        -120.657    2124.107        -120.418    2124.523              40              40
  103        2574.000      -0.103        2574.000       0.000             103             103
  202        -120.162   -2124.946        -120.410   -2124.526             202             202
  154        1272.570   -1486.309        1272.438   -1486.296             154             154
  179         298.874   -1233.872         298.906   -1233.759             179             179
   83       -1186.561    -959.931       -1186.521    -959.591              83              83
   76       -1345.493   -1138.076       -1345.608   -1137.733              76              76
  107        -488.126   -1109.315        -488.255   -1109.176             107             107
  153       -1385.479    -338.024       -1385.469    -337.731             153             153
   22       -2510.160   -1032.197       -2510.454   -1031.743              22              22
  102        -104.931    1267.660        -104.920    1267.801             102             102
  170        -592.240   -1332.206        -592.658   -1331.887             170             170
   25         437.930    -801.211         437.575    -801.115              25              25
  252        2293.355   -3089.287        2292.811   -3089.683             252             252
  110        -869.463    -346.518        -869.446    -346.510             110             110
  226           7.853    -478.540           7.733    -478.643             226             226
   31         155.561     444.674         155.612     444.578              31              31
  138         179.924     611.072         180.001     611.090             138             138
    9        1529.144    -729.182        1529.126    -729.410               9               9
   96       -1685.127     155.630       -1685.003     155.922              96              96
  178          63.806     445.380          63.838     445.406             178             178
  181         469.722    1070.112         469.935    1070.209             181             181
   10         587.113   -1205.521         587.043   -1205.421              10              10
  152       -1910.329    -571.235       -1910.378    -570.748             152             152
  119         804.531   -2482.057         804.089   -2482.223             119             119
   85        -833.019     631.509        -832.814     631.588              85              85
  238        -806.921   -1453.429        -807.186   -1453.360             238             238
  120         184.895    1075.466         185.131    1075.314             120             120
  172       -1439.393    1169.523       -1439.174    1169.868             172             172
   67         327.698    -191.112         327.644    -191.022              67              67
  244        -451.026    -875.968        -451.112    -875.851             244             244
  212       -1030.075    1029.566       -1029.823    1029.829             212             212
  171       -2091.625   -1404.465       -2091.994   -1404.047             171             171
  191         495.336    1727.104         495.525    1727.040             191             191
  110        -459.804     341.127        -459.758     341.416             110             110
   95        -846.613     743.939        -846.527     744.407              95              95
   18        -470.589   -1532.443        -470.957   -1532.023              18              18
  187        -776.437   -2830.774        -777.067   -2830.587             187             187
  202        -518.396     139.520        -518.478     139.519             202             202
  172       -1016.159    1283.103       -1016.065    1283.440             172             172
  210        -788.154    -789.867        -788.550    -789.436             210             210
   48        -634.913    -910.693        -635.473    -910.298              48              48
   86        2469.740   -2530.730        2468.960   -2531.014              86              86
  236        1932.999   -3038.969        1932.412   -3039.403             236             236
   44         810.340   -1642.170         810.143   -1642.578              44              44
  196         155.803     245.403         155.997     245.205             196             196
  207       -1264.078   -1203.698       -1264.295   -1203.562             207             207
   75         439.393    -853.675         439.171    -853.999              75              75
   79         105.139     938.304         105.332     938.092              79              79
  217        1058.565     953.792        1058.935     953.587             217             217
  172       -3120.077     -29.044       -3120.005     -28.300             172             172
    1       -1494.148   -2371.935       -1494.914   -2371.724               1               1
  142         992.269    1309.958         992.265    1309.618             142             142
  182         700.962    -365.415         700.788    -365.549             182             182
  153         603.373    -682.687         603.221    -682.920             153             153
    6         190.739    1452.570         191.079    1452.499               6               6
   12        -255.836    -445.539        -255.826    -445.417              12              12
  135       -3424.013       9.378       -3424.244      10.103             135             135
  126        2064.592    -161.751        2064.190    -162.092             126             126
  184        1639.167   -2103.971        1638.739   -2104.417             184             184
  203        -168.076    1231.743        -167.712    1231.604             203             203
  114       -1887.026     299.356       -1887.081     299.742             114             114
  140         424.710    -172.729         424.398    -172.848             140             140
  119        1352.558     445.519        1352.542     445.192             119             119
   49        -668.861     503.616        -668.872     503.745              49              49
  251         593.119    1040.771         593.073    1040.739             251             251
  214        2861.588     -63.924        2861.536     -64.371             214             214
   68         164.175    -315.452         164.233    -315.408              68              68
  182         461.691     719.811         461.890     719.843             182             182
  161         147.499    -156.405         147.487    -156.185             161             161
  241         660.103   -1769.014         659.746   -1769.005             241             241
  137         991.465   -1210.320         991.358   -1210.553             137             137
  209       -1351.967   -1269.414       -1352.149   -1269.295             209             209
   72        -403.958    1354.500        -403.787    1354.522              72              72
  117         467.472    -867.418         467.132    -867.451             117             117
  254        1857.341   -1642.229        1857.012   -1642.820             254             254
   12        -187.565    1619.351        -187.095    1619.190              12              12
   68        -247.031     671.244        -246.892     671.278              68              68
   73          37.642    1342.675          37.812    1342.739              73              73
   92        2017.316    1213.828        2017.558    1213.667              92              92
   29        1487.417   -1011.224        1487.440   -1011.267              29              29
  245        -969.061    -437.883        -968.987    -437.476             245             245
   94        1094.080   -2046.366        1093.718   -2046.585              94              94
  172        1068.750    1190.509        1069.303    1190.328             172             172
  172        -545.612   -1903.901        -545.676   -1903.683             172             172
  247       -1270.193    -138.837       -1269.989    -138.596             247             247
  178        -815.543     391.331        -815.280     391.650             178             178
  184       -2381.974   -2027.221       -2382.410   -2026.571             184             184
  127        -745.038   -2343.020        -745.733   -2343.082             127             127
   49          45.258    1014.219          45.351    1013.955              49              49
  112         250.929     536.793         250.977     536.740             112             112
   75        1388.166   -1314.659        1388.024   -1315.054              75              75
  163       -1583.960     718.276       -1583.565     718.449             163             163
  252       -2549.112    1806.803       -2548.824    1807.466             252             252
  195           7.274    -494.432           6.874    -494.225             195             195
  213         483.493      90.122         483.350      90.239             213             213
  248        -154.438   -2850.627        -155.259   -2850.542             248             248
  154        1948.446    -836.204        1948.216    -836.904             154             154
   26        -553.946     587.832        -553.817     587.765              26              26
  175        3313.544     887.947        3313.978     887.172             175             175
   59       -1830.108     182.462       -1829.640     183.011              59              59
   11       -2109.736   -1469.408       -2110.058   -1468.920              11              11
   56         -73.361     291.077         -73.401     290.993              56              56
   12        -159.608     166.327        -159.618     166.357              12              12
   83         585.632     -92.290         585.668     -92.404              83              83
  174        -733.638    -752.412        -733.700    -752.323             174             174
   10       -1040.735    1014.710       -1040.506    1014.863              10              10
   96        -681.882    1311.158        -681.704    1311.465              96              96
  242         691.281    -127.759         691.188    -127.658             242             242
   84        -173.895    -670.893        -174.015    -670.642              84              84
  188         -27.185    -625.648         -27.270    -625.452             188             188
   16        -909.755   -1933.997        -910.178   -1933.729              16              16
   74        -987.252    -432.204        -987.461    -432.023              74              74
   26          -5.782    -522.912          -6.071    -522.894              26              26
  188         819.811    -800.484         819.606    -800.641             188             188
  246       -1450.858   -1505.295       -1451.328   -1504.987             246             246
   18        1665.043   -1334.410        1664.573   -1335.006              18              18
  110        1867.667    -476.186        1867.819    -476.905             110             110
  174       -2042.108     452.539       -2041.791     452.869             174             174
  145        1109.220    -441.236        1109.262    -441.592             145             145
  159       -1648.659   -1350.803       -1648.751   -1350.707             159             159
   30        -910.560    2154.183        -909.916    2154.165              30              30
  221       -2328.579     982.306       -2328.375     982.979             221             221
   67        -875.136    -627.482        -875.510    -627.178              67              67
   27         202.882    -478.865         202.673    -478.999              27              27
  160       -1792.354    1746.059       -1792.100    1746.610             160             160
   25        2056.840   -1141.459        2056.556   -1141.679              25              25
   19       -3013.263   -2639.076       -3013.874   -2638.369              19              19
   58       -1004.716   -1224.775       -1005.372   -1224.887              58              58
   51         905.010     927.518         905.000     927.000              51              51
  194         505.384     191.208         505.445     190.947             194             194
  117       -1055.012     340.085       -1054.900     340.223             117             117
   62       -1089.564    1406.255       -1089.325    1406.604              62              62
  251       -1117.712   -1282.422       -1118.298   -1282.035             251             251
  130         457.115    -357.078         456.792    -357.228             130             130
  146        -258.601   -1410.284        -259.072   -1410.364             146             146
  169        -357.200    -335.437        -357.366    -335.657             169             169
  141       -1964.306     970.752       -1964.296     971.049             141             141
  242       -1445.644      41.164       -1446.248      41.431             242             242
  156        2084.833      97.158        2084.287      96.475             156             156
  225        1842.759     666.690        1842.714     666.115             225             225
  175        1137.000      17.865        1136.950      17.503             175             175
  172         575.188     -37.754         575.154     -38.051             172             172
   44         261.505     906.406         261.662     906.225              44              44
  202        1080.896     365.437        1080.956     365.111             202             202
  104         446.839     581.776         447.066     581.633             104             104
   34        -705.198     124.141        -705.207     124.282              34              34
  220         448.248    1413.852         448.480    1413.826             220             220
  215        -208.796   -1221.775        -209.353   -1221.653             215             215
  208        2932.883     513.249        2932.956     512.432             208             208
  110        1349.230   -1103.404        1349.305   -1103.912             110             110
  119       -1665.433    1987.095       -1664.712    1987.444             119             119
  239         542.160    -275.024         542.084    -275.071             239             239
   75         491.511    -611.909         491.494    -612.155              75              75
  186         -92.031    1101.077         -91.515    1100.975             186             186
   11       -1244.473     766.657       -1244.176     767.026              11              11
  236         643.740     -33.742         643.881     -33.901             236             236
  211       -2525.860    1084.008       -2525.508    1084.749             211             211
   30        -294.918    -159.510        -295.121    -159.281              30              30
   38        -747.067    -979.531        -747.460    -979.377              38              38
    6        -342.821     290.180        -342.923     290.077               6               6
  225          73.402    1189.195          73.581    1189.054             225             225
  156        -350.977    2427.010        -350.472    2427.357             156             156
   69         384.496   -1461.683         383.919   -1461.499              69              69
  221        1388.747    -246.336        1388.732    -246.713             221             221
   30       -1009.521     316.741       -1009.343     317.056              30              30
  215         222.482    -707.031         222.303    -707.141             215             215
  134        -732.458    1355.962        -732.026    1356.145             134             134
  172       -1554.180     139.797       -1554.305     140.333             172             172
  202         -28.379    1597.401         -28.282    1597.733             202             202
   34        1967.844   -2253.273        1967.147   -2253.518              34              34
  142         250.776   -1322.065         250.634   -1322.220             142             142
  121       -1202.681    -930.767       -1202.832    -930.726             121             121
  207        -344.015    1726.715        -343.539    1726.679             207             207
  186        -687.155    -896.303        -687.410    -896.159             186             186
   67        -436.942     908.925        -436.691     908.917              67              67
   55       -1053.631     159.908       -1053.613     160.133              55              55
  220       -1042.038     809.166       -1041.930     809.361             220             220
   32       -1028.914    2023.832       -1028.555    2024.289              32              32
   15        -222.659    -688.716        -223.042    -688.416              15              15
  173       -1370.030     -52.784       -1370.278     -52.348             173             173
  142       -1021.796    -256.932       -1022.355    -256.707             142             142
  134        2067.118    1381.192        2067.257    1380.590             134             134
  157       -1133.058     899.289       -1132.876     899.793             157             157
  218        -283.692     114.004        -283.922     114.245             218             218
   65         -88.759    1658.120         -88.549    1658.460              65              65
  168         261.127    -880.221         260.676    -879.910             168             168
  198        -977.502    -523.249        -977.967    -522.810             198             198
   20        1600.242    1104.154        1600.319    1104.026              20              20
  199        -222.695   -2377.514        -223.412   -2377.225             199             199
  237       -1035.526    1098.127       -1035.449    1098.593             237             237
   27         846.055   -2187.498         845.183   -2187.588              27              27
  168        -477.098     842.601        -476.995     842.815             168             168
  137        -714.606    -595.771        -715.074    -595.262             137             137
   97        -458.022   -1149.258        -458.839   -1148.859              97              97
  133        1491.170   -2234.871        1490.121   -2235.240             133             133
  168         434.627   -1620.527         433.906   -1620.846             168             168
   57        1134.775    -699.324        1134.402    -699.920              57              57
   12        -478.557    -651.126        -478.974    -651.288              12              12
   84         716.307     871.837         716.155     871.450              84              84
    3        2614.062    -841.424        2613.655    -842.358               3               3
   47        1608.868    1218.828        1609.475    1218.228              47              47
  226        -754.254    -448.070        -754.187    -447.894             226             226
  125         130.745    1102.497         131.156    1102.434             125             125
  254       -1453.070     458.354       -1452.993     458.976             254             254
  157         217.885    -327.475         217.636    -327.290             157             157
  193       -1583.414   -1984.172       -1584.290   -1983.711             193             193
   53         729.111     494.873         728.869     494.557              53              53
  122         -62.501   -1374.950         -63.234   -1375.040             122             122
  225         603.974    -226.990         603.536    -227.538             225             225
   68        1178.606    2259.684        1179.007    2259.202              68              68
   39        1219.140    1865.079        1219.550    1865.195              39              39
  111        1472.072   -3457.793        1471.036   -3457.987             111             111
  203         877.188      31.941         877.433      31.502             203             203
  197       -1996.715     -88.040       -1996.777     -87.416             197             197
   73        1030.439   -1315.228        1029.812   -1315.621              73              73
   12          87.311    -675.515          87.044    -675.866              12              12
  109        -280.629    1921.725        -280.195    1921.759             109             109
   15         160.846   -2147.504         159.914   -2147.655              15              15
   33        1513.674    1851.777        1514.119    1851.106              33              33
   52         511.889     425.539         512.099     425.541              52              52
  252        -394.007    -578.393        -394.199    -578.119             252             252
   60         872.649   -1396.001         872.254   -1396.327              60              60
  221        -763.769   -1237.291        -764.037   -1237.439             221             221
  134       -1514.499     945.991       -1514.349     946.025             134             134
  158        -821.323    1284.951        -821.324    1284.998             158             158
   99           5.257    1163.788           5.105    1163.755              99              99
   46        1511.941     544.384        1511.695     543.912              46              46
  215        2822.386    1249.547        2822.893    1248.728             215             215
  111        -762.107     542.276        -761.576     542.671             111             111
  131       -1505.360     765.092       -1505.044     765.744             131             131
  219       -2341.592     699.815       -2341.723     700.835             219             219
  158          78.749      37.160          78.214      37.442             158             158
  102          23.489     582.338          23.231     582.752             102             102
   88         -46.897   -1457.011         -47.864   -1456.574              88              88
  157        1678.828   -2437.460        1677.705   -2438.056             157             157
    3         363.063    1174.042         363.323    1173.828               3               3
   25        -536.619     -42.092        -536.867     -41.661              25              25
  210        -100.765   -2139.150        -101.857   -2139.132             210             210
  125         990.953    1187.976         991.013    1187.590             125             125
  250         -58.018     -98.000         -58.304     -97.742             250             250
   23         631.908    -704.393         631.449    -704.344              23              23
  165        -420.750   -1568.211        -421.466   -1567.949             165             165
  106        -417.489   -1792.430        -418.387   -1792.455             106             106
  227        -628.365    -292.172        -628.868    -292.243             227             227
  106        -624.392     274.021        -624.821     274.110             106             106
  179        -628.949     -80.714        -629.600     -80.453             179             179
  239       -1194.306   -1339.948       -1195.655   -1339.592             239             239
  216        1818.674    -516.201        1817.669    -516.974             216             216
  195        -469.150     -84.021        -469.844     -83.959             195             195
   16        -788.226    -989.551        -789.536    -989.373              16              16
   12         -81.575   -1489.565         -83.318   -1489.882              12              12
  192         516.856      61.070         515.505      60.378             192             192
   77        -540.353    2109.348        -541.388    2109.388              77              77
  234         959.144    -772.549         956.638    -772.813             234             234
   70        -256.168     186.139        -259.369     186.205              70              70
  235        -157.748   -1797.725        -165.059   -1797.876             235             235
