SINAL     NFT                         FFT                         NFT INVERSA     FFT INVERSA
-----     -----------------------     -----------------------     -----------     -----------
  143       65839.000       0.000       65839.000       0.000             143             143
  193         815.964   -1028.951         815.977   -1028.950             193             193
  195        -338.237   -1921.401        -338.225   -1921.400             195             195
  209         628.548    -407.163         628.561    -407.164             209             209
   46         735.702    -557.655         735.715    -557.655              46              46
   91         160.199   -1048.272         160.211   -1048.272              91              91
   93         349.008     283.508         349.024     283.509              93              93
  223         823.231    -947.795         823.244    -947.795             223             223
  240       -1250.542    -554.799       -1250.528    -554.790             240             240
   46         496.888     -61.192         496.904     -61.190              46              46
  252        -772.351   -2496.542        -772.348   -2496.536             252             252
  235       -1691.684    -317.472       -1691.674    -317.466             235             235
  189        -575.424     299.093        -575.416     299.096             189             189
   50         919.180    -370.404         919.185    -370.410              50              50
   73        1234.359    -322.657        1234.374    -322.669              73              73
  128       -1088.800     686.442       -1088.776     686.451             128             128
   96        -634.355     477.352        -634.342     477.367              96              96
  228        1740.877   -1322.476        1740.878   -1322.488             228             228
  164        -697.554    -905.359        -697.542    -905.356             164             164
  241       -1693.486    1588.092       -1693.459    1588.112             241             241
   98         718.108    -371.257         718.107    -371.254              98              98
  250         782.135    -994.701         782.137    -994.707             250             250
  215       -1219.898     431.021       -1219.882     431.042             215             215
  111        1169.820   -1139.452        1169.814   -1139.465             111             111
   46        -827.010     282.076        -826.994     282.090              46              46
  235         758.496     -89.157         758.502     -89.158             235             235
  237          82.578   -1666.219          82.563   -1666.217             237             237
   77         636.443    -329.905         636.451    -329.924              77              77
  195         -38.011     707.338         -37.984     707.340             195             195
    3          35.016    -175.501          35.022    -175.489               3               3
  250        1233.395   -1594.016        1233.383   -1594.036             250             250
   83         311.065    -824.300         311.081    -824.321              83              83
  197       -1310.092    1042.567       -1310.048    1042.587             197             197
  189        -439.020    -816.250        -439.029    -816.245             189             189
   36         206.979    1348.379         207.021    1348.375              36              36
  243        -939.782    -333.821        -939.777    -333.787             243             243
   24       -1177.556   -1028.009       -1177.591   -1027.986              24              24
  130        2210.258    1068.843        2210.285    1068.789             130             130
  211        -740.430     470.404        -740.398     470.441             211             211
    9        -510.180   -1480.836        -510.217   -1480.814               9               9
  177        1429.717     -69.850        1429.730     -69.887             177             177
  208       -2184.397   -1408.472       -2184.428   -1408.427             208             208
  244         648.259     781.663         648.262     781.627             244             244
  110         206.590     436.041         206.593     436.035             110             110
    3        1194.080    -260.071        1194.071    -260.109               3               3
   61        -249.245     771.632        -249.228     771.636              61              61
  239         996.637    -310.387         996.610    -310.421             239             239
   99        2624.901     982.142        2624.939     982.055              99              99
   34        1180.830    1488.150        1180.918    1488.125              34              34
  147         -99.112     438.785         -99.062     438.812             147             147
   85        -180.513     732.133        -180.472     732.165              85              85
  132        -282.869     292.851        -282.861     292.896             132             132
  142        1715.740    -307.549        1715.737    -307.570             142             142
   45         886.679    -877.106         886.683    -877.116              45              45
  244          62.288     143.521          62.326     143.534             244             244
  189           1.052      47.551           1.075      47.582             189             189
   24        -145.280   -1467.417        -145.325   -1467.398              24              24
  225        1366.230     429.402        1366.261     429.360             225             225
   10         -90.240   -1212.921         -90.267   -1212.916              10              10
  219        1742.273    1078.205        1742.340    1078.142             219             219
  229         721.114     329.878         721.187     329.884             229             229
    4       -1231.965    -502.188       -1231.946    -502.107               4               4
   46         257.184    -758.061         257.165    -758.051              46              46
  170         724.097     347.640         724.131     347.638             170             170
  194        1450.417   -1032.210        1450.429   -1032.234             194             194
   83         -94.790   -1121.906         -94.751   -1121.886              83              83
  158       -2665.926    -768.133       -2665.921    -768.012             158             158
  219        -592.243    -748.089        -592.296    -748.057             219             219
  213        1852.868   -1145.158        1852.840   -1145.242             213             213
  114       -1008.130   -1202.463       -1008.134   -1202.451             114             114
  228        -949.083    1082.674        -949.027    1082.701             228             228
  135        1208.824    -577.162        1208.828    -577.206             135             135
   66       -1785.907    -644.778       -1785.901    -644.707              66              66
  216        -853.114    1070.233        -853.070    1070.287             216             216
  246       -1210.041   -1788.598       -1210.165   -1788.532             246             246
   70         809.509     750.993         809.496     750.952              70              70
   22         711.230    -774.352         711.154    -774.363              22              22
  229        3255.266   -1889.733        3255.201   -1889.918             229             229
  170        -513.498     510.888        -513.409     510.870             170             170
   57         138.516     830.682         138.582     830.681              57              57
  121         626.698   -1410.705         626.653   -1410.747             121             121
  255        1276.764    1024.276        1276.896    1024.191             255             255
  190       -3011.110    -685.797       -3011.115    -685.650             190             190
    8         940.364    1406.656         940.416    1406.602               8               8
   44         589.252     348.767         589.294     348.775              44              44
  178         426.846    -175.341         426.887    -175.316             178             178
  197       -1468.081   -1255.633       -1468.119   -1255.528             197             197
   68        -977.617     -43.389        -977.651     -43.320              68              68
  148         628.198    -877.229         628.098    -877.237             148             148
  207        2337.659   -1903.906        2337.561   -1904.053             207             207
   32         706.377   -1281.929         706.376   -1282.049              32              32
  121        -553.777    2244.205        -553.586    2244.200             121             121
  212        -942.060      31.447        -942.040      31.556             212             212
   79        -542.239   -3116.526        -542.451   -3116.532              79              79
   36         635.436    1917.599         635.511    1917.494              36              36
  150        1868.147      63.942        1868.148      63.822             150             150
  162        1998.490    1203.362        1998.641    1203.258             162             162
  194        -584.745    -763.375        -584.712    -763.308             194             194
  113         365.924     -93.856         365.968     -93.876             113             113
  120         121.176     339.548         121.256     339.562             120             120
   53         -19.527     220.394         -19.451     220.468              53              53
   86       -1193.689   -2436.414       -1193.828   -2436.286              86              86
  255         893.767   -2152.016         893.627   -2152.103             255             255
  119         854.488   -2183.382         854.387   -2183.539             119             119
   47         445.461    -643.422         445.471    -643.608              47              47
  246        1841.278    1576.818        1841.494    1576.575             246             246
  190        -772.192    1253.581        -771.966    1253.595             190             190
   69          85.429   -1001.605          85.506   -1001.694              69              69
  220       -2844.018    3328.598       -2843.673    3328.741             220             220
  104       -1921.235     299.283       -1921.184     299.438             104             104
  126       -2324.942    1183.377       -2324.900    1183.545             126             126
   85         915.185    1062.998         915.226    1062.967              85              85
  103        -574.738    1254.509        -574.624    1254.638             103             103
   61         181.351    -798.584         181.343    -798.490              61              61
   93       -2358.341   -2238.072       -2358.481   -2237.878              93              93
  147       -1179.565    -866.942       -1179.691    -866.908             147             147
  239         760.723    -542.384         760.657    -542.510             239             239
   35       -1251.050    -476.141       -1251.093    -476.158              35              35
  216        -653.946    2350.777        -653.826    2350.752             216             216
  132        -144.474    1629.946        -144.433    1629.988             132             132
  243        1772.135     305.510        1772.134     305.432             243             243
  248        -541.601     112.810        -541.594     112.906             248             248
  253        1115.178   -1010.067        1115.086   -1010.136             253             253
  199        1013.972     -14.958        1014.030     -15.052             199             199
   71       -1021.536    -552.366       -1021.537    -552.318              71              71
   34         161.140    1161.274         161.237    1161.263              34              34
   94          84.257   -1471.923          84.154   -1471.935              94              94
  234        1023.619    -286.003        1023.669    -286.170             234             234
  228       -2309.102     673.886       -2309.000     674.000             228             228
  208        -179.362     484.912        -179.344     484.852             208             208
   98       -1190.098    1926.234       -1189.973    1926.295              98              98
   26        -359.062    1382.206        -359.039    1382.271              26              26
   38        1067.174      19.896        1067.096      19.832              38              38
   98        1773.834     585.135        1773.893     584.979              98              98
  146         355.340     552.423         355.458     552.382             146             146
   85        -846.816    1396.181        -846.667    1396.269              85              85
   89        -755.521     144.233        -755.572     144.303              89              89
   80        2002.373    2602.214        2002.566    2602.081              80              80
  155         918.816     782.022         918.933     782.072             155             155
   53        1113.257       2.393        1113.354       2.407              53              53
  184        -821.916    -204.076        -821.842    -203.916             184             184
   26         -79.905    -623.741         -79.900    -623.695              26              26
  139       -1196.727     590.763       -1196.627     590.896             139             139
   31       -2190.278     681.181       -2190.312     681.444              31              31
   87        1765.773     363.454        1765.671     363.371              87              87
  233        2844.001     983.269        2844.124     983.139             233             233
  179        1173.078   -1166.478        1173.126   -1166.437             179             179
   71        -485.691   -1103.504        -485.634   -1103.356              71              71
   12       -1233.736   -3039.627       -1233.927   -3039.545              12              12
  139       -1564.658    1633.507       -1564.492    1633.599             139             139
  204         415.047    -183.682         415.030    -183.681             204             204
  255        -563.007     630.381        -562.912     630.513             255             255
  132         -74.200   -1575.082         -74.316   -1575.011             132             132
  201       -1060.708    -424.501       -1060.713    -424.390             201             201
  199       -1626.241    -707.663       -1626.366    -707.504             199             199
  204         959.494     621.169         959.517     621.120             204             204
  235       -1202.560   -2394.716       -1202.820   -2394.585             235             235
   38         218.449     -77.945         218.393     -78.035              38              38
  182        -871.190    -314.150        -871.283    -314.101             182             182
  208        -335.466    -445.747        -335.664    -445.781             208             208
  246        2827.825    1100.824        2827.868    1100.498             246             246
   25         676.550     320.841         676.620     320.822              25              25
  234        1448.989   -1239.446        1448.933   -1239.578             234             234
   29        -615.307   -1036.118        -615.341   -1036.132              29              29
  124        -112.206     708.910        -112.137     708.846             124             124
  124        1390.573    -167.128        1390.591    -167.329             124             124
  115         -70.748     852.980         -70.571     852.947             115             115
  214        -254.604     371.787        -254.521     371.817             214             214
  205         257.764      12.749         257.799      12.725             205             205
   15         -21.636    -468.437         -21.649    -468.471              15              15
   11        -244.484     348.591        -244.454     348.563              11              11
  133        2290.719    -478.072        2290.747    -478.427             133             133
   41        -414.966    1795.134        -414.587    1795.079              41              41
  151       -1094.998    1852.990       -1094.696    1853.132             151             151
  164         299.773     161.234         299.898     161.223             164             164
  129       -1739.302    1922.574       -1738.983    1922.804             129             129
  128       -1541.787     708.383       -1541.706     708.658             128             128
   88        -740.448     849.781        -740.394     849.975              88              88
  201        -442.348     234.022        -442.360     234.194             201             201
  141        -578.071     354.252        -578.086     354.444             141             141
  227         849.712     272.559         849.737     272.653             227             227
  149        -789.687   -3546.018        -790.074   -3545.888             149             149
  140         -46.276     852.928         -46.149     852.857             140             140
  104       -1866.974    -422.029       -1867.048    -421.824             104             104
   95        -473.330     404.967        -473.385     404.994              95              95
   84        -973.666     609.744        -973.743     609.863              84              84
   53        1076.724     860.212        1076.681     860.134              53              53
   75         368.236     273.681         368.173     273.721              75              75
  122        1062.835     125.601        1062.772     125.557             122             122
  236         324.170     273.752         324.090     273.825             236             236
   27        4422.153    -432.048        4422.168    -432.443              27              27
  113        -736.893   -2216.286        -736.966   -2216.149             113             113
    5         887.543   -1004.037         887.572   -1004.234               5               5
    6       -1879.937     216.728       -1879.795     216.885               6               6
  143       -1091.959     -70.039       -1092.018     -69.955             143             143
  130         963.470     232.678         963.483     232.493             130             130
  131        -713.057     942.201        -712.916     942.270             131             131
    2        -140.012      51.108        -140.028      51.110               2               2
   89        -636.826    1544.026        -636.702    1544.135              89              89
   80        1414.983      10.091        1414.955       9.980              80              80
   18        -885.726     718.140        -885.655     718.325              18              18
  100        1272.185      97.113        1272.167      97.053             100             100
  213        -735.310   -1052.079        -735.481   -1051.961             213             213
   60         561.273    1074.217         561.286    1074.159              60              60
  252        2487.206    -528.564        2487.110    -528.867             252             252
  122        1440.723    1746.937        1441.069    1746.822             122             122
  189         430.108    -551.932         430.153    -551.846             189             189
  124        1013.054    -175.367        1013.163    -175.410             124             124
  210         151.565    -511.161         151.646    -511.105             210             210
  135        1525.558    -349.987        1525.781    -350.133             135             135
   10       -3810.984    -760.945       -3810.931    -760.383              10              10
  182         208.092   -1062.843         207.921   -1062.914             182             182
   28        -562.939     363.414        -562.839     363.418              28              28
  151       -1402.859    1083.903       -1402.743    1084.133             151             151
   31         290.258   -1030.010         290.050   -1030.037              31              31
  123        -732.062    1259.120        -731.977    1259.218             123             123
  235        1585.725     465.727        1585.726     465.601             235             235
   84         343.868     232.806         343.920     232.884              84              84
  198         447.661    -110.018         447.630    -109.911             198             198
  102        1405.483   -2553.358        1405.135   -2553.532             102             102
   64        2001.806     884.306        2002.096     883.989              64              64
  226        -313.777    -489.001        -313.647    -488.888             226             226
  215         461.642   -1110.029         461.640   -1110.097             215             215
   70          71.935    -376.417          72.061    -376.497              70              70
  233         383.207     675.894         383.536     675.827             233             233
  102       -1297.438    -585.299       -1297.310    -585.087             102             102
  201        -534.382    -415.120        -534.286    -415.078             201             201
  109        -412.514     -40.402        -412.304     -40.391             109             109
  105       -1957.615    -328.759       -1957.455    -328.560             105             105
   34       -2521.614     794.769       -2521.415     795.021              34              34
  189       -1976.612    3181.050       -1976.160    3181.464             189             189
  123       -1622.222   -1580.902       -1622.509   -1580.473             123             123
  135       -3316.323    -283.130       -3316.622    -282.624             135             135
  147        1724.130     996.839        1724.011     996.669             147             147
  183         566.967   -1610.179         566.696   -1610.198             183             183
  131        -813.931       4.977        -813.965       5.063             131             131
   14        -105.290    -282.332        -105.411    -282.364              14              14
  117        -267.076    1421.374        -266.939    1421.450             117             117
    0         268.494    -666.569         268.322    -666.516              -0               0
  225        -123.009    -921.696        -123.216    -921.737             225             225
  252         833.531    1747.605         833.782    1747.463             252             252
   10        -403.348     450.454        -403.277     450.660              10              10
  152        -141.154    -352.566        -141.280    -352.396             152             152
   25        1111.466   -1144.133        1111.261   -1144.242              25              25
  161         840.545    -786.641         840.530    -786.817             161             161
  184       -1029.158     719.079       -1028.951     719.242             184             184
  149       -1048.670    -574.661       -1048.840    -574.436             149             149
  140        1644.982   -1351.749        1644.738   -1352.096             140             140
   12         451.026    1045.458         451.343    1045.274              12              12
   92       -1017.871     979.887       -1017.593     980.086              92              92
  242        -883.461    -333.696        -883.489    -333.522             242             242
   77        -734.880    1319.703        -734.685    1319.900              77              77
   63        -750.344    -375.888        -750.476    -375.602              63              63
  202         -35.955   -1226.510         -36.241   -1226.443             202             202
  147          91.113   -1080.228          90.881   -1080.336             147             147
   40        -459.881    1330.510        -459.769    1330.538              40              40
   49        2047.000       0.260        2047.000       0.000              49              49
   93        -459.649   -1330.568        -459.765   -1330.539              93              93
  149          90.644    1080.449          90.880    1080.338             149             149
  155         -36.539    1226.371         -36.245    1226.441             155             155
  127        -750.611     375.303        -750.476     375.600             127             127
   83        -734.477   -1320.108        -734.681   -1319.902              83              83
   22        -883.517     333.336        -883.489     333.520              22              22
    6       -1017.295    -980.301       -1017.590    -980.090               6               6
  231         451.684   -1045.077         451.345   -1045.273             231             231
  206        1644.470    1352.474        1644.734    1352.100             206             206
  138       -1049.028     574.190       -1048.842     574.434             138             138
  246       -1028.724    -719.423       -1028.950    -719.245             246             246
   68         840.512     787.012         840.529     786.818              68              68
  138        1111.028    1144.365        1111.257    1144.245             138             138
  215        -141.423     352.208        -141.282     352.397             215             215
   64        -403.195    -450.893        -403.275    -450.661              64              64
  148         834.069   -1747.300         833.784   -1747.462             148             148
  112        -123.459     921.780        -123.220     921.735             112             112
   90         268.121     666.458         268.320     666.518              90              90
   53        -266.775   -1421.538        -266.935   -1421.451              53              53
   40        -105.555     282.401        -105.412     282.364              40              40
  239        -814.004      -5.168        -813.964      -5.065             239             239
  194         566.368    1610.224         566.692    1610.200             194             194
   53        1723.870    -996.461        1724.013    -996.664              53              53
   75       -3316.982     282.006       -3316.622     282.619              75              75
  181       -1622.865    1579.944       -1622.514    1580.467             181             181
  130       -1975.598   -3181.976       -1976.154   -3181.468             130             130
  138       -2521.166    -795.338       -2521.412    -795.027             138             138
  127       -1957.255     328.306       -1957.455     328.555             127             127
   22        -412.040      40.378        -412.304      40.391              22              22
  179        -534.166     415.023        -534.288     415.078             179             179
  177       -1297.147     584.816       -1297.310     585.084             177             177
  115         383.962    -675.743         383.537    -675.828             115             115
   73          72.225     376.600          72.061     376.497              73              73
   76         461.635    1110.188         461.638    1110.099              76              76
  243        -313.474     488.738        -313.646     488.888             243             243
  157        2002.484    -883.560        2002.098    -883.984             157             157
   99        1404.662    2553.767        1405.130    2553.534              99              99
  249         447.590     109.767         447.631     109.912             249             249
  132         343.992    -232.990         343.921    -232.884             132             132
   50        1585.730    -465.425        1585.728    -465.598              50              50
  131        -731.857   -1259.357        -731.974   -1259.221             131             131
  122         289.757    1030.075         290.047    1030.038             122             122
  118       -1402.576   -1084.459       -1402.739   -1084.136             118             118
   13        -562.696    -363.426        -562.837    -363.419              13              13
   82         207.674    1063.014         207.919    1062.913              82              82
  183       -3810.858     759.567       -3810.933     760.375             183             183
  162        1526.106     350.345        1525.783     350.134             162             162
  195         151.763     511.022         151.646     511.104             195             195
   17        1013.324     175.477        1013.163     175.411              17              17
  215         430.222     551.720         430.153     551.847             215             215
  235        1441.596   -1746.644        1441.075   -1746.818             235             235
    1        2486.962     529.331        2487.108     528.871               1               1
  153         561.309   -1074.069         561.289   -1074.158             153             153
   32        -735.744    1051.776        -735.482    1051.959              32              32
   76        1272.138     -96.956        1272.166     -97.050              76              76
   78        -885.544    -718.613        -885.654    -718.326              78              78
  163        1414.910      -9.801        1414.955      -9.977             163             163
  215        -636.500   -1544.309        -636.698   -1544.137             215             215
  206        -140.055     -51.114        -140.028     -51.110             206             206
  185        -712.687    -942.382        -712.914    -942.272             185             185
  138         963.503    -232.187         963.482    -232.489             138             138
  127       -1092.114      69.816       -1092.017      69.953             127             127
   45       -1879.561    -217.147       -1879.795    -216.890              45              45
  211         887.618    1004.562         887.571    1004.234             211             211
  204        -737.103    2215.913        -736.973    2216.146             204             204
   32        4422.191     433.135        4422.167     432.454              32              32
  112         323.954    -273.948         324.090    -273.824             112             112
   47        1062.660    -125.477        1062.771    -125.555              47              47
   26         368.066    -273.791         368.174    -273.721              26              26
  245        1076.610    -859.994        1076.684    -860.131             245             245
   97        -973.880    -610.076        -973.743    -609.865              97              97
  158        -473.481    -405.041        -473.384    -404.993             158             158
  112       -1867.185     421.443       -1867.050     421.818             112             112
  216         -45.919    -852.730         -46.149    -852.857             216             216
  172        -790.795    3545.647        -790.082    3545.885             172             172
  194         849.784    -272.825         849.737    -272.652             194             194
  143        -578.115    -354.808        -578.086    -354.448             143             143
   78        -442.380    -234.517        -442.359    -234.194              78              78
  133        -740.286    -850.347        -740.390    -849.979             133             133
  161       -1541.552    -709.187       -1541.706    -708.661             161             161
   37       -1738.356   -1923.263       -1738.977   -1922.812              37              37
  113         300.137    -161.197         299.897    -161.220             113             113
  162       -1094.094   -1853.414       -1094.689   -1853.134             162             162
  191        -413.835   -1794.972        -414.585   -1795.080             191             191
  146        2290.801     479.143        2290.747     478.433             146             146
  239        -244.392    -348.506        -244.453    -348.563             239             239
   14         -21.676     468.539         -21.649     468.471              14              14
   53         257.872     -12.675         257.800     -12.725              53              53
  198        -254.348    -371.880        -254.520    -371.818             198             198
  221         -70.202    -852.876         -70.570    -852.945             221             221
  239        1390.632     167.758        1390.592     167.333             239             239
   81        -111.989    -708.709        -112.135    -708.844              81              81
   93        -615.420    1036.160        -615.346    1036.130              93              93
   28        1448.810    1239.865        1448.930    1239.581              28              28
   37         676.773    -320.782         676.622    -320.821              37              37
   41        2827.966   -1099.778        2827.870   -1100.496              41              41
   60        -336.105     445.852        -335.664     445.780              60              60
  150        -871.497     313.989        -871.285     314.099             150             150
   89         218.266      78.243         218.393      78.036              89              89
   87       -1203.423    2394.282       -1202.826    2394.584              87              87
  139         959.570    -621.004         959.518    -621.118             139             139
  187       -1626.659     707.131       -1626.366     707.501             187             187
  245       -1060.726     424.124       -1060.713     424.387             245             245
  251         -74.594    1574.842         -74.318    1575.011             251             251
  147        -562.682    -630.833        -562.910    -630.516             147             147
  161         414.989     183.680         415.029     183.682             161             161
  190       -1564.080   -1633.832       -1564.486   -1633.604             190             190
   35       -1234.401    3039.343       -1233.931    3039.544              35              35
  239        -485.496    1102.985        -485.636    1103.354             239             239
   68        1173.241    1166.340        1173.123    1166.441              68              68
  196        2844.439    -982.805        2844.129    -983.133             196             196
   21        1765.411    -363.155        1765.672    -363.369              21              21
  182       -2190.393    -682.137       -2190.309    -681.451             182             182
  103       -1196.368    -591.246       -1196.627    -590.899             103             103
  212         -79.886     623.575         -79.900     623.696             212             212
   72        -821.646     203.485        -821.843     203.913              72              72
   86        1113.615      -2.442        1113.354      -2.404              86              86
  227         919.255    -782.201         918.936    -782.068             227             227
  125        2003.104   -2601.711        2002.573   -2602.076             125             125
   29        -755.712    -144.499        -755.572    -144.304              29              29
  192        -846.241   -1396.519        -846.661   -1396.271             192             192
  108         355.788    -552.265         355.458    -552.381             108             108
  110        1774.064    -584.529        1773.895    -584.973             110             110
   29        1066.873     -19.646        1067.097     -19.830              29              29
  137        -358.965   -1382.460        -359.035   -1382.272             137             137
  148       -1189.604   -1926.475       -1189.971   -1926.296             148             148
   70        -179.291    -484.673        -179.343    -484.851              70              70
  198       -2308.695    -674.343       -2309.000    -674.000             198             198
   42        1023.826     286.684        1023.670     286.173              42              42
  160          83.823    1471.973          84.150    1471.936             160             160
   29         161.543   -1161.222         161.240   -1161.261              29              29
  181       -1021.544     552.155       -1021.538     552.314             181             181
   91        1014.207      15.354        1014.029      15.054              91              91
   18        1114.788    1010.367        1115.084    1010.140              18              18
  177        -541.568    -113.219        -541.593    -112.906             177             177
  238        1772.130    -305.165        1772.134    -305.428             238             238
  180        -144.283   -1630.131        -144.428   -1629.989             180             180
  112        -653.414   -2350.671        -653.822   -2350.753             112             112
   18       -1251.242     476.213       -1251.094     476.157              18              18
  163         760.428     542.941         760.656     542.510             163             163
  180       -1180.130     866.777       -1179.693     866.904             180             180
  214       -2358.984    2237.186       -2358.487    2237.873             214             214
  184         181.313     798.160         181.342     798.491             184             184
  106        -574.211   -1255.102        -574.622   -1254.639             106             106
   62         915.393   -1062.852         915.231   -1062.966              62              62
  141       -2324.740   -1184.175       -2324.897   -1183.551             141             141
  179       -1920.994    -300.012       -1921.183    -299.440             179             179
  149       -2842.362   -3329.292       -2843.667   -3328.747             149             149
  112          85.789    1002.030          85.504    1001.694             112             112
   48        -771.094   -1253.648        -771.963   -1253.595              48              48
  178        1842.339   -1575.622        1841.498   -1576.569             178             178
   49         445.507     644.339         445.470     643.609              49              49
  157         853.971    2184.170         854.382    2183.542             157             157
   33         893.051    2152.464         893.622    2152.107              33              33
   78       -1194.403    2435.759       -1193.833    2436.284              78              78
   39         -19.134    -220.766         -19.450    -220.467              39              39
  181         121.594    -339.626         121.257    -339.563             181             181
  149         366.156      93.961         365.968      93.877             149             149
  237        -584.570     763.019        -584.712     763.308             237             237
  223        1999.296   -1202.798        1998.642   -1203.256             223             223
   54        1868.155     -63.281        1868.149     -63.818              54              54
   10         635.857   -1917.019         635.515   -1917.492              10              10
  149        -543.424    3116.557        -542.458    3116.531             149             149
  145        -941.948     -32.055        -942.039     -31.557             145             145
   29        -552.680   -2244.194        -553.579   -2244.204              29              29
   70         706.362    1282.624         706.373    1282.053              70              70
  128        2337.083    1904.763        2337.557    1904.058             128             128
  209         627.608     877.279         628.096     877.238             209             209
  182        -977.822      42.978        -977.651      43.318             182             182
  146       -1468.317    1255.001       -1468.123    1255.525             146             146
  116         427.101     175.192         426.889     175.316             116             116
  107         589.515    -348.817         589.297    -348.774             107             107
  105         940.696   -1406.324         940.421   -1406.601             105             105
   45       -3011.139     684.860       -3011.116     685.643              45              45
  213        1277.603   -1023.736        1276.899   -1024.188             213             213
  167         626.409    1410.976         626.652    1410.748             167             167
  187         138.956    -830.667         138.585    -830.680             187             187
  136        -512.906    -510.768        -513.407    -510.870             136             136
   60        3254.815    1890.987        3255.196    1889.927              60              60
   44         710.719     774.430         711.154     774.364              44              44
  185         809.424    -750.703         809.495    -750.949             185             185
  239       -1210.908    1788.137       -1210.168    1788.531             239             239
   93        -852.802   -1070.611        -853.070   -1070.288              93              93
   87       -1785.868     644.268       -1785.902     644.705              87              87
   16        1208.846     577.489        1208.827     577.210              16              16
  172        -948.670   -1082.879        -949.025   -1082.704             172             172
  126       -1008.168    1202.362       -1008.137    1202.448             126             126
  198        1852.651    1145.796        1852.838    1145.246             198             198
   66        -592.651     747.834        -592.298     748.055              66              66
  107       -2665.884     767.183       -2665.921     768.005             107             107
  165         -94.486    1121.744         -94.753    1121.886             165             165
  120        1450.512    1032.403        1450.428    1032.234             120             120
  118         724.385    -347.624         724.133    -347.637             118             118
   58         257.023     757.989         257.164     758.052              58              58
   10       -1231.805     501.483       -1231.947     502.102              10              10
  147         721.748    -329.922         721.189    -329.883             147             147
  129        1742.870   -1077.635        1742.343   -1078.138             129             129
  138         -90.480    1212.874         -90.268    1212.916             138             138
  101        1366.512    -429.014        1366.262    -429.357             101             101
   55        -145.709    1467.241        -145.328    1467.398              55              55
   28           1.275     -47.831           1.076     -47.581              28              28
  218          62.648    -143.639          62.326    -143.534             218             218
  162         886.713     877.209         886.682     877.117             162             162
  134        1715.703     307.769        1715.735     307.573             134             134
    8        -282.781    -293.312        -282.860    -292.898               8               8
  120        -180.067    -732.469        -180.468    -732.166             120             120
   45         -98.582    -439.062         -99.061    -438.812              45              45
  195        1181.769   -1487.877        1180.919   -1488.124             195             195
    1        2625.331    -981.146        2624.941    -982.048               1               1
  106         996.330     310.785         996.609     310.426             106             106
  240        -249.036    -771.674        -249.227    -771.636             240             240
  187        1193.970     260.532        1194.070     260.112             187             187
   89         206.611    -435.954         206.592    -436.033              89              89
   77         648.301    -781.218         648.264    -781.625              77              77
   18       -2184.804    1407.897       -2184.432    1408.423              18              18
  106        1429.875      70.341        1429.730      69.889             106             106
  250        -510.690    1480.533        -510.220    1480.812             250             250
  145        -740.003    -470.911        -740.398    -470.443             145             145
   48        2210.646   -1068.058        2210.289   -1068.783              48              48
   61       -1178.063    1027.673       -1177.594    1027.983              61              61
  252        -939.718     333.316        -939.779     333.785             252             252
  214         207.629   -1348.308         207.026   -1348.373             214             214
  181        -439.166     816.169        -439.030     816.244             181             181
  115       -1309.385   -1042.898       -1310.047   -1042.588             115             115
   17         311.306     824.652         311.079     824.322              17              17
  192        1233.153    1594.382        1233.379    1594.040             192             192
    7          35.124     175.293          35.022     175.489               7               7
  146         -37.501    -707.370         -37.982    -707.340             146             146
   74         636.584     330.276         636.449     329.926              74              74
  108          82.243    1666.185          82.560    1666.218             108             108
  201         758.617      89.187         758.502      89.159             201             201
  103        -826.681    -282.396        -826.994    -282.091             103             103
   70        1169.646    1139.745        1169.811    1139.467              70              70
  108       -1219.512    -431.544       -1219.881    -431.045             108             108
  237         782.172     994.863         782.134     994.710             237             237
   79         718.075     371.198         718.107     371.256              79              79
  229       -1692.723   -1588.699       -1693.455   -1588.117             229             229
   27        -697.224     905.265        -697.543     905.355              27              27
   18        1740.864    1322.870        1740.874    1322.492              18              18
  230        -633.951    -477.829        -634.342    -477.368             230             230
  133       -1087.973    -686.831       -1088.774    -686.454             133             133
    2        1234.875     323.123        1234.372     322.672               2               2
  161         919.366     370.678         919.183     370.412             161             161
  223        -575.058    -299.245        -575.415    -299.098             223             223
   80       -1691.202     317.115       -1691.674     317.462              80              80
  180        -772.262    2496.212        -772.354    2496.535             180             180
   74         497.770      61.084         496.903      61.190              74              74
   75       -1249.658     554.240       -1250.529     554.788              75              75
   69         824.189     947.835         823.243     947.797              69              69
  122         350.379    -283.567         349.024    -283.509             122             122
  136         161.376    1048.194         160.209    1048.271             136             136
   66         737.356     557.667         735.713     557.656              66              66
   81         630.708     407.208         628.560     407.164              81              81
   62        -335.349    1920.961        -338.228    1921.398              62              62
  181         822.671    1028.587         815.975    1028.951             181             181
