SINAL     NFT                         FFT                         NFT INVERSA     FFT INVERSA
-----     -----------------------     -----------------------     -----------     -----------
  104       66428.000       0.000       66428.000       0.000             104             104
   23        1000.314    -212.296        1000.328    -212.296              23              23
   14         931.012   -2266.369         931.025   -2266.372              14              14
  159        -212.920    1843.149        -212.901    1843.147             159             159
   87       -1988.217    -152.938       -1988.203    -152.937              87              87
   92        2077.503    3698.667        2077.529    3698.662              92              92
   22       -2623.089    -675.293       -2623.072    -675.280              22              22
  123       -1473.269   -1974.106       -1473.263   -1974.102             123             123
   51        -783.880     228.085        -783.865     228.084              51              51
   10       -1136.801    -313.370       -1136.789    -313.368              10              10
  234       -1456.223    -335.419       -1456.214    -335.421             234             234
   72          -5.491    3430.414          -5.461    3430.412              72              72
   60       -1206.895   -1555.905       -1206.896   -1555.897              60              60
  219        -459.050    2539.241        -459.026    2539.242             219             219
   65         727.320    -108.443         727.327    -108.447              65              65
   80          67.235     478.660          67.250     478.656              80              80
  231        -293.438    2205.078        -293.405    2205.088             231             231
  222         910.934    -998.848         910.939    -998.846             222             222
  166       -2140.690   -1222.337       -2140.690   -1222.314             166             166
  167        -466.009    -462.470        -466.015    -462.474             167             167
   27         666.965     487.947         666.973     487.927              27              27
  150         908.230     615.454         908.247     615.433             150             150
   38         416.814    1306.458         416.849    1306.448              38              38
   55       -1200.883     798.158       -1200.864     798.176              55              55
  216        1685.877     718.369        1685.896     718.347             216             216
  221         614.839      73.550         614.865      73.542             221             221
  159         425.437    -312.816         425.467    -312.835             159             159
  166       -2303.140    2839.476       -2303.070    2839.512             166             166
  210       -1001.199     198.166       -1001.188     198.196             210             210
  201       -1150.610    1205.322       -1150.589    1205.352             201             201
  167         168.898    1010.465         168.916    1010.482             167             167
   59        -753.781    -256.190        -753.785    -256.155              59              59
  224         214.806    -296.124         214.795    -296.110             224             224
  181         154.234   -1922.013         154.191   -1922.017             181             181
  218         394.834     256.777         394.836     256.747             218             218
   56        1133.596    2540.847        1133.655    2540.826              56              56
   18         905.245     157.502         905.261     157.508              18              18
  240        1762.372    -228.822        1762.399    -228.843             240             240
  179        -605.045    -716.022        -605.022    -716.000             179             179
   70       -1021.793     529.291       -1021.761     529.322              70              70
  251         505.566     306.461         505.592     306.475             251             251
  158        -986.447   -2258.743        -986.485   -2258.712             158             158
  142         -72.822     665.391         -72.792     665.385             142             142
   55         -98.781    -791.052         -98.789    -791.053              55              55
  121         699.928     989.897         699.987     989.878             121             121
  208       -1508.817      86.537       -1508.781      86.602             208             208
  135       -1284.934   -1675.741       -1284.970   -1675.700             135             135
   97       -1040.029    -151.923       -1040.033    -151.909              97              97
  175        -485.507      65.205        -485.506      65.210             175             175
   46       -1584.256     172.755       -1584.265     172.800              46              46
    8        -504.779    -334.875        -504.829    -334.867               8               8
  202        1090.369    1224.172        1090.374    1224.148             202             202
  196        2236.339   -2150.671        2236.280   -2150.749             196             196
   47        -542.998     837.193        -542.939     837.182              47              47
    1        -552.660     836.785        -552.624     836.801               1               1
  157        -639.784     227.739        -639.790     227.770             157             157
   12         589.870    -610.921         589.825    -610.948              12              12
  160        1449.990    1071.644        1450.029    1071.588             160             160
   68         931.437    -256.971         931.459    -256.998              68              68
  223       -1152.330      68.120       -1152.317      68.155             223             223
  106        1276.285     720.479        1276.314     720.430             106             106
  235        -123.125    1291.026        -123.060    1291.068             235             235
   26         415.090   -1941.057         415.016   -1941.044              26              26
   74        1621.492   -1098.867        1621.475   -1098.958              74              74
  161         357.305     740.258         357.390     740.220             161             161
  245       -1343.764     320.961       -1343.730     321.022             245             245
  131        1527.434    -819.418        1527.418    -819.488             131             131
  180        -182.488     -64.431        -182.443     -64.444             180             180
  230       -1079.806     250.410       -1079.787     250.450             230             230
   54        2103.383   -1886.576        2103.324   -1886.714              54              54
  250         180.436    1118.719         180.555    1118.634             250             250
  225         788.962    1630.509         789.135    1630.430             225             225
  212       -2980.015    2237.827       -2979.835    2237.965             212             212
  137        -573.758     999.535        -573.673     999.595             137             137
   24       -2458.679     -83.143       -2458.649     -83.009              24              24
   78       -2766.693     749.602       -2766.693     749.741              78              78
   89        -683.972      -2.878        -684.050      -2.848              89              89
  160        1462.165    1727.492        1462.219    1727.429             160             160
  175        -848.787     299.945        -848.786     300.016             175             175
    8        1313.724    1593.930        1313.791    1593.919               8               8
  206         628.851   -1546.085         628.803   -1546.067             206             206
  184         220.831    -904.991         220.839    -905.023             184             184
  210       -1349.179    1017.273       -1349.077    1017.324             210             210
  147       -1987.602     155.077       -1987.612     155.178             147             147
  232         700.368     831.086         700.388     831.038             232             232
  212        -236.030    1633.000        -235.927    1633.035             212             212
   48        -905.742     343.594        -905.726     343.679              48              48
  244          96.739    1951.100          96.843    1951.165             244             244
  117        -764.124   -1481.584        -764.209   -1481.468             117             117
  116       -1118.613      97.986       -1118.651      98.075             116             116
  212        1517.977    -149.439        1517.949    -149.488             212             212
  223        -927.343   -1026.924        -927.404   -1026.868             223             223
   96         830.657    1200.129         830.715    1200.095              96              96
  238         -50.090    -804.900         -50.127    -804.873             238             238
   42         242.818    1097.795         242.896    1097.814              42              42
    2         319.398    -840.151         319.383    -840.115               2               2
  227        -806.878   -1633.819        -806.941   -1633.779             227             227
  173       -1720.958     527.889       -1720.947     527.966             173             173
  182         714.523    -262.835         714.471    -262.905             182             182
  201          15.823    1434.127          15.913    1434.115             201             201
  228         571.652    1073.992         571.745    1074.005             228             228
  177        -684.196    -214.223        -684.173    -214.123             177             177
  171        -693.365     228.733        -693.329     228.830             171             171
  184       -1112.904    -783.087       -1112.948    -782.974             184             184
   58       -1812.808    -476.655       -1812.886    -476.522              58              58
  195        -208.316     195.909        -208.377     195.937             195             195
    7        -433.863     -11.280        -433.936     -11.212               7               7
  147         322.797   -1395.617         322.623   -1395.644             147             147
  100        1073.308    1600.836        1073.377    1600.781             100             100
  183        -315.112   -1237.208        -315.243   -1237.125             183             183
  156        1763.016   -1462.716        1762.883   -1462.853             156             156
   51         556.871    -365.501         556.867    -365.596              51              51
  112         -68.313    1299.461         -68.219    1299.474             112             112
  110        1215.203   -2241.004        1215.056   -2241.106             110             110
  198         261.857     391.422         261.943     391.323             198             198
   88        -521.279     196.972        -521.215     196.944              88              88
   67       -1356.216    1257.311       -1356.133    1257.358              67              67
  247         603.791    1795.877         603.908    1795.843             247             247
   77        -439.932     524.034        -439.876     524.116              77              77
  184       -1728.672     139.167       -1728.717     139.327             184             184
  108         576.473     469.077         576.399     469.049             108             108
   33        2184.781     856.291        2184.823     856.155              33              33
  151         762.797     169.855         762.869     169.837             151             151
  204        -218.484     893.038        -218.355     893.108             204             204
   16       -1061.776     -41.518       -1061.777     -41.368              16              16
  193         164.121    -102.301         164.083    -102.283             193             193
  207         562.588    2342.529         562.775    2342.600             207             207
  244         371.692   -1688.640         371.591   -1688.508             244             244
  111       -1069.891   -1316.184       -1070.000   -1316.000             111             111
  133         745.061   -3788.432         744.720   -3788.551             133             133
  190        2068.088    2452.142        2068.413    2451.918             190             190
   83       -3159.374   -1975.659       -3159.420   -1975.378              83              83
   54       -2813.656    1123.553       -2813.630    1123.793              54              54
  105        -153.219   -1812.398        -153.488   -1812.381             105             105
   12        -831.269      64.379        -831.365      64.399              12              12
  113         -69.677    -362.948         -69.833    -362.988             113             113
   45         471.254     503.699         471.181     503.613              45              45
   19         745.282     350.857         745.209     350.771              19              19
    4        1619.695     482.566        1619.679     482.414               4               4
  145        1225.200     419.292        1225.242     419.194             145             145
  203         351.734      54.507         351.754      54.490             203             203
  161         266.515    -171.945         266.490    -171.978             161             161
  196        1621.271     387.525        1621.360     387.351             196             196
   59       -1616.228    1211.245       -1616.065    1211.425              59              59
   15       -1306.459    -824.424       -1306.638    -824.277              15              15
  139        2008.318     -79.242        2008.234     -79.486             139             139
  147          51.884    1450.574          52.011    1450.527             147             147
   83        1178.564    1848.412        1178.751    1848.345              83              83
  130       -1047.475    1089.569       -1047.387    1089.780             130             130
  224         937.676     457.053         937.661     457.092             224             224
   11         615.433     -89.376         615.399     -89.326              11              11
  238        1658.290    1396.414        1658.479    1396.436             238             238
    2       -1846.495   -2289.530       -1846.704   -2289.159               2               2
  163        -113.015   -1688.805        -113.305   -1688.719             163             163
  187        2916.290   -2255.019        2916.054   -2255.325             187             187
   18        -468.145    -638.774        -468.127    -638.801              18              18
  100       -1397.723    -630.537       -1397.845    -630.491             100             100
  139        1219.125    1781.689        1219.208    1781.533             139             139
    6         532.049     902.617         532.072     902.669               6               6
  212        1890.140    -812.973        1890.020    -813.030             212             212
   16        1420.296   -2467.928        1420.077   -2468.055              16              16
  196         969.112    -889.144         969.091    -889.342             196             196
   39          84.543     928.865          84.693     928.814              39              39
   71         540.285    -408.084         540.274    -408.125              71              71
   45        -485.191   -1009.667        -485.332   -1009.674              45              45
   51        2940.213    1584.438        2940.407    1584.098              51              51
  184         191.249     371.965         191.410     372.037             184             184
   90         816.646   -1525.792         816.600   -1525.839              90              90
   71       -1353.832      56.210       -1353.774      56.356              71              71
  189        1281.046    -905.654        1280.958    -905.804             189             189
  236        1015.110    1067.766        1015.349    1067.709             236             236
   18        -649.302   -2652.152        -649.462   -2652.044              18              18
   94        -924.467    -869.881        -924.508    -869.868              94              94
  177        -138.550    -855.626        -138.610    -855.717             177             177
   77       -1617.125    -522.302       -1617.226    -522.277              77              77
  110        1136.366    1456.677        1136.453    1456.455             110             110
   60        1603.534     122.463        1603.622     122.271              60              60
  225       -1260.850    -455.182       -1260.829    -455.063             225             225
  193        -327.952   -1684.064        -328.184   -1684.181             193             193
  191         745.677    1653.118         745.833    1652.850             191             191
  194        1208.044     899.874        1208.185     899.643             194             194
  205         935.219    1277.096         935.486    1276.932             205             205
  173        -107.808     399.671        -107.611     399.617             173             173
  196        -470.292    2759.462        -469.812    2759.539             196             196
  112       -2619.747    -206.486       -2619.727    -206.073             112             112
  105        -991.905    -887.620        -992.098    -887.544             105             105
  215       -1053.345     941.203       -1053.395     941.225             215             215
  213        2314.264    1458.273        2314.364    1457.941             213             213
  244        -489.467    1159.446        -489.315    1159.469             244             244
  221         845.163    3031.498         845.526    3031.462             221             221
  169        -239.371    1063.180        -239.225    1063.391             169             169
    5        -294.689     469.338        -294.677     469.534               5               5
  162         518.588     736.110         518.610     736.219             162             162
  208        1506.710     -10.602        1506.722     -10.578             208             208
   77        -395.183   -1884.308        -395.394   -1884.132              77              77
  207         452.108   -1823.935         451.833   -1824.084             207             207
    4        1350.319    2868.589        1350.675    2868.415               4               4
    5        2014.048    -954.203        2014.057    -954.339               5               5
   42        -620.823    -432.810        -620.719    -432.730              42              42
   76         174.131     841.034         174.345     841.026              76              76
  195        -469.181     663.604        -468.977     663.768             195             195
   23       -1326.031    -777.613       -1326.085    -777.359              23              23
   95       -1321.656     -14.031       -1321.744     -13.831              95              95
   33         987.413      89.738         987.345      89.634              33              33
  200        -760.889    1124.282        -760.832    1124.498             200             200
  173        2006.347   -1583.123        2006.044   -1583.283             173             173
  144        1920.690    -535.515        1920.705    -535.775             144             144
    4         174.184    -393.556         174.267    -393.600               4               4
  142        -212.615    -468.059        -212.613    -468.103             142             142
   81          -8.476    1219.638          -8.338    1219.598              81              81
  195        3592.425     603.630        3592.677     603.189             195             195
   80       -1817.527     -85.505       -1817.284     -85.230              80              80
   30        -180.902    1092.852        -180.649    1092.928              30              30
  113        -444.539     157.468        -444.408     157.642             113             113
   21        -800.792    -725.213        -800.826    -725.055              21              21
  143        -265.088     395.123        -264.992     395.159             143             143
  219        -554.438     871.636        -554.305     871.778             219             219
  236        1148.429     -64.209        1148.511     -64.303             236             236
  100       -1766.423    1739.248       -1766.101    1739.649             100             100
  208         438.025    -552.477         437.955    -552.295             208             208
  201           6.168   -1245.759           6.086   -1245.585             201             201
   13       -1143.990   -2727.571       -1144.320   -2727.437              13              13
  213        -599.222     711.524        -599.131     711.488             213             213
  108        -535.871    1523.604        -535.707    1523.763             108             108
  222        1128.196    -870.368        1128.073    -870.387             222             222
   35        -123.047    -509.122        -123.045    -509.019              35              35
   59         594.944   -1082.615         594.912   -1082.650              59              59
  227       -1497.149   -1634.822       -1497.281   -1634.694             227             227
   41        -815.749    1768.630        -815.501    1768.732              41              41
  102         957.746   -1876.257         957.555   -1876.404             102             102
   47       -2618.451    1721.743       -2618.157    1722.123              47              47
  236         822.345   -1460.286         822.121   -1460.390             236             236
  125       -2129.718    1229.779       -2129.533    1230.088             125             125
  142        -447.701    -234.383        -447.870    -234.246             142             142
   14          90.596     168.600          90.498     168.655              14              14
   69        1774.528   -1092.412        1774.392   -1092.674              69              69
   59        -574.834     988.000        -574.528     988.100              59              59
  158       -2066.973    -132.751       -2066.999    -132.315             158             158
   74          -1.694   -1741.858          -2.048   -1741.871              74              74
  202        -419.530     699.905        -419.451     699.884             202             202
  240       -1634.034     919.395       -1634.046     919.685             240             240
   14        1384.165     769.724        1384.121     769.662              14              14
   27         274.760    -780.265         274.582    -780.135              27              27
   15         629.162    -994.296         628.942    -994.295              15              15
  127        1787.554   -1277.242        1787.419   -1277.507             127             127
   48         114.445    -581.750         114.547    -581.797              48              48
  158       -1522.128    -417.185       -1522.089    -416.949             158             158
   91       -1218.321   -1363.306       -1218.592   -1363.196              91              91
   28        -195.177    1182.296        -195.085    1182.307              28              28
    2        -579.308   -2375.094        -579.833   -2375.069               2               2
   43        1581.106    1173.640        1581.211    1173.235              43              43
  230         534.901     196.842         534.987     196.740             230             230
   16        -213.564    -499.135        -213.610    -499.177              16              16
    1          88.924    1550.657          89.171    1550.629               1               1
   82         885.039     159.588         885.136     159.574              82              82
  238        -597.244   -1914.761        -597.444   -1914.672             238             238
   36       -1200.000      -0.029       -1200.000       0.000              36              36
  142        -597.657    1914.580        -597.450    1914.671             142             142
  209         885.232    -159.559         885.135    -159.574             209             209
   77          89.430   -1550.596          89.175   -1550.626              77              77
  245        -213.659     499.218        -213.611     499.176             245             245
    1         535.077    -196.632         534.987    -196.738               1               1
   58        1581.325   -1172.804        1581.214   -1173.231              58              58
  115        -580.396    2375.042        -579.839    2375.069             115             115
  144        -194.982   -1182.319        -195.083   -1182.307             144             144
   72       -1218.889    1363.073       -1218.596    1363.193              72              72
  185       -1522.050     416.689       -1522.092     416.946             185             185
  203         114.658     581.847         114.547     581.797             203             203
  231        1787.266    1277.801        1787.416    1277.509             231             231
    3         628.696     994.296         628.940     994.297               3               3
  150         274.381     779.991         274.580     780.136             150             150
  216        1384.075    -769.588        1384.124    -769.658             216             216
   17       -1634.056    -920.018       -1634.044    -919.687              17              17
  177        -419.359    -699.863        -419.450    -699.886             177             177
  232          -2.462    1741.885          -2.052    1741.870             232             232
  145       -2067.028     131.806       -2066.998     132.312             145             145
  225        -574.167    -988.220        -574.526    -988.103             225             225
  134        1774.228    1092.990        1774.390    1092.679             134             134
  237          90.381    -168.721          90.498    -168.656             237             237
  254        -448.072     234.080        -447.869     234.245             254             254
  137       -2129.308   -1230.466       -2129.532   -1230.091             137             137
   24         821.841    1460.521         822.117    1460.393              24              24
  229       -2617.792   -1722.598       -2618.154   -1722.130             229             229
  154         957.316    1876.592         957.552    1876.408             154             154
   26        -815.189   -1768.859        -815.498   -1768.734              26              26
   56       -1497.451    1634.527       -1497.286    1634.689              56              56
  136         594.870    1082.695         594.911    1082.651             136             136
   62        -123.044     508.888        -123.046     509.019              62              62
  198        1127.912     870.415        1128.071     870.389             198             198
   90        -535.490   -1523.973        -535.704   -1523.765              90              90
  140        -599.008    -711.446        -599.129    -711.491             140             140
  188       -1144.762    2727.256       -1144.325    2727.434             188             188
   91           5.974    1245.350           6.084    1245.583              91              91
  199         437.859     552.049         437.953     552.294             199             199
   47       -1765.661   -1740.195       -1766.096   -1739.653              47              47
  235        1148.621      64.435        1148.511      64.306             235             235
   15        -554.120    -871.971        -554.303    -871.777              15              15
  232        -264.861    -395.210        -264.992    -395.161             232             232
  183        -800.873     724.832        -800.826     725.053             183             183
  247        -444.223    -157.890        -444.407    -157.645             247             247
  236        -180.287   -1093.038        -180.646   -1092.930             236             236
   77       -1816.938      84.832       -1817.284      85.225              77              77
  207        3593.038    -602.545        3592.677    -603.180             207             207
  254          -8.134   -1219.539          -8.333   -1219.597             254             254
  254        -212.609     468.167        -212.613     468.103             254             254
  183         174.391     393.665         174.267     393.600             183             183
  144        1920.724     536.167        1920.703     535.779             144             144
  224        2005.588    1583.527        2006.042    1583.287             224             224
   62        -760.744   -1124.828        -760.830   -1124.501              62              62
  125         987.241     -89.474         987.345     -89.632             125             125
  222       -1321.880      13.523       -1321.745      13.829             222             222
  200       -1326.169     776.961       -1326.085     777.355             200             200
  150        -468.659    -664.023        -468.977    -663.768             150             150
  196         174.687    -841.015         174.349    -841.026             196             196
   98        -620.555     432.600        -620.720     432.728              98              98
  176        2014.070     954.559        2014.056     954.342             176             176
  252        1351.255   -2868.133        1350.680   -2868.412             252             252
  235         451.383    1824.325         451.830    1824.084             235             235
  239        -395.745    1883.841        -395.399    1884.129             239             239
  195        1506.741      10.539        1506.722      10.581             195             195
   69         518.647    -736.401         518.610    -736.220              69              69
  124        -294.653    -469.869        -294.675    -469.537             124             124
  127        -238.975   -1063.754        -239.224   -1063.394             127             127
  160         846.160   -3031.399         845.534   -3031.461             160             160
   67        -489.050   -1159.510        -489.313   -1159.470              67              67
  175        2314.542   -1457.356        2314.366   -1457.936             175             175
  140       -1053.476    -941.265       -1053.391    -941.227             140             140
   83        -992.440     887.403        -992.100     887.541              83              83
  152       -2619.690     205.333       -2619.726     206.071             152             152
   67        -468.934   -2759.678        -469.804   -2759.540              67              67
   74        -107.253    -399.517        -107.610    -399.616              74              74
  133         935.980   -1276.628         935.490   -1276.929             133             133
  145        1208.446    -899.213        1208.186    -899.639             145             145
   26         746.130   -1652.348         745.837   -1652.848              26              26
  131        -328.626    1684.400        -328.188    1684.179             131             131
  143       -1260.789     454.834       -1260.829     455.061             143             143
  210        1603.790    -121.901        1603.622    -122.269             210             210
   20        1136.627   -1456.018        1136.456   -1456.451              20              20
  112       -1617.421     522.218       -1617.226     522.272             112             112
   17        -138.730     855.898        -138.611     855.719              17              17
  145        -924.593     869.838        -924.510     869.866             145             145
   79        -649.794    2651.828        -649.469    2652.044              79              79
  218        1015.836   -1067.589        1015.353   -1067.706             218             218
   40        1280.780     906.113        1280.958     905.807              40              40
   19       -1353.654     -56.655       -1353.773     -56.356              19              19
   60         816.499    1525.940         816.596    1525.841              60              60
  216         191.749    -372.188         191.413    -372.037             216             216
   15        2940.820   -1583.373        2940.411   -1584.091              15              15
   40        -485.636    1009.688        -485.336    1009.674              40              40
  200         540.250     408.214         540.272     408.126             200             200
  210          85.022    -928.704          84.697    -928.815             210             210
  109         969.041     889.774         969.089     889.345             109             109
   69        1419.589    2468.338        1420.073    2468.057              69              69
   82        1889.749     813.169        1890.017     813.036              82              82
   14         532.130    -902.785         532.075    -902.669              14              14
  136        1219.400   -1781.174        1219.211   -1781.529             136             136
    2       -1398.125     630.381       -1397.846     630.488               2               2
  154        -468.092     638.860        -468.131     638.799             154             154
  219        2915.499    2256.047        2916.051    2255.332             219             219
  154        -113.992    1688.517        -113.310    1688.719             154             154
  222       -1847.201    2288.277       -1846.706    2289.157             222             222
   38        1658.936   -1396.482        1658.481   -1396.433              38              38
   31         615.317      89.207         615.398      89.327              31              31
  111         937.625    -457.183         937.660    -457.090             111             111
   65       -1047.167   -1090.305       -1047.385   -1089.784              65              65
  163        1179.216   -1848.175        1178.754   -1848.341             163             163
  255          52.332   -1450.412          52.013   -1450.529             255             255
   19        2008.022      80.110        2008.234      79.493              19              19
  183       -1307.096     823.899       -1306.638     824.275             183             183
  111       -1615.645   -1211.893       -1616.065   -1211.429             111             111
   37        1621.594    -386.894        1621.361    -387.348              37              37
   73         266.421     172.069         266.488     171.979              73              73
  190         351.809     -54.442         351.754     -54.489             190             190
  255        1225.356    -418.923        1225.242    -419.190             255             255
  113        1619.637    -481.998        1619.679    -482.410             113             113
  210         745.012    -350.531         745.210    -350.767             210             210
   59         470.983    -503.376         471.182    -503.612              59              59
   74         -70.273     363.101         -69.836     362.990              74              74
  225        -831.635     -64.460        -831.365     -64.402             225             225
   99        -154.264    1812.334        -153.495    1812.381              99              99
   19       -2813.554   -1124.490       -2813.629   -1123.798              19              19
  180       -3159.563    1974.552       -3159.426    1975.369             180             180
  209        2069.374   -2451.257        2068.420   -2451.914             209             209
   88         743.700    3788.903         744.709    3788.552              88              88
    7       -1070.328    1315.447       -1070.000    1316.000               7               7
  224         371.269    1688.105         371.585    1688.507             224             224
  224         563.364   -2342.816         562.781   -2342.599             224             224
    9         163.959     102.233         164.081     102.284               9               9
  122       -1061.776      40.891       -1061.775      41.366             122             122
  188        -217.945    -893.333        -218.354    -893.110             188             188
  164         763.095    -169.770         762.868    -169.833             164             164
   89        2184.963    -855.708        2184.824    -856.151              89              89
  227         576.162    -468.950         576.400    -469.047             227             227
  196       -1728.869    -139.867       -1728.718    -139.331             196             196
  200        -439.686    -524.390        -439.875    -524.117             200             200
   36         604.315   -1795.723         603.912   -1795.841              36              36
  103       -1355.838   -1257.527       -1356.129   -1257.361             103             103
  199        -520.992    -196.850        -521.214    -196.945             199             199
   56         262.245    -390.974         261.943    -391.322              56              56
   31        1214.523    2241.474        1215.049    2241.110              31              31
   55         -67.878   -1299.518         -68.217   -1299.473              55              55
   93         556.847     365.939         556.866     365.596              93              93
  104        1762.385    1463.367        1762.879    1462.858             104             104
  246        -315.739    1236.820        -315.247    1237.124             246             246
   92        1073.648   -1600.569        1073.382   -1600.779              92              92
  218         321.954    1395.744         322.618    1395.643             218             218
  200        -434.218      10.951        -433.938      11.211             200             200
  152        -208.614    -196.049        -208.378    -195.939             152             152
   37       -1813.193     475.999       -1812.887     476.521              37              37
  169       -1113.132     782.507       -1112.951     782.969             169             169
  252        -693.187    -229.222        -693.330    -228.832             252             252
   56        -684.082     213.712        -684.174     214.120              56              56
   94         572.133   -1074.052         571.748   -1074.002              94              94
  206          16.299   -1434.069          15.918   -1434.117             206             206
  144         714.252     263.204         714.470     262.907             144             144
  102       -1720.899    -528.305       -1720.947    -527.972             102             102
  174        -807.220    1633.600        -806.944    1633.777             174             174
  113         319.304     839.953         319.380     840.115             113             113
  112         243.245   -1097.895         242.897   -1097.813             112             112
   41         -50.302     804.747         -50.130     804.872              41              41
   46         830.993   -1199.930         830.718   -1200.092              46              46
   20        -927.699    1026.587        -927.408    1026.862              20              20
  130        1517.810     149.733        1517.946     149.492             130             130
   18       -1118.831     -98.515       -1118.651     -98.081              18              18
  216        -764.620    1480.912        -764.210    1481.468             216             216
   75          97.364   -1951.491          96.847   -1951.167              75              75
   55        -905.644    -344.105        -905.726    -343.681              55              55
   64        -235.400   -1633.208        -235.924   -1633.035              64              64
   19         700.498    -830.781         700.390    -831.034              19              19
  111       -1987.658    -155.710       -1987.611    -155.183             111             111
   96       -1348.545   -1017.599       -1349.077   -1017.326              96              96
   74         220.881     905.195         220.838     905.022              74              74
  205         628.536    1545.974         628.801    1546.068             205             205
  201        1314.171   -1593.849        1313.794   -1593.916             201             201
   64        -848.785    -300.416        -848.788    -300.018              64              64
   42        1462.533   -1727.064        1462.223   -1727.427              42              42
  163        -684.496       2.673        -684.050       2.847             163             163
    8       -2766.683    -750.573       -2766.691    -749.749               8               8
  195       -2458.472      82.201       -2458.650      83.004             195             195
  201        -573.147    -999.957        -573.669    -999.596             201             201
  178       -2978.727   -2238.820       -2979.831   -2237.969             178             178
  191         790.224   -1629.924         789.140   -1630.426             191             191
    1         181.319   -1118.091         180.559   -1118.632               1               1
   17        2102.932    1887.615        2103.319    1886.718              17              17
  142       -1079.656    -250.714       -1079.785    -250.450             142             142
  146        -182.142      64.532        -182.441      64.443             146             146
  119        1527.304     819.967        1527.417     819.493             119             119
   60       -1343.497    -321.447       -1343.729    -321.027              60              60
    4         357.987    -739.950         357.390    -740.219               4               4
  232        1621.328    1099.623        1621.471    1098.961             232             232
  101         414.447    1940.957         415.010    1941.045             101             101
   51        -122.571   -1291.376        -123.059   -1291.068              51              51
  252        1276.542    -720.042        1276.317    -720.426             252             252
  232       -1152.215     -68.446       -1152.317     -68.160             232             232
   69         931.623     257.226         931.457     257.001              69              69
  213        1450.351   -1071.124        1450.032   -1071.584             213             213
   51         589.455     611.181         589.825     610.951              51              51
  124        -639.844    -228.033        -639.791    -227.770             124             124
   22        -552.317    -836.939        -552.624    -836.801              22              22
   70        -542.425    -837.081        -542.939    -837.182              70              70
  236        2235.733    2151.465        2236.276    2150.754             236             236
  118        1090.433   -1223.904        1090.377   -1224.145             118             118
  144        -505.301     334.791        -504.831     334.866             144             144
  185       -1584.352    -173.247       -1584.265    -172.803             185             185
   63        -485.496     -65.264        -485.506     -65.211              63              63
  209       -1040.090     151.743       -1040.035     151.906             209             209
  228       -1285.370    1675.262       -1284.974    1675.696             228             228
  227       -1508.404     -87.293       -1508.781     -86.604             227             227
  218         700.625    -989.665         699.989    -989.876             218             218
  167         -98.876     791.058         -98.789     791.052             167             167
  172         -72.463    -665.321         -72.792    -665.385             172             172
  141        -986.951    2258.343        -986.490    2258.710             141             141
  102         505.917    -306.621         505.594    -306.472             102             102
  173       -1021.359    -529.732       -1021.759    -529.326             173             173
  158        -604.730     715.707        -605.023     715.999             158             158
  245        1762.739     229.131        1762.398     228.846             245             245
   64         905.469    -157.581         905.260    -157.505              64              64
   22        1134.490   -2540.525        1133.661   -2540.823              22              22
   49         394.868    -256.311         394.836    -256.745              49              49
   69         153.554    1922.084         154.187    1922.017              69              69
  254         214.631     295.895         214.795     296.109             254             254
  151        -753.877     255.559        -753.788     256.151             151             151
  120         169.229   -1010.770         168.918   -1010.483             120             120
  251       -1150.214   -1205.872       -1150.586   -1205.355             251             251
  127       -1001.004    -198.717       -1001.188    -198.196             127             127
  190       -2301.717   -2840.217       -2303.061   -2839.518             190             190
  209         425.996     313.186         425.465     312.836             209             209
  178         615.351     -73.380         614.865     -73.541             178             178
   59        1686.284    -717.872        1685.898    -718.343              59              59
  231       -1200.445    -798.578       -1200.863    -798.178             231             231
  249         417.649   -1306.206         416.851   -1306.446             249             249
   39         908.676    -614.916         908.248    -615.431              39              39
   93         667.167    -487.434         666.973    -487.925              93              93
  138        -466.184     462.587        -466.016     462.475             138             138
  225       -2140.733    1221.653       -2140.695    1222.309             225             225
  157         911.090     998.804         910.937     998.847             157             157
   91        -292.367   -2205.390        -293.402   -2205.088              91              91
  197          67.799    -478.541          67.251    -478.657             197             197
  128         727.554     108.592         727.325     108.448             128             128
   54        -458.017   -2539.259        -459.020   -2539.243              54              54
  109       -1207.025    1555.552       -1206.900    1555.895             109             109
   44          -3.905   -3430.285          -5.450   -3430.410              44              44
  195       -1455.843     335.444       -1456.216     335.419             195             195
  212       -1136.169     313.260       -1136.790     313.367             212             212
  218        -782.969    -228.048        -783.865    -228.084             218             218
   98       -1472.939    1973.686       -1473.267    1974.099              98              98
  201       -2621.719     673.984       -2623.073     675.274             201             201
   27        2080.418   -3697.993        2077.539   -3698.656              27              27
  121       -1986.421     152.635       -1988.204     152.934             121             121
  251        -209.528   -1842.729        -212.894   -1843.144             251             251
   96         934.077    2267.089         931.020    2266.373              96              96
  120        1007.355     212.647        1000.327     212.299             120             120
