SINAL     NFT                         FFT                         NFT INVERSA     FFT INVERSA
-----     -----------------------     -----------------------     -----------     -----------
  184       66093.000       0.000       66093.000       0.000             184             184
  194       -1335.076     825.374       -1335.062     825.374             194             194
   89         312.341    -802.431         312.353    -802.430              89              89
   74       -1310.426    -449.309       -1310.413    -449.307              74              74
  156         135.119     535.024         135.132     535.025             156             156
  108        1725.606   -1140.710        1725.617   -1140.712             108             108
   82        -998.789    -155.262        -998.775    -155.259              82              82
  236        1183.534     -16.143        1183.549     -16.148             236             236
  155       -1647.382    1263.654       -1647.360    1263.666             155             155
  179         -88.138    -217.545         -88.128    -217.538             179             179
  160         204.905     -58.269         204.919     -58.263             160             160
  193        -449.641   -1810.457        -449.638   -1810.448             193             193
   65        -742.258   -2271.382        -742.262   -2271.385              65              65
   13        -838.113    3409.726        -838.081    3409.730              13              13
  142        1284.240     207.963        1284.249     207.968             142             142
  133        -157.547   -1720.602        -157.548   -1720.590             133             133
  186         -66.237   -1462.397         -66.242   -1462.398             186             186
  114         325.720    1686.103         325.747    1686.106             114             114
   59         752.792   -2333.437         752.778   -2333.435              59              59
   79          -8.412   -1074.692          -8.410   -1074.694              79              79
  155         606.446   -1558.678         606.441   -1558.697             155             155
  107         954.172    1274.090         954.213    1274.068             107             107
  194       -2200.546      86.449       -2200.528      86.481             194             194
   59        -300.329    -186.938        -300.331    -186.933              59              59
  102          86.027    -114.364          86.025    -114.366             102             102
  254        1211.522     632.337        1211.534     632.324             254             254
  162        2059.626   -1086.758        2059.629   -1086.785             162             162
  147        -296.192    -490.592        -296.176    -490.591             147             147
  119        1702.567    -679.967        1702.586    -680.005             119             119
  126       -1456.037     579.430       -1455.993     579.446             126             126
   82        -297.402     349.408        -297.380     349.415              82              82
   48         527.974   -1273.719         527.979   -1273.739              48              48
   65       -1836.475    1114.533       -1836.430    1114.554              65              65
  172        -340.221    1041.165        -340.191    1041.171             172             172
  122        -134.753     476.440        -134.729     476.448             122             122
  222        -827.678      98.626        -827.665      98.644             222             222
   24        -121.718     937.485        -121.690     937.486              24              24
  205          89.987    1246.474          90.034    1246.482             205             205
  202       -2120.036     792.617       -2120.016     792.693             202             202
  179         288.164   -1162.300         288.116   -1162.296             179             179
  129        1888.567    1057.825        1888.603    1057.777             129             129
  107        -957.732    1581.380        -957.677    1581.435             107             107
  117        1423.805   -1445.061        1423.784   -1445.074             117             117
  195       -1216.882     727.346       -1216.841     727.394             195             195
  120         299.489    -793.727         299.476    -793.714             120             120
    3        -182.521    -188.783        -182.505    -188.766               3               3
   72       -1580.190    -872.038       -1580.217    -871.986              72              72
   51        1234.329   -1047.099        1234.296   -1047.153              51              51
  118        -370.478    1012.340        -370.431    1012.330             118             118
  131        -262.492     963.131        -262.457     963.136             131             131
  131        -368.304    1378.871        -368.266    1378.903             131             131
   18        1403.557    -553.476        1403.552    -553.504              18              18
  239       -1382.238    1594.500       -1382.177    1594.571             239             239
   69        1123.415   -1395.897        1123.368   -1395.914              69              69
   77         330.724     788.684         330.779     788.674              77              77
   85        -825.498    -389.777        -825.489    -389.755              85              85
   67       -1213.773    2779.809       -1213.684    2779.862              67              67
  240         541.870    2140.329         541.924    2140.392             240             240
  232        1266.751   -1696.530        1266.697   -1696.491             232             232
  187        -347.890   -2052.959        -347.948   -2052.930             187             187
  110         -26.281    1187.051         -26.232    1187.067             110             110
   59        -204.413    -748.253        -204.444    -748.207              59              59
  235        -508.556    -600.701        -508.616    -600.668             235             235
  176        3185.979    1035.042        3186.013    1034.950             176             176
  231        1234.927   -1686.151        1234.911   -1686.172             231             231
  102         684.716     206.013         684.797     205.992             102             102
  143       -1422.607    -230.117       -1422.563    -230.035             143             143
    0        -471.357     -66.030        -471.337     -65.985               0               0
   52        -874.166   -1572.340        -874.226   -1572.313              52              52
   89         252.162    2585.741         252.285    2585.736              89              89
  179       -1113.487     449.669       -1113.470     449.791             179             179
  181        1012.631   -1008.253        1012.579   -1008.241             181             181
  197          25.540    -504.922          25.530    -504.887             197             197
   41         959.635    -146.909         959.655    -146.907              41              41
  120         -89.989   -1982.502         -90.038   -1982.475             120             120
   61          58.643    -408.441          58.676    -408.465              61              61
   45        -849.841    1842.705        -849.685    1842.778              45              45
  193       -3728.023    -834.190       -3728.078    -833.937             193             193
  113         512.937    -798.993         512.834    -798.966             113             113
  163         115.893   -1377.534         115.796   -1377.505             163             163
   69         532.737   -1193.929         532.659   -1193.941              69              69
  244         402.947   -1604.655         402.856   -1604.692             244             244
  181        1656.950     251.913        1656.996     251.810             181             181
   52         115.559    -792.249         115.601    -792.255              52              52
   58       -2117.863    -516.189       -2117.834    -516.095              58              58
    3       -2511.989     530.514       -2511.989     530.647               3               3
  138        -548.650    -761.247        -548.771    -761.221             138             138
  126         748.288    1042.117         748.281    1042.084             126             126
  243        1886.209    -676.565        1886.177    -676.639             243             243
  114       -1020.895   -1591.195       -1020.968   -1591.169             114             114
   57         929.255    1770.737         929.370    1770.661              57              57
   98       -1455.831    -208.652       -1455.834    -208.559              98              98
  174         133.260    1411.888         133.324    1411.894             174             174
   37        -402.478    1138.903        -402.413    1138.998              37              37
   18       -1566.601     356.430       -1566.631     356.636              18              18
  150         244.039   -1491.143         243.853   -1491.059             150             150
  139        1824.254   -2233.195        1824.066   -2233.287             139             139
  161         903.261     176.113         903.275     176.057             161             161
  150         463.008    -492.478         462.988    -492.476             150             150
  191         160.242    -266.232         160.234    -266.199             191             191
  251        -491.559   -1026.849        -491.644   -1026.768             251             251
   73         565.379   -1971.625         565.215   -1971.656              73              73
  117         833.448   -1063.795         833.370   -1063.894             117             117
  192        -211.438     154.186        -211.447     154.163             192             192
  115         805.204     -63.071         805.160     -63.140             115             115
  237        1103.046     540.867        1103.054     540.801             237             237
  254        2053.942     133.793        2053.964     133.694             254             254
  160        1816.286      47.858        1816.378      47.809             160             160
  175        -162.393   -2501.872        -162.456   -2501.830             175             175
  112        -860.023    -702.337        -860.005    -702.314             112             112
   67        -295.596     470.385        -295.515     470.423              67              67
  244       -1881.744   -2104.042       -1881.896   -2103.897             244             244
  100         336.666   -1087.335         336.555   -1087.412             100             100
  249        -763.918    -823.433        -764.009    -823.454             249             249
   41          62.422     266.236          62.370     266.160              41              41
  159        2238.836    -171.654        2238.832    -171.886             159             159
  252       -1845.405    1575.882       -1845.286    1575.989             252             252
  179         973.323      16.766         973.259      16.702             179             179
   29        1163.819     645.443        1163.856     645.375              29              29
  239         404.317   -1026.008         404.238   -1026.037             239             239
   38        1395.452     155.340        1395.489     155.190              38              38
   87        -173.891     714.433        -173.801     714.423              87              87
   81         460.263     984.790         460.348     984.771              81              81
  212         503.515     930.410         503.611     930.453             212             212
  124         -98.464   -1636.042         -98.584   -1635.980             124             124
  100         859.120     -27.759         859.133     -27.818             100             100
  106        -388.318   -1606.340        -388.452   -1606.343             106             106
    8        2428.124     679.118        2428.233     678.849               8               8
    6       -2073.148    1247.824       -2073.000    1248.000               6               6
    0        1514.059    -127.643        1514.042    -127.739              -0               0
  200          11.434    -503.421          11.443    -503.442             200             200
    2        -283.607    1187.508        -283.485    1187.518               2               2
   74        -217.715     482.466        -217.693     482.515              74              74
   61        1532.382     484.396        1532.438     484.296              61              61
  195         497.786     812.954         497.944     812.973             195             195
  189        -727.245    -212.517        -727.184    -212.380             189             189
   42       -1935.211    -726.388       -1935.303    -726.209              42              42
  193         823.438    2390.879         823.581    2390.886             193             193
   94         584.550   -1486.809         584.406   -1486.728              94              94
  218          23.284   -1272.368          23.149   -1272.356             218             218
   50        1452.661    1207.578        1452.782    1207.498              50              50
  161         -50.765   -1460.558         -50.852   -1460.475             161             161
  207        -279.238    -914.571        -279.330    -914.549             207             207
  151        1399.058     102.903        1399.089     102.760             151             151
  155        -783.551     678.188        -783.468     678.296             155             155
  248         994.903     734.835         994.958     734.870             248             248
   54        1259.560   -2515.543        1259.384   -2515.579              54              54
  151        -339.583    -648.875        -339.565    -648.857             151             151
  171        -486.221    -433.571        -486.237    -433.533             171             171
   84        -235.599     448.523        -235.576     448.586              84              84
  134         786.421    -813.335         786.324    -813.319             134             134
  210        1108.281   -3181.674        1108.018   -3181.821             210             210
  172        -802.362     488.989        -802.305     488.960             172             172
  216        2681.153    -481.389        2681.175    -481.719             216             216
  166       -1860.559     451.022       -1860.433     451.130             166             166
   40        1200.625    2005.214        1200.840    2005.137              40              40
   61         239.532   -1624.711         239.450   -1624.689              61              61
   17        -174.521     548.584        -174.395     548.576              17              17
   49         -76.808     875.996         -76.665     876.053              49              49
   68         547.094     162.760         547.212     162.820              68              68
   18       -2220.598   -1875.478       -2220.749   -1875.186              18              18
  249        -120.493    -994.283        -120.656    -994.323             249             249
   70         897.762     875.424         897.852     875.310              70              70
   93         310.359    -253.147         310.395    -253.150              93              93
   54        -808.231     748.521        -808.116     748.685              54              54
   10          14.288   -1746.800          14.097   -1746.735              10              10
   27         431.829    -499.473         431.804    -499.526              27              27
   97        -310.586       3.645        -310.549       3.723              97              97
  204         240.370   -2053.824         240.190   -2053.843             204             204
  121       -1121.599    -921.605       -1121.702    -921.573             121             121
   59        1544.986     141.538        1545.036     141.302              59              59
  254       -1183.033    -735.615       -1183.035    -735.548             254             254
   27        -673.530      42.094        -673.537      42.073              27              27
   10         806.196     959.764         806.345     959.626              10              10
  149       -1824.722     623.951       -1824.628     624.185             149             149
  182        -541.013   -1104.212        -541.221   -1104.178             182             182
    3         806.290    1926.669         806.473    1926.586               3               3
  203        -608.935    -857.913        -609.052    -857.770             203             203
   77         278.376    -191.656         278.303    -191.675              77              77
  175         323.804    -140.706         323.754    -140.721             175             175
   32         920.478    -203.047         920.470    -203.112              32              32
  212         -62.429   -1502.698         -62.557   -1502.697             212             212
  129        -437.776   -1114.881        -437.896   -1114.961             129             129
  204        -552.032    1441.828        -551.920    1441.795             204             204
  173        1133.256     373.196        1133.259     373.050             173             173
   40         295.910    1062.981         296.050    1062.993              40              40
  244         382.330   -1345.462         382.178   -1345.498             244             244
  235          81.076    1255.027          81.215    1255.013             235             235
   57        1386.320   -1005.605        1386.223   -1005.771              57              57
   38         577.105    1950.267         577.446    1950.253              38              38
   47        -469.154   -1260.013        -469.238   -1259.815              47              47
   76         481.055   -2223.864         480.832   -2223.955              76              76
   31         -20.840   -1093.977         -20.910   -1094.172              31              31
  118         382.651    1858.501         382.956    1858.292             118             118
  169         664.976    2367.922         665.421    2367.910             169             169
   86        -843.757   -1391.144        -843.752   -1390.955              86              86
  128       -1774.385     -66.301       -1774.295     -66.135             128             128
  196       -1519.799    1891.868       -1519.551    1892.109             196             196
  183       -1624.203    -956.825       -1624.423    -956.518             183             183
   76         930.191    -844.804         930.021    -844.963              76              76
   62        -855.681    1346.168        -855.503    1346.280              62              62
  243         -29.038    -674.073         -29.124    -674.030             243             243
   74       -1984.637     -58.503       -1984.725     -58.278              74              74
   90        1194.969     910.619        1195.003     910.458              90              90
  254        -940.056     568.775        -940.009     568.957             254             254
  223        -273.380     135.316        -273.467     135.411             223             223
   16         793.950     861.379         793.996     861.369              16              16
    1         711.106      53.452         711.151      53.508               1               1
  170       -1302.693    -262.143       -1302.727    -261.802             170             170
   94         506.512    -966.164         506.372    -966.059              94              94
  177       -1945.412   -2752.902       -1945.833   -2752.588             177             177
  202        -967.095   -1752.785        -967.549   -1752.787             202             202
   51        1116.181     269.362        1116.021     269.077              51              51
   50         650.590    -268.403         650.431    -268.574              50              50
  151        1284.379     809.635        1284.427     809.442             151             151
  224         -66.419   -1500.568         -66.706   -1500.616             224             224
   90        1963.379    1603.009        1963.560    1602.695              90              90
  140         644.470   -1333.169         644.342   -1333.260             140             140
  203        -230.782    -203.146        -230.805    -203.240             203             203
  148         589.904    1211.842         590.040    1211.679             148             148
  178         946.739    1067.992         946.911    1067.896             178             178
  251         263.033     295.189         263.145     295.252             251             251
  225       -1273.717    -549.671       -1273.835    -549.403             225             225
  209         495.408   -1326.924         495.071   -1327.022             209             209
  113        1417.191      60.972        1417.115      60.661             113             113
  139        1550.287    1090.494        1550.464    1090.245             139             139
   39        1094.189     286.397        1094.335     286.309              39              39
  241        -603.067    -940.652        -603.174    -940.539             241             241
   80        1827.284    -401.351        1827.258    -401.686              80              80
  223         801.903    -282.987         802.040    -283.229             223             223
   61       -1152.742    1003.330       -1152.479    1003.359              61              61
  142        -352.624    2994.974        -352.190    2995.085             142             142
  211         479.015    1047.525         479.162    1047.747             211             211
  136         164.286   -2065.630         163.980   -2065.464             136             136
  232         758.230    -570.089         758.172    -570.178             232             232
  209         327.308     125.443         327.402     125.477             209             209
  103        -646.757   -1479.407        -646.992   -1479.225             103             103
  249        2132.134   -1861.224        2131.926   -1861.621             249             249
  211       -1771.418    -777.310       -1771.476    -777.226             211             211
   18        1687.194     949.178        1687.338     948.790              18              18
   87         343.005     268.719         343.181     268.654              87              87
  133         175.144    -839.027         175.180    -839.100             133             133
  221       -2178.914    -768.129       -2179.018    -767.963             221             221
  139         864.178     901.111         864.242     900.782             139             139
  183         -26.188    1069.090         -26.040    1068.986             183             183
  116         815.690     913.537         815.800     913.349             116             116
  107        1909.826     592.576        1910.031     592.198             107             107
   18        -409.762    1736.746        -409.337    1736.775              18              18
    0         694.679    1430.680         694.995    1430.643              -0               0
   55        1476.839     316.103        1477.111     315.930              55              55
  167         -84.960    1357.357         -84.407    1357.444             167             167
  178       -1266.675     310.637       -1266.340     310.928             178             178
   51       -1281.480    1074.162       -1281.075    1074.439              51              51
  136       -2909.320    1629.907       -2908.975    1630.550             136             136
  132       -1195.292    1171.292       -1195.174    1171.810             132             132
  164         134.541   -1757.957         134.282   -1757.752             164             164
   19       -2311.000      -0.444       -2311.000       0.000              19              19
  172         134.015    1757.542         134.278    1757.751             172             172
  149       -1195.051   -1172.340       -1195.172   -1171.813             149             149
   99       -2908.614   -1631.219       -2908.970   -1630.558              99              99
  140       -1280.652   -1074.727       -1281.072   -1074.441             140             140
  211       -1265.990    -311.241       -1266.338    -310.934             211             211
  242         -83.822   -1357.534         -84.403   -1357.443             242             242
   95        1477.400    -315.745        1477.113    -315.927              95              95
   91         695.338   -1430.603         694.999   -1430.643              91              91
  218        -408.873   -1736.809        -409.332   -1736.777             218             218
   49        1910.255    -591.781        1910.032    -592.193              49              49
  195         815.923    -913.139         815.803    -913.346             195             195
  212         -25.874   -1068.870         -26.038   -1068.985             212             212
    5         864.318    -900.414         864.246    -900.779               5               5
  213       -2179.136     767.771       -2179.019     767.959             213             213
   44         175.217     839.184         175.177     839.102              44              44
  138         343.380    -268.579         343.181    -268.653             138             138
  178        1687.509    -948.339        1687.342    -948.785             178             178
  183       -1771.548     777.126       -1771.479     777.223             183             183
   65        2131.677    1862.090        2131.921    1861.628              65              65
   39        -647.270    1479.011        -646.994    1479.224              39              39
   34         327.513    -125.516         327.402    -125.476              34              34
   84         758.102     570.285         758.171     570.179              84              84
   39         163.606    2065.266         163.974    2065.464              39              39
   90         479.343   -1048.014         479.164   -1047.747              90              90
  251        -351.652   -2995.220        -352.183   -2995.085             251             251
  218       -1152.152   -1003.398       -1152.476   -1003.362             218             218
  141         802.210     283.531         802.040     283.231             141             141
  132        1827.225     402.106        1827.257     401.689             132             132
   94        -603.310     940.398        -603.176     940.539              94              94
   50        1094.521    -286.194        1094.337    -286.306              50              50
  152        1550.692   -1089.924        1550.466   -1090.241             152             152
   10        1417.019     -60.254        1417.116     -60.657              10              10
  200         494.630    1327.154         495.068    1327.024             200             200
  251       -1273.991     549.049       -1273.836     549.401             251             251
  151         263.294    -295.333         263.145    -295.251             151             151
  155         947.144   -1067.765         946.914   -1067.894             155             155
  238         590.227   -1211.459         590.043   -1211.677             238             238
  246        -230.837     203.368        -230.806     203.240             246             246
  247         644.164    1333.384         644.338    1333.261             247             247
  201        1963.811   -1602.262        1963.562   -1602.693             201             201
   39         -67.106    1500.684         -66.709    1500.617              39              39
  186        1284.495    -809.168        1284.428    -809.438             186             186
  157         650.205     268.818         650.429     268.576             157             157
   45        1115.794    -268.671        1116.020    -269.074              45              45
  144        -968.204    1752.787        -967.554    1752.785             144             144
  201       -1946.443    2752.131       -1945.837    2752.584             201             201
  183         506.165     965.907         506.368     966.059             183             183
   67       -1302.774     261.299       -1302.726     261.799              67              67
  128         711.220     -53.587         711.152     -53.506             128             128
  249         794.068    -861.351         793.999    -861.366             249             249
  106        -273.598    -135.555        -273.468    -135.413             106             106
  163        -939.936    -569.234        -940.008    -568.959             163             163
   77        1195.057    -910.208        1195.005    -910.455              77              77
  145       -1984.861      57.929       -1984.725      58.274             145             145
  253         -29.259     673.961         -29.126     674.027             253             253
   73        -855.222   -1346.454        -855.501   -1346.280              73              73
  107         929.752     845.215         930.019     844.965             107             107
  139       -1624.775     956.027       -1624.425     956.515             139             139
  205       -1519.153   -1892.499       -1519.547   -1892.114             205             205
  202       -1774.150      65.865       -1774.296      66.132             202             202
  189        -843.747    1390.647        -843.755    1390.952             189             189
  101         666.156   -2367.888         665.428   -2367.908             101             101
  213         383.464   -1857.947         382.960   -1858.292             213             213
  133         -21.029    1094.497         -20.911    1094.172             133             133
   97         480.447    2224.105         480.827    2223.953              97              97
  108        -469.386    1259.481        -469.241    1259.815             108             108
   33         578.038   -1950.225         577.451   -1950.251              33              33
   79        1386.052    1006.067        1386.221    1005.776              79              79
   98          81.463   -1254.990          81.220   -1255.013              98              98
   25         381.907    1345.565         382.176    1345.500              25              25
   24         296.301   -1063.016         296.052   -1062.993              24              24
  138        1133.265    -372.783        1133.259    -373.047             138             138
  212        -551.713   -1441.735        -551.917   -1441.795             212             212
  182        -438.119    1115.103        -437.899    1114.959             182             182
  183         -62.798    1502.696         -62.561    1502.698             183             183
  100         920.451     203.234         920.468     203.114             100             100
  127         323.661     140.754         323.754     140.724             127             127
  110         278.168     191.711         278.304     191.675             110             110
  167        -609.278     857.497        -609.056     857.769             167             167
    0         806.827   -1926.427         806.476   -1926.585              -0               0
  103        -541.628    1104.109        -541.224    1104.177             103             103
   18       -1824.440    -624.650       -1824.626    -624.189              18              18
  163         806.637    -959.351         806.346    -959.623             163             163
  181        -673.553     -42.031        -673.537     -42.073             181             181
  163       -1183.043     735.410       -1183.037     735.546             163             163
  161        1545.138    -140.821        1545.037    -141.298             161             161
  254       -1121.913     921.500       -1121.704     921.568             254             254
   15         239.815    2053.880         240.186    2053.842              15              15
   45        -310.472      -3.886        -310.549      -3.723              45              45
  204         431.751     499.639         431.804     499.527             204             204
  217          13.691    1746.599          14.093    1746.735             217             217
  234        -807.869    -749.037        -808.115    -748.687             234             234
   49         310.475     253.159         310.396     253.150              49              49
  175         898.048    -875.061         897.854    -875.306             175             175
  112        -121.016     994.408        -120.659     994.321             112             112
  147       -2221.086    1874.540       -2220.753    1875.184             147             147
   27         547.479    -162.953         547.215    -162.820              27              27
  145         -76.340    -876.181         -76.664    -876.053             145             145
  227        -174.109    -548.556        -174.394    -548.576             227             227
  125         239.257    1624.640         239.446    1624.689             125             125
  171        1201.347   -2004.950        1200.846   -2005.132             171             171
  252       -1860.137    -451.388       -1860.431    -451.134             252             252
    8        2681.225     482.502        2681.175     481.725               8               8
  127        -802.170    -488.896        -802.305    -488.962             127             127
  178        1107.373    3182.179        1108.009    3181.824             178             178
  191         786.087     813.282         786.322     813.321             191             191
  228        -235.519    -448.742        -235.575    -448.588             228             228
   50        -486.279     433.438        -486.239     433.532              50              50
   46        -339.523     648.812        -339.566     648.856              46              46
  139        1258.937    2515.673        1259.380    2515.583             139             139
   50         995.097    -734.954         994.959    -734.869              50              50
  150        -783.256    -678.573        -783.467    -678.297             150             150
  157        1399.169    -102.385        1399.089    -102.755             157             157
  213        -279.573     914.491        -279.331     914.549             213             213
   75         -51.087    1460.257         -50.857    1460.474              75              75
   65        1453.108   -1207.278        1452.785   -1207.494              65              65
  119          22.784    1272.320          23.146    1272.354             119             119
   74         584.013    1486.508         584.404    1486.728              74              74
   81         823.979   -2390.907         823.587   -2390.886              81              81
  164       -1935.559     725.707       -1935.304     726.205             164             164
   22        -727.014     211.993        -727.184     212.377              22              22
   43         498.392    -813.026         497.946    -812.973              43              43
  143        1532.599    -484.008        1532.440    -484.293             143             143
   72        -217.630    -482.652        -217.693    -482.514              72              72
  218        -283.124   -1187.550        -283.480   -1187.519             218             218
  255          11.467     503.503          11.441     503.442             255             255
  219        1513.991     128.023        1514.040     127.742             219             219
  245       -2072.557   -1248.529       -2073.000   -1248.000             245             245
  145        2428.573    -678.017        2428.236    -678.844             145             145
  190        -388.873    1606.349        -388.456    1606.342             190             190
  115         859.168      28.013         859.131      27.822             115             115
   60         -98.973    1635.789         -98.588    1635.980              60              60
  187         503.920    -930.580         503.613    -930.451             187             187
  123         460.630    -984.710         460.352    -984.771             123             123
  187        -173.511    -714.395        -173.801    -714.424             187             187
  109        1395.605    -154.694        1395.489    -155.187             109             109
   59         403.966    1026.138         404.235    1026.038              59              59
  159        1163.980    -645.143        1163.856    -645.373             159             159
  159         973.037     -16.481         973.257     -16.700             159             159
  106       -1844.877   -1576.363       -1845.284   -1575.992             106             106
   43        2238.813     172.709        2238.831     171.894              43              43
  210          62.194    -265.896          62.372    -266.160             210             210
    0        -764.337     823.522        -764.013     823.451              -0              -0
  201         336.149    1087.690         336.553    1087.413             201             201
  168       -1882.464    2103.358       -1881.902    2103.892             168             168
   76        -295.216    -470.562        -295.514    -470.424              76              76
   11        -859.950     702.217        -860.008     702.310              11              11
   31        -162.704    2501.667        -162.461    2501.829              31              31
  150        1816.730     -47.612        1816.379     -47.804             150             150
   92        2054.050    -133.302        2053.965    -133.689              92              92
  195        1103.087    -540.539        1103.054    -540.799             195             195
  173         804.984      63.414         805.160      63.141             173             173
  135        -211.486    -154.076        -211.447    -154.164             135             135
   83         833.043    1064.298         833.366    1063.897              83              83
  245         564.537    1971.783         565.209    1971.656             245             245
   97        -491.998    1026.429        -491.647    1026.767              97              97
   82         160.202     266.064         160.233     266.200              82              82
  208         462.899     492.469         462.986     492.477             208             208
   87         903.331    -175.817         903.273    -176.056              87              87
  228        1823.242    2233.694        1824.063    2233.290             228             228
  143         243.025    1490.686         243.849    1491.058             143             143
  202       -1566.761    -357.563       -1566.630    -356.640             202             202
   32        -402.119   -1139.430        -402.413   -1138.999              32              32
   74         133.624   -1411.928         133.327   -1411.895              74              74
   69       -1455.856     208.116       -1455.837     208.556              69              69
  220         929.920   -1770.288         929.374   -1770.657             220             220
  184       -1021.329    1591.032       -1020.973    1591.164             184             184
  129        1886.016     677.002        1886.175     676.641             129             129
  124         748.256   -1041.920         748.284   -1042.083             124             124
   88        -549.383     761.089        -548.774     761.219              88              88
  235       -2511.992    -531.333       -2511.989    -530.654             235             235
  168       -2117.689     515.603       -2117.835     516.091             168             168
   42         115.818     792.291         115.600     792.256              42              42
  235        1657.240    -251.263        1656.997    -251.805             235             235
  114         402.362    1604.890         402.851    1604.691             114             114
  210         532.232    1194.008         532.658    1193.942             210             210
   56         115.250    1377.342         115.792    1377.505              56              56
  125         512.251     798.826         512.831     798.968             125             125
  241       -3728.395     832.472       -3728.080     833.924             241             241
  206        -848.780   -1843.201        -849.681   -1842.779             206             206
  218          58.866     408.601          58.675     408.464             218             218
  181         -90.338    1982.318         -90.043    1982.476             181             181
  123         959.778     146.897         959.656     146.908             123             123
   97          25.465     504.674          25.529     504.886              97              97
    8        1012.252    1008.170        1012.578    1008.242               8               8
  112       -1113.362    -450.576       -1113.470    -449.795             112             112
  195         253.098   -2585.699         252.293   -2585.736             195             195
   91        -874.623    1572.136        -874.229    1572.311              91              91
   65        -471.201      65.681        -471.336      65.984              65              65
   26       -1422.267     229.480       -1422.564     230.032              26              26
   63         685.358    -205.852         684.797    -205.993              63              63
  209        1234.799    1686.317        1234.910    1686.172             209             209
  229        3186.265   -1034.254        3186.016   -1034.943             229             229
   95        -509.052     600.421        -508.616     600.667              95              95
   28        -204.693     747.875        -204.448     748.208              28              28
   43         -25.850   -1187.187         -26.230   -1187.067              43              43
   60        -348.427    2052.702        -347.953    2052.929              60              60
  212        1266.250    1696.207        1266.693    1696.494             212             212
  172         542.377   -2140.895         541.929   -2140.392             172             172
  185       -1212.944   -2780.305       -1213.680   -2779.864             185             185
   44        -825.429     389.564        -825.491     389.754              44              44
  151         331.243    -788.587         330.779    -788.674             151             151
   97        1122.943    1396.072        1123.365    1395.916              97              97
   87       -1381.615   -1595.203       -1382.173   -1594.572              87              87
  131        1403.492     553.775        1403.549     553.508             131             131
  211        -367.903   -1379.205        -368.263   -1378.904             211             211
   41        -262.115    -963.202        -262.456    -963.140              41              41
  187        -369.979   -1012.239        -370.431   -1012.331             187             187
   80        1233.950    1047.706        1234.293    1047.155              80              80
   27       -1580.503     871.430       -1580.220     871.983              27              27
  138        -182.351     188.578        -182.508     188.763             138             138
   42         299.338     793.589         299.475     793.716              42              42
  208       -1216.383    -727.940       -1216.840    -727.398             208             208
    5        1423.533    1445.220        1423.780    1445.076               5               5
  140        -957.019   -1582.079        -957.673   -1581.438             140             140
  217        1889.036   -1057.189        1888.605   -1057.775             217             217
  118         287.506    1162.253         288.112    1162.296             118             118
   80       -2119.760    -793.670       -2120.014    -792.699              80              80
   52          90.651   -1246.595          90.038   -1246.484              52              52
  184        -121.300    -937.501        -121.686    -937.486             184             184
  106        -827.482     -98.891        -827.665     -98.645             106             106
  115        -134.385    -476.553        -134.728    -476.447             115             115
  138        -339.748   -1041.257        -340.189   -1041.173             138             138
   79       -1835.741   -1114.875       -1836.429   -1114.557              79              79
  211         528.005    1274.060         527.975    1273.740             211             211
  166        -296.993    -349.540        -297.378    -349.416             166             166
  122       -1455.260    -579.765       -1455.992    -579.451             122             122
   16        1702.904     680.705        1702.584     680.009              16              16
  123        -295.897     490.549        -296.177     490.589             123             123
   39        2059.656    1087.329        2059.626    1086.791              39              39
  201        1211.773    -632.055        1211.536    -632.322             201             201
  168          85.966     114.405          86.024     114.366             168             168
  191        -300.373     186.806        -300.332     186.931             191             191
   42       -2200.111     -87.241       -2200.527     -86.487              42              42
  255         955.197   -1273.547         954.217   -1274.066             255             255
   66         606.278    1559.169         606.437    1558.698              66              66
  254          -8.403    1074.743          -8.414    1074.694             254             254
   40         752.370    2333.388         752.773    2333.437              40              40
  254         326.557   -1686.190         325.750   -1686.107             254             254
   79         -66.411    1462.428         -66.243    1462.397              79              79
   67        -157.678    1720.185        -157.554    1720.589              67              67
  136        1284.614    -208.108        1284.251    -207.966             136             136
  121        -836.729   -3409.924        -838.071   -3409.733             121             121
   20        -742.518    2271.467        -742.267    2271.384              20              20
  142        -449.588    1810.043        -449.642    1810.447             142             142
    6         205.566      57.944         204.918      58.262               6               6
  237         -87.572     217.148         -88.128     217.539             237             237
    4       -1645.987   -1264.405       -1647.357   -1263.668               4               4
   86        1184.635      16.534        1183.550      16.150              86              86
   34        -997.601     154.910        -998.774     155.256              34              34
  189        1726.628    1141.103        1725.612    1140.717             189             189
  193         136.727    -535.192         135.133    -535.025             193             193
  149       -1308.376     448.757       -1310.415     449.304             149             149
   71         315.497     802.238         312.351     802.430              71              71
   17       -1327.829    -826.085       -1335.060    -825.380              17              17
