SINAL     NFT                         FFT                         NFT INVERSA     FFT INVERSA
-----     -----------------------     -----------------------     -----------     -----------
  142       62434.000       0.000       62434.000       0.000             142             142
  194         671.569     368.257         671.582     368.257             194             194
  138         178.984   -1587.545         178.996   -1587.546             138             138
  214        2049.439    1667.603        2049.454    1667.601             214             214
  234          49.420    -590.606          49.432    -590.604             234             234
   96        1644.874   -1226.889        1644.885   -1226.893              96              96
   31        1444.718     948.659        1444.739     948.655              31              31
  116       -1007.531   -1403.733       -1007.518   -1403.728             116             116
  197        -281.987     482.941        -281.968     482.944             197             197
  101       -1232.244    -911.737       -1232.235    -911.728             101             101
   18        -206.666    -747.061        -206.660    -747.062              18              18
  103          10.533    1250.838          10.551    1250.842             103             103
  222         361.603   -2197.557         361.598   -2197.558             222             222
  191         970.608     663.301         970.627     663.294             191             191
  210         -36.824   -1806.878         -36.822   -1806.878             210             210
   79         -47.426    -712.749         -47.418    -712.759              79              79
  200         543.208     912.754         543.233     912.736             200             200
  173        -836.162    2049.403        -836.129    2049.411             173             173
  204        1545.742    1057.021        1545.766    1057.015             204             204
  236         -50.970    -560.090         -50.957    -560.078             236             236
  107        -121.155   -1464.484        -121.159   -1464.484             107             107
   83         669.660     138.783         669.678     138.763              83              83
   78          80.766    1510.798          80.807    1510.793              78              78
  137        -738.202    -119.204        -738.191    -119.195             137             137
  156        1837.319    1843.415        1837.368    1843.385             156             156
  207       -1582.406    2268.699       -1582.344    2268.744             207             207
  103        -673.135   -1380.866        -673.146   -1380.838             103             103
   45        -977.127    1472.782        -977.100    1472.808              45              45
   90        1083.093     656.967        1083.108     656.975              90              90
   86        -584.383    -847.213        -584.392    -847.181              86              86
  236        1104.597     384.718        1104.605     384.714             236             236
  233        1893.318     669.915        1893.354     669.916             233             233
   25        -950.145   -2572.190        -950.177   -2572.145              25              25
  118        1532.253    -566.621        1532.259    -566.647             118             118
  192        -216.248   -1382.886        -216.248   -1382.882             192             192
    3        -446.372    1045.170        -446.327    1045.188               3               3
  214        -568.788   -1611.746        -568.814   -1611.720             214             214
  223        -170.001    -112.101        -170.005    -112.094             223             223
  119        1639.812    -807.079        1639.803    -807.117             119             119
  156         558.015     586.528         558.061     586.521             156             156
   69       -1307.631    -755.091       -1307.639    -755.044              69              69
  138        1315.444    -121.614        1315.443    -121.636             138             138
    3        1225.381   -1401.836        1225.367   -1401.863               3               3
   35        1388.013      10.983        1388.062      10.946              35              35
   73       -1240.267   -1201.673       -1240.256   -1201.639              73              73
  213        -128.058    -138.422        -128.038    -138.428             213             213
  114         153.423      95.723         153.456      95.717             114             114
   18        -733.949    -632.623        -733.940    -632.608              18              18
  131         -61.741     709.042         -61.695     709.040             131             131
   63       -1068.472     611.422       -1068.437     611.475              63              63
  254         289.834   -1186.090         289.806   -1186.083             254             254
  239          -6.920    -616.533          -6.917    -616.540             239             239
  146       -1289.697     578.003       -1289.676     578.046             146             146
   76        1654.103    -403.388        1654.099    -403.439              76              76
  120        -421.301    1408.930        -421.223    1408.974             120             120
   47         440.893   -2123.554         440.854   -2123.535              47              47
   27       -1903.867   -1481.553       -1903.908   -1481.497              27              27
  223         674.023    -675.930         673.991    -675.985             223             223
   92         340.954     169.934         340.971     169.891              92              92
  118         537.567    1244.784         537.638    1244.764             118             118
   54       -1145.210    -601.818       -1145.230    -601.761              54              54
   73        2366.508    -258.246        2366.517    -258.337              73              73
   96        -694.054    -821.926        -694.038    -821.919              96              96
   80         180.157    1055.821         180.229    1055.797              80              80
  191          48.334      83.084          48.385      83.077             191             191
   32       -1731.751    1374.323       -1731.670    1374.405              32              32
   84          90.078    1227.247          90.134    1227.306              84              84
  150        -635.836   -2620.445        -635.939   -2620.385             150             150
    0        -536.584     852.787        -536.562     852.823               0              -0
  204        1361.550   -1727.381        1361.475   -1727.417             204             204
   51        -182.904   -1191.418        -182.937   -1191.428              51              51
   69         523.252    -496.374         523.241    -496.428              69              69
   86        1296.637    -372.640        1296.663    -372.740              86              86
   54         -59.172    1420.283         -59.037    1420.282              54              54
  104        -864.754   -2214.419        -864.807   -2214.395             104             104
  160        -375.442     228.609        -375.381     228.552             160             160
   11       -2396.503    1499.107       -2396.414    1499.172              11              11
  219        -500.669    1676.064        -500.613    1676.071             219             219
  178        -898.341    2287.192        -898.271    2287.269             178             178
  143        2026.370     890.274        2026.400     890.245             143             143
   27        -455.854    -288.804        -455.850    -288.716              27              27
  176         247.200    -379.597         247.175    -379.572             176             176
  126         852.041     142.361         852.051     142.351             126             126
  173        1621.087    -148.535        1621.127    -148.575             173             173
  253        -228.100   -1058.420        -228.084   -1058.381             253             253
  246        -320.514      27.968        -320.459      28.001             246             246
  221        -575.996    -847.881        -576.001    -847.845             221             221
   24        -382.339    1178.483        -382.241    1178.530              24              24
  214        -612.107    -543.388        -612.111    -543.284             214             214
   58        -745.535   -1453.584        -745.619   -1453.496              58              58
  143        1136.488   -2173.457        1136.383   -2173.538             143             143
   13        -206.368     179.860        -206.301     179.851              13              13
  131        -222.069   -1972.092        -222.126   -1972.114             131             131
  240        -729.489     887.868        -729.377     887.873             240             240
   94       -1316.241   -1047.859       -1316.260   -1047.793              94              94
   66       -1664.414   -1190.564       -1664.481   -1190.531              66              66
   17       -1315.123     477.901       -1315.136     477.897              17              17
  178         927.426    1073.766         927.479    1073.657             178             178
  217       -1365.179     502.548       -1365.150     502.595             217             217
   17          24.805    2235.317          24.915    2235.332              17              17
  126         872.017   -1472.099         871.937   -1472.146             126             126
   12       -1081.105    1107.993       -1081.009    1108.020              12              12
   86        -429.400    1354.764        -429.320    1354.798              86              86
  212         165.767     691.820         165.821     691.840             212             212
   67       -1036.128    1313.941       -1036.036    1314.083              67              67
  191        -357.818   -1307.820        -357.925   -1307.728             191             191
  116        -200.286   -1135.162        -200.377   -1135.156             116             116
   79         -47.590    -447.975         -47.615    -448.031              79              79
  154       -1305.938    1540.974       -1305.840    1541.037             154             154
   38       -1308.060     456.756       -1308.111     456.867              38              38
  222        1415.430     393.728        1415.392     393.655             222             222
  181        -391.079   -1096.166        -391.198   -1096.163             181             181
  215        1786.199    2037.769        1786.331    2037.624             215             215
   92        -221.022    -544.376        -221.034    -544.361              92              92
   99        -229.765    2322.887        -229.605    2322.914              99              99
  212         630.642     968.906         630.716     968.956             212             212
   83        -668.373    -604.364        -668.419    -604.232              83              83
   64         653.244    -878.335         653.182    -878.371              64              64
  237       -1848.482     713.693       -1848.470     713.833             237             237
   41        1294.769     122.860        1294.706     122.782              41              41
  123        -202.414     279.726        -202.459     279.749             123             123
  125        3308.665    1138.891        3308.760    1138.667             125             125
   55        -815.074     -66.087        -815.021     -65.980              55              55
  254         574.233     350.542         574.254     350.507             254             254
  109        1290.329    1605.795        1290.495    1605.737             109             109
  149          85.402    1512.015          85.583    1512.144             149             149
   65         293.490   -1073.341         293.460   -1073.225              65              65
  126        -151.562    -904.827        -151.583    -904.747             126             126
   72         274.976    -607.004         275.000    -607.000              72              72
   26       -2093.472     232.725       -2093.432     232.927              26              26
  144         -26.451      67.833         -26.498      67.879             144             144
  198         876.863     -63.613         876.855     -63.651             198             198
   39          51.026     622.562          51.119     622.603              39              39
  230       -1022.517    1067.819       -1022.440    1068.018             230             230
  155        2166.472   -1009.324        2166.429   -1009.397             155             155
  106       -1727.965    -383.914       -1727.909    -383.709             106             106
  166       -1941.077     832.431       -1941.064     832.693             166             166
   16        1657.719     431.660        1657.711     431.694              16              16
  185        -428.655   -1901.028        -428.798   -1900.812             185             185
   65        -373.428   -2081.435        -373.620   -2081.309              65              65
   55        -362.074   -1404.989        -362.223   -1404.889              55              55
  151        -652.268   -2692.668        -652.578   -2692.596             151             151
  247        1050.268   -1326.581        1050.091   -1326.723             247             247
   14        -171.278   -1443.192        -171.465   -1443.238              14              14
  244        2739.930    -923.732        2739.863    -924.093             244             244
   90        -536.748     968.562        -536.569     968.563              90              90
  227         468.424    -792.230         468.421    -792.288             227             227
   71       -2286.464      10.632       -2286.470      10.814              71              71
  155         819.559      25.441         819.484      25.343             155             155
  208         959.451     132.255         959.478     132.154             208             208
  112       -1023.000     217.750       -1022.996     217.853             112             112
   22        1251.075     894.552        1251.117     894.495              22              22
   77        1284.158    -796.732        1284.130    -796.760              77              77
  168        -609.541   -1492.571        -609.652   -1492.482             168             168
   21        1639.214    -897.080        1639.193    -897.275              21              21
  187       -1327.477     179.571       -1327.367     179.698             187             187
   62       -1405.240   -1046.658       -1405.400   -1046.503              62              62
   86        1768.135   -2008.247        1767.886   -2008.532              86              86
   58        1181.989    1079.305        1182.192    1079.038              58              58
  134        -361.555    2062.181        -361.215    2062.219             134             134
  113       -1641.883      71.253       -1641.825      71.494             113             113
  203        -687.141     721.346        -687.092     721.513             203             203
   77        -396.917   -1386.434        -397.105   -1386.310              77              77
  152         169.824   -1130.313         169.669   -1130.356             152             152
  177          99.360     802.956          99.424     802.944             177             177
  232         461.209    -496.419         461.158    -496.413             232             232
    3         213.724   -1376.931         213.625   -1376.983               3               3
   88       -1535.943    1366.570       -1535.804    1366.737              88              88
  249        -716.109    -855.843        -716.341    -855.705             249             249
  189        2104.090    -161.699        2103.979    -161.892             189             189
  153        1228.863    -888.866        1228.786    -888.958             153             153
   48        1619.528   -1698.468        1619.445   -1698.691              48              48
   85         -58.451     338.081         -58.256     338.028              85              85
  144        -893.965    -665.638        -893.937    -665.572             144             144
   63        -530.126     141.983        -530.045     142.010              63              63
   73        -820.391    -988.552        -820.440    -988.518              73              73
  235       -2145.700      87.116       -2145.727      87.237             235             235
   34         -51.491    2073.582         -51.355    2073.562              34              34
  144         282.101     527.033         282.129     527.096             144             144
  134       -1227.060   -1142.763       -1227.257   -1142.597             134             134
  242         375.295    1313.501         375.340    1313.489             242             242
    1         525.564   -1011.868         525.389   -1011.877               1               1
  157        -207.507     607.548        -207.507     607.598             157             157
   64        1202.424     -55.597        1202.359     -55.668              64              64
  170         641.211     534.992         641.280     535.047             170             170
  178         262.417   -1563.732         262.237   -1563.619             178             178
  252         495.445   -2088.277         495.216   -2088.308             252             252
  232        -706.068   -1350.775        -706.247   -1350.748             232             232
    9         666.178    -490.805         666.072    -490.936               9               9
   55         243.686   -1481.274         243.490   -1481.378              55              55
  111         -26.719    -637.878         -26.851    -638.019             111             111
  122         924.437     894.437         924.479     894.245             122             122
    2        1981.646    -604.631        1981.615    -604.922               2               2
  188         279.713     561.515         279.927     561.455             188             188
   19       -2154.161    -935.691       -2154.293    -935.431              19              19
  180         909.598     -99.477         909.461     -99.607             180             180
  165         888.626   -2835.417         888.198   -2835.676             165             165
   23        1758.315     512.239        1758.384     511.723              23              23
   12         442.048    2456.969         442.389    2456.775              12              12
  158        1624.350    1776.372        1624.594    1776.235             158             158
  212        2882.211   -1045.922        2882.280   -1046.223             212             212
  165        -958.692    -824.630        -958.546    -824.561             165             165
  207        -569.994    -867.240        -569.991    -867.334             207             207
   42        -473.512    1516.964        -473.274    1516.853              42              42
   53        1669.923    1875.887        1670.282    1875.651              53              53
   14         254.333    -436.263         254.539    -436.330              14              14
  116       -2092.949    2383.070       -2092.423    2383.341             116             116
   32       -2782.254     407.571       -2782.230     408.040              32              32
   48         759.701     349.338         759.684     349.308              48              48
    4        -582.636     198.185        -582.581     198.341               4               4
  167        -204.779    -261.333        -204.780    -261.237             167             167
   35       -1834.665   -1163.764       -1834.867   -1163.542              35              35
    6        -251.637     161.283        -251.766     161.194               6               6
   69         735.371    1969.562         735.527    1969.430              69              69
  100        1044.056    1540.879        1044.232    1540.897             100             100
  176         939.000   -1485.684         938.824   -1485.689             176             176
  248         741.023     356.147         741.162     356.110             248             248
   96        -312.730   -2070.740        -312.939   -2070.697              96              96
  153        -222.851    -617.163        -222.922    -617.308             153             153
    1         871.110    1219.086         871.336    1218.809               1               1
  151        -547.927    1582.279        -547.647    1582.326             151             151
    8         985.371     814.723         985.555     814.605               8               8
  123        -161.506    1172.477        -161.198    1172.531             123             123
  153        -601.172    2220.536        -600.733    2220.789             153             153
  197       -1576.913     220.944       -1576.862     221.451             197             197
  143        -419.096    -457.511        -419.244    -457.184             143             143
   77         639.936   -2694.724         639.497   -2694.720              77              77
  107         838.447     235.465         838.546     235.361             107             107
  166           3.718   -1327.409           3.658   -1327.344             166             166
   90       -1460.969   -2023.897       -1461.211   -2023.786              90              90
   10        -463.903    1041.705        -463.786    1041.675              10              10
  123          17.441   -1276.069          17.214   -1276.155             123             123
  255         417.984     851.724         418.117     851.514             255             255
  217         513.339    1707.170         513.684    1707.106             217             217
  165        -699.853     199.742        -699.718     199.973             165             165
   53       -1128.306   -1567.298       -1128.533   -1567.137              53              53
  232          59.588     800.002          59.718     799.904             232             232
   26       -2126.693     765.022       -2126.698     765.355              26              26
   86        2620.897     561.874        2620.892     561.530              86              86
   24        1561.921      29.374        1562.205      29.204              24              24
   30       -4189.932    -137.359       -4189.843    -136.673              30              30
  253        -102.230     866.078        -102.248     866.194             253             253
   60         365.717   -1574.269         365.453   -1574.260              60              60
   37       -1834.405    -825.538       -1834.626    -825.378              37              37
   67        1003.237    2086.550        1003.420    2086.356              67              67
  160         815.395     376.995         815.460     377.011             160             160
  213        -232.225   -1174.973        -232.382   -1174.891             213             213
   59         752.307     946.001         752.566     945.911              59              59
    0       -3355.350    -365.881       -3355.475    -365.228              -0              -0
  110        1433.239   -1582.856        1432.791   -1583.117             110             110
   60        -297.001     611.574        -297.005     611.521              60              60
  152        2151.529     877.854        2151.673     877.514             152             152
  119        -657.623     734.551        -657.406     734.778             119             119
  184        -507.285    -835.172        -507.458    -834.972             184             184
   49         778.597   -1202.314         778.390   -1202.475              49              49
   60        -652.185     718.594        -652.083     718.654              60              60
   71        1044.000       0.141        1044.000       0.000              71              71
  127        -651.976    -718.719        -652.080    -718.656             127             127
  167         778.175    1202.643         778.387    1202.478             167             167
  238        -507.636     834.763        -507.459     834.969             238             238
  217        -657.182    -735.015        -657.405    -734.780             217             217
  177        2151.826    -877.152        2151.675    -877.508             177             177
  105        -297.006    -611.466        -297.003    -611.521             105             105
  217        1432.313    1583.397        1432.787    1583.120             217             217
  139       -3355.608     364.524       -3355.475     365.223             139             139
   15         752.848    -945.811         752.568    -945.909              15              15
   14        -232.557    1174.802        -232.386    1174.891              14              14
  115         815.532    -377.025         815.460    -377.009             115             115
   41        1003.626   -2086.140        1003.424   -2086.354              41              41
  101       -1834.876     825.196       -1834.629     825.374             101             101
  140         365.153    1574.248         365.449    1574.260             140             140
   72        -102.267    -866.325        -102.247    -866.195              72              72
   98       -4189.744     135.884       -4189.843     136.666              98              98
  200        1562.531     -29.002        1562.206     -29.199             200             200
  109        2620.887    -561.128        2620.892    -561.526             109             109
  166       -2126.701    -765.746       -2126.696    -765.359             166             166
  104          59.871    -799.790          59.719    -799.904             104             104
   67       -1128.806    1566.943       -1128.537    1567.134              67              67
  225        -699.556    -200.250        -699.717    -199.974             225             225
  105         514.102   -1707.026         513.688   -1707.104             105             105
  178         418.280    -851.259         418.120    -851.513             178             178
   30          16.932    1276.261          17.210    1276.156              30              30
    1        -463.643   -1041.639        -463.785   -1041.676               1               1
   41       -1461.514    2023.645       -1461.215    2023.782              41              41
  214           3.580    1327.264           3.656    1327.345             214             214
   51         838.668    -235.230         838.546    -235.360              51              51
  102         638.936    2694.715         639.490    2694.722             102             102
   30        -419.433     456.762        -419.245     457.180              30              30
  179       -1576.796    -222.104       -1576.862    -221.452             179             179
   14        -600.154   -2221.120        -600.727   -2220.791              14              14
   12        -160.793   -1172.601        -161.197   -1172.531              12              12
  141         985.803    -814.445         985.559    -814.602             141             141
  192        -547.271   -1582.388        -547.645   -1582.326             192             192
  118         871.641   -1218.432         871.338   -1218.805             118             118
  102        -223.019     617.503        -222.922     617.307             102             102
   75        -313.228    2070.638        -312.944    2070.697              75              75
  133         741.355    -356.057         741.164    -356.108             133             133
  117         938.573    1485.699         938.819    1485.690             117             117
  191        1044.477   -1540.919        1044.233   -1540.895             191             191
  175         735.752   -1969.243         735.532   -1969.429             175             175
  218        -251.948    -161.067        -251.765    -161.194             218             218
   75       -1835.159    1163.219       -1834.870    1163.537              75              75
  247        -204.782     261.097        -204.781     261.236             247             247
   61        -582.504    -198.567        -582.582    -198.342              61              61
   19         759.660    -349.263         759.686    -349.307              19              19
  101       -2782.192    -408.743       -2782.228    -408.047             101             101
  227       -2091.636   -2383.750       -2092.419   -2383.346             227             227
  124         254.845     436.432         254.539     436.332             124             124
  168        1670.828   -1875.287        1670.285   -1875.646             168             168
  197        -472.906   -1516.686        -473.269   -1516.855             197             197
  229        -569.986     867.480        -569.991     867.335             229             229
   90        -958.321     824.450        -958.547     824.557              90              90
  227        2882.384    1046.700        2882.278    1046.229             227             227
  231        1624.988   -1776.014        1624.599   -1776.231             231             231
  132         442.936   -2456.464         442.395   -2456.772             132             132
  186        1758.497    -510.890        1758.387    -511.717             186             186
   27         887.502    2836.098         888.193    2835.678              27              27
  235         909.238      99.822         909.461      99.610             235             235
  217       -2154.512     935.002       -2154.296     935.427             217             217
  206         280.280    -561.356         279.928    -561.455             206             206
  249        1981.563     605.407        1981.615     604.923             249             249
  229         924.556    -893.911         924.482    -894.240             229             229
   92         -27.075     638.260         -26.851     638.021              92              92
  185         243.145    1481.560         243.485    1481.380             185             185
   92         665.886     491.166         666.070     490.938              92              92
  194        -706.568    1350.699        -706.252    1350.746             194             194
    5         494.808    2088.365         495.213    2088.309               5               5
  225         261.914    1563.418         262.234    1563.618             225             225
   56         641.403    -535.144         641.280    -535.046              56              56
  196        1202.241      55.802        1202.359      55.672             196             196
  145        -207.508    -607.690        -207.507    -607.598             145             145
   19         525.063    1011.896         525.386    1011.878              19              19
   15         375.424   -1313.464         375.342   -1313.488              15              15
  136       -1227.627    1142.284       -1227.260    1142.594             136             136
   80         282.185    -527.216         282.132    -527.096              80              80
   35         -51.091   -2073.526         -51.350   -2073.563              35              35
  238       -2145.776     -87.475       -2145.726     -87.240             238             238
   52        -820.539     988.448        -820.442     988.516              52              52
  159        -529.888    -142.065        -530.044    -142.011             159             159
  150        -893.884     665.439        -893.938     665.571             150             150
  250         -57.873    -337.921         -58.257    -338.027             250             250
  133        1619.274    1699.139        1619.442    1698.694             133             133
  241        1228.631     889.148        1228.786     888.962             241             241
  221        2103.753     162.291        2103.979     161.897             221             221
  109        -716.819     855.420        -716.343     855.704             109             109
  118       -1535.513   -1367.088       -1535.802   -1366.741             118             118
  152         213.412    1377.091         213.621    1376.984             152             152
  136         461.051     496.403         461.157     496.414             136             136
   97          99.563    -802.918          99.426    -802.943              97              97
  113         169.331    1130.446         169.665    1130.355             113             113
   87        -397.517    1386.039        -397.108    1386.308              87              87
   90        -686.983    -721.879        -687.090    -721.515              90              90
   87       -1641.697     -72.024       -1641.825     -71.494              87              87
  179        -360.446   -2062.302        -361.209   -2062.219             179             179
   20        1182.651   -1078.433        1182.194   -1079.034              20              20
  179        1767.316    2009.184        1767.881    2008.537             179             179
  118       -1405.773    1046.143       -1405.403    1046.501             118             118
   25       -1327.114    -179.997       -1327.368    -179.701              25              25
  149        1639.141     897.734        1639.192     897.279             149             149
  174        -609.916    1492.267        -609.656    1492.479             174             174
  221        1284.062     796.832        1284.129     796.762             221             221
   38        1251.221    -894.353        1251.118    -894.492              38              38
  194       -1022.988    -218.106       -1022.997    -217.855             194             194
  236         959.542    -131.905         959.476    -132.152             236             236
  175         819.299     -25.099         819.484     -25.340             175             175
   19       -2286.483     -11.271       -2286.469     -10.819              19              19
   15         468.412     792.432         468.420     792.287              15              15
  157        -536.114    -968.564        -536.567    -968.564             157             157
   71        2739.693     925.017        2739.864     924.096              71              71
  175        -171.955    1443.361        -171.468    1443.239             175             175
   52        1049.625    1327.098        1050.088    1326.726              52              52
   65        -653.406    2692.400        -652.585    2692.593              65              65
   52        -362.623    1404.622        -362.226    1404.888              52              52
   38        -374.143    2080.965        -373.625    2081.306              38              38
   31        -429.191    1900.225        -428.802    1900.812              31              31
  161        1657.693    -431.784        1657.712    -431.692             161             161
  156       -1941.027    -833.424       -1941.063    -832.697             156             156
  184       -1727.752     383.123       -1727.910     383.703             184             184
   42        2166.302    1009.612        2166.425    1009.402              42              42
  253       -1022.216   -1068.593       -1022.437   -1068.023             253             253
   41          51.390    -622.721          51.121    -622.603              41              41
  129         876.832      63.763         876.856      63.651             129             129
   88         -26.636     -68.017         -26.498     -67.881              88              88
  128       -2093.310    -233.531       -2093.430    -232.933             128             128
   52         275.073     606.988         275.000     607.000              52              52
  108        -151.648     904.506        -151.583     904.748             108             108
   51         293.354    1072.870         293.456    1073.225              51              51
  170          86.159   -1512.550          85.589   -1512.146             170             170
  133        1291.021   -1605.548        1290.497   -1605.735             133             133
  200         574.325    -350.399         574.257    -350.507             200             200
   89        -814.851      65.630        -815.021      65.976              89              89
   99        3309.075   -1137.927        3308.763   -1138.659              99              99
  239        -202.605    -279.821        -202.459    -279.748             239             239
   27        1294.493    -122.514        1294.705    -122.779              27              27
   79       -1848.427    -714.316       -1848.470    -713.839              79              79
  158         652.965     878.497         653.178     878.373             158             158
   46        -668.586     603.778        -668.423     604.231              46              46
   95         630.979    -969.123         630.718    -968.955              95              95
   60        -229.031   -2323.009        -229.599   -2322.915              60              60
  118        -221.085     544.308        -221.038     544.361             118             118
   14        1786.812   -2037.100        1786.334   -2037.622              14              14
  112        -391.638    1096.149        -391.201    1096.162             112             112
  184        1415.252    -393.382        1415.392    -393.652             184             184
   67       -1308.298    -457.286       -1308.110    -456.871              67              67
  150       -1305.468   -1541.275       -1305.838   -1541.039             150             150
  216         -47.711     448.236         -47.616     448.029             216             216
  229        -200.730    1135.133        -200.379    1135.157             229             229
   51        -358.350    1307.365        -357.930    1307.725              51              51
  144       -1035.667   -1314.645       -1036.033   -1314.085             144             144
   15         166.041    -691.918         165.823    -691.840              15              15
   49        -428.997   -1354.941        -429.319   -1354.800              49              49
  185       -1080.612   -1108.138       -1081.005   -1108.023             185             185
  144         871.604    1472.350         871.934    1472.150             144             144
  137          25.382   -2235.395          24.920   -2235.332             137             137
   58       -1365.019    -502.801       -1365.147    -502.598              58              58
  196         927.711   -1073.185         927.483   -1073.654             196             196
  246       -1315.190    -477.881       -1315.135    -477.897             246             246
  109       -1664.784    1190.372       -1664.483    1190.528             109             109
  111       -1316.355    1047.486       -1316.263    1047.790             111             111
  124        -728.862    -887.900        -729.374    -887.875             124             124
   54        -222.411    1972.216        -222.132    1972.114              54              54
  200        -205.989    -179.810        -206.300    -179.851             200             200
  223        1135.876    2173.921        1136.379    2173.540             223             223
   37        -746.028    1453.068        -745.622    1453.493              37              37
  228        -612.138     542.785        -612.113     543.284             228             228
   46        -381.749   -1178.769        -382.237   -1178.532              46              46
  196        -576.031     847.656        -576.003     847.842             196             196
   18        -320.176     -28.169        -320.457     -28.002              18              18
  142        -228.013    1058.184        -228.088    1058.380             142             142
    0        1621.339     148.793        1621.128     148.581               0               0
  137         852.106    -142.294         852.052    -142.349             137             137
  156         247.036     379.440         247.173     379.571             156             156
  112        -455.827     288.246        -455.851     288.716             112             112
   65        2026.580    -890.065        2026.404    -890.240              65              65
  224        -897.865   -2287.700        -898.266   -2287.270             224             224
    7        -500.277   -1676.114        -500.607   -1676.072               7               7
   25       -2395.899   -1499.557       -2396.412   -1499.177              25              25
  197        -375.024    -228.222        -375.380    -228.554             197             197
   59        -865.129    2214.249        -864.810    2214.394              59              59
  170         -58.217   -1420.284         -59.033   -1420.283             170             170
  212        1296.817     373.352        1296.662     372.742             212             212
  108         523.166     496.771         523.239     496.431             108             108
   99        -183.154    1191.489        -182.940    1191.427              99              99
  100        1360.988    1727.663        1361.472    1727.422             100             100
  246        -536.412    -853.059        -536.560    -852.824             246             246
  157        -636.647    2619.976        -635.947    2620.381             157             157
   41          90.523   -1227.702          90.138   -1227.306              41              41
  236       -1731.102   -1374.975       -1731.665   -1374.410             236             236
   11          48.742     -83.034          48.385     -83.078              11              11
  153         180.770   -1055.619         180.233   -1055.796             153             153
  105        -693.930     821.859        -694.039     821.918             105             105
   65        2366.587     259.046        2366.517     258.344              65              65
   97       -1145.385     601.324       -1145.232     601.759              97              97
   72         538.202   -1244.604         537.642   -1244.764              72              72
  103         341.115    -169.555         340.974    -169.891             103             103
   70         673.723     676.422         673.989     675.985              70              70
  119       -1904.254    1481.023       -1903.911    1481.493             119             119
   43         440.489    2123.385         440.847    2123.536              43              43
   89        -420.543   -1409.354        -421.220   -1408.975              89              89
    5        1654.053     403.898        1654.098     403.443               5               5
   43       -1289.487    -578.432       -1289.675    -578.048              43              43
  226          -6.895     616.609          -6.918     616.540             226             226
  162         289.536    1186.021         289.804    1186.085             162             162
  156       -1068.106    -611.993       -1068.436    -611.478             156             156
   36         -61.242    -709.015         -61.694    -709.039              36              36
  130        -733.855     632.444        -733.941     632.606             130             130
  164         153.800     -95.655         153.457     -95.716             164             164
   61        -127.832     138.498        -128.037     138.429              61              61
   71       -1240.151    1201.271       -1240.257    1201.638              71              71
  223        1388.594     -10.534        1388.063     -10.945             223             223
  231        1225.201    1402.175        1225.365    1401.865             231             231
   28        1315.427     121.890        1315.442     121.638              28              28
   76       -1307.725     754.478       -1307.639     755.042              76              76
   75         558.631    -586.434         558.061    -586.520              75              75
  128        1639.682     807.609        1639.801     807.119             128             128
   66        -170.055     112.009        -170.005     112.093              66              66
  233        -569.173    1611.367        -568.816    1611.719             233             233
  170        -445.708   -1045.445        -446.324   -1045.191             170             170
   47        -216.250    1382.815        -216.250    1382.880              47              47
  244        1532.356     567.027        1532.259     566.651             244             244
   67        -950.669    2571.459        -950.179    2572.145              67              67
  152        1893.912    -669.862        1893.355    -669.910             152             152
   54        1104.734    -384.638        1104.604    -384.712              54              54
  165        -584.576     846.635        -584.395     847.179             165             165
  225        1083.383    -657.091        1083.110    -656.973             225             225
  157        -976.608   -1473.301        -977.098   -1472.811             157             157
  235        -673.371    1380.289        -673.148    1380.835             235             235
   88       -1581.102   -2269.666       -1582.339   -2268.749              88              88
  200        1838.400   -1842.764        1837.372   -1843.383             200             200
   68        -737.956     118.999        -738.191     119.194              68              68
   94          81.749   -1510.696          80.810   -1510.794              94              94
  243         670.103    -138.278         669.678    -138.761             243             243
   38        -121.268    1464.479        -121.161    1464.484              38              38
    1         -50.633     559.758         -50.958     560.079               1               1
  144        1546.456   -1056.819        1545.769   -1057.012             144             144
   74        -835.133   -2049.642        -836.124   -2049.413              74              74
  131         544.005    -912.183         543.234    -912.734             131             131
   52         -47.194     713.123         -47.420     712.760              52              52
  136         -36.830    1806.896         -36.827    1806.878             136             136
  203         971.392    -662.960         970.630    -663.290             203             203
   20         361.328    2197.574         361.595    2197.558              20              20
  112          11.453   -1250.992          10.556   -1250.842             112             112
  231        -206.352     747.054        -206.661     747.061             231             231
   96       -1231.742     911.178       -1232.237     911.725              96              96
  188        -280.765    -483.124        -281.968    -482.943             188             188
  104       -1006.622    1403.242       -1007.521    1403.724             104             104
  163        1446.608    -948.315        1444.741    -948.654             163             163
  165        1645.914    1227.361        1644.883    1226.897             165             165
   18          51.004     590.262          49.432     590.602              18              18
  210        2052.244   -1667.024        2049.459   -1667.596             210             210
  153         181.662    1587.537         178.992    1587.545             153             153
   86         678.293    -368.299         671.584    -368.254              86              86
