SINAL     NFT                         FFT                         NFT INVERSA     FFT INVERSA
-----     -----------------------     -----------------------     -----------     -----------
  151       63608.000       0.000       63608.000       0.000             151             151
  145        1667.802    -939.409        1667.815    -939.410             145             145
  148       -1348.254     154.370       -1348.240     154.370             148             148
  252         684.871    1650.341         684.884    1650.338             252             252
   14        2510.207    1716.712        2510.224    1716.705              14              14
  248         948.552    2063.078         948.573    2063.077             248             248
  108         160.454     691.161         160.474     691.163             108             108
  213        -412.678     610.560        -412.662     610.564             213             213
  121        1906.307    -477.843        1906.322    -477.851             121             121
  130       -1435.613    1225.220       -1435.589    1225.228             130             130
   56         446.332    1810.237         446.358    1810.241              56              56
   70       -1204.423    -715.981       -1204.414    -715.965              70              70
  106        1169.769     350.043        1169.785     350.042             106             106
   14        -522.727    -378.815        -522.712    -378.803              14              14
    4        -176.638   -1403.743        -176.633   -1403.740               4               4
  107       -1451.185     449.384       -1451.170     449.396             107             107
  185         501.374    -111.786         501.378    -111.787             185             185
  163         563.385    -619.188         563.389    -619.192             163             163
  231         241.527    -138.255         241.537    -138.262             231             231
  189        -402.972    1047.534        -402.955    1047.537             189             189
   21        2463.212    1322.012        2463.239    1321.990              21              21
  106         561.057     483.528         561.087     483.537             106             106
  176         180.196     -34.276         180.214     -34.257             176             176
    6        1599.012   -2177.739        1599.009   -2177.754               6               6
   14        -625.249    1503.288        -625.195    1503.304              14              14
  197        -371.303    -905.373        -371.290    -905.349             197             197
   75       -1596.686    -682.020       -1596.680    -681.983              75              75
  206        -615.236   -1025.025        -615.249   -1025.004             206             206
  163        -275.236   -1172.213        -275.260   -1172.206             163             163
  179        1268.957   -1148.002        1268.939   -1148.033             179             179
    7        1214.599     313.450        1214.624     313.413               7               7
   58         565.145    2101.206         565.212    2101.205              58              58
   68        -444.302    -111.849        -444.284    -111.806              68              68
  156        1430.916   -1825.739        1430.904   -1825.749             156             156
   55        -953.181    -909.622        -953.171    -909.597              55              55
   82         696.519    -245.792         696.541    -245.797              82              82
  149        -976.429   -1726.757        -976.436   -1726.726             149             149
  164        -826.234   -1541.709        -826.248   -1541.704             164             164
   39        -898.868     533.374        -898.840     533.386              39              39
   14        -567.078    -795.650        -567.086    -795.635              14              14
   38       -1608.102     137.034       -1608.102     137.082              38              38
   96         383.765   -1336.726         383.717   -1336.721              96              96
   85         511.849   -2620.611         511.783   -2620.639              85              85
  145        -333.227   -1540.271        -333.265   -1540.311             145             145
  110         380.844    1335.911         380.876    1335.863             110             110
   90        1816.830     459.458        1816.866     459.406              90              90
  252       -1097.986   -2093.448       -1098.015   -2093.441             252             252
   40         129.493     962.522         129.542     962.476              40              40
  254       -1102.099     936.004       -1102.048     936.018             254             254
  227       -2022.786    1165.423       -2022.759    1165.495             227             227
  230        -859.054   -1704.336        -859.148   -1704.314             230             230
   20        -311.913      52.386        -311.974      52.361              20              20
   78        3033.322     316.746        3033.293     316.609              78              78
  150        1471.200    1682.436        1471.263    1682.365             150             150
   27         547.148     583.428         547.170     583.402              27              27
   93        1718.469    2087.514        1718.542    2087.466              93              93
   91        2129.307     237.414        2129.353     237.368              91              91
  102        -532.483     460.634        -532.434     460.685             102             102
   43        1420.286   -1544.436        1420.253   -1544.484              43              43
  254        -139.289    1847.334        -139.193    1847.345             254             254
   25         929.104    -593.881         929.105    -593.882              25              25
   51        -680.833    -505.321        -680.846    -505.281              51              51
   57        2153.913    -321.123        2153.910    -321.198              57              57
   93        1487.740    -355.032        1487.785    -355.083              93              93
  208        -113.973    -879.180        -113.944    -879.173             208             208
  112        -279.581   -1104.378        -279.578   -1104.386             112             112
  176        -709.990    -767.941        -709.991    -767.963             176             176
  101        -359.501    1850.245        -359.408    1850.235             101             101
   20        -455.438    -555.168        -455.469    -555.149              20              20
  215        1062.995    -131.910        1062.986    -131.986             215             215
  116        1243.599     626.253        1243.662     626.164             116             116
   59        -504.774    1633.399        -504.668    1633.421              59              59
   56         254.569     351.935         254.589     351.953              56              56
  202        1702.452    -927.016        1702.442    -927.093             202             202
  204        -212.007     721.113        -211.924     721.116             204             204
  166         427.236    -641.973         427.237    -642.003             166             166
   36        1022.837     419.780        1022.916     419.702              36              36
  200        -821.316    1195.085        -821.197    1195.125             200             200
  207        -636.085    -332.040        -636.081    -332.003             207             207
   35         898.680     166.113         898.720     166.048              35              35
  172        -482.361    1083.074        -482.255    1083.091             172             172
  181        -863.660     861.463        -863.603     861.533             181             181
   55        1004.767   -1273.906        1004.718   -1273.968              55              55
  251         -48.619    1241.620         -48.510    1241.578             251             251
   75        -307.994    2641.466        -307.826    2641.518              75              75
   82         760.093    -893.953         760.079    -893.948              82              82
   89         636.682     656.217         636.806     656.188              89              89
  166       -3392.194    1480.419       -3392.094    1480.656             166             166
  185        1884.881    -906.459        1884.820    -906.521             185             185
  132        -778.478    1456.396        -778.353    1456.496             132             132
  165         193.957   -1563.833         193.905   -1563.777             165             165
  210       -2575.899   -1248.063       -2575.984   -1247.917             210             210
  184         542.338    -111.472         542.252    -111.529             184             184
  222        2352.052     317.670        2352.060     317.510             222             222
   48         957.728    1443.407         957.868    1443.375              48              48
  136         566.223    -151.932         566.278    -151.909             136             136
   78        -249.102    -637.431        -249.096    -637.384              78              78
  224        1301.786     210.206        1301.861     210.162             224             224
  238        -320.861   -1668.635        -320.875   -1668.601             238             238
   99        -537.836    -113.316        -537.775    -113.304              99              99
  184        -320.266     -59.411        -320.206     -59.388             184             184
   98       -1461.646   -1485.170       -1461.712   -1485.112              98              98
  158         970.640     850.247         970.745     850.119             158             158
  240       -2260.382    1844.082       -2260.216    1844.249             240             240
   44        -444.537    -583.038        -444.599    -582.958              44              44
  107         388.891    -432.425         388.865    -432.432             107             107
  151        -163.622   -1526.643        -163.706   -1526.665             151             151
   81         600.703     485.522         600.787     485.414              81              81
   52        -879.635     489.090        -879.532     489.108              52              52
  102       -2419.989     265.790       -2419.990     265.893             102             102
  117         878.918    3558.414         879.114    3558.365             117             117
  224        1085.585     823.206        1085.678     823.256             224             224
   27        -435.614   -1678.100        -435.668   -1678.010              27              27
  173        -973.260    1488.585        -973.108    1488.712             173             173
  220       -1788.825   -2241.860       -1789.016   -2241.679             220             220
  103         587.288     -52.807         587.239     -52.875             103             103
  255         452.882     547.641         452.938     547.634             255             255
   53       -1180.982   -1762.178       -1181.118   -1762.087              53              53
   13          37.641    -425.405          37.555    -425.476              13              13
  185        1571.552     693.579        1571.611     693.401             185             185
  186         140.389     964.443         140.534     964.421             186             186
  178       -1519.693     304.519       -1519.647     304.649             178             178
  140        -738.620      92.216        -738.674      92.275             140             140
  115        1043.622     259.705        1043.591     259.604             115             115
  145         997.671    1619.068         997.805    1619.022             145             145
  188         665.843    -539.461         665.841    -539.465             188             188
  252        -144.735    1040.810        -144.625    1040.883             252             252
  224        1695.243   -1980.067        1695.161   -1980.170             224             224
  157       -1718.062    -186.098       -1718.000    -186.000             157             157
  234        -170.405     243.182        -170.387     243.165             234             234
   67        1020.820      16.441        1020.880      16.322              67              67
   86       -1629.619     743.616       -1629.505     743.728              86              86
   77         -45.494     544.379         -45.453     544.377              77              77
  226         355.860     700.580         355.969     700.553             226             226
   71       -1870.106     687.137       -1870.037     687.317              71              71
  122         397.388    1228.364         397.474    1228.401             122             122
   77        -953.975   -1304.689        -954.103   -1304.563              77              77
  222        -603.665     683.316        -603.678     683.363             222             222
  204         740.206     350.642         740.149     350.603             204             204
  129        2575.729     224.442        2575.779     224.238             129             129
   69        -641.277     586.510        -641.152     586.614              69              69
   65        1006.515     -74.265        1006.571     -74.293              65              65
   98       -1124.697    -644.553       -1124.693    -644.417              98              98
   97        -659.625    -426.405        -659.686    -426.356              97              97
  238         502.328     359.668         502.320     359.607             238             238
   63        1831.887     231.828        1831.949     231.654              63              63
  200         298.325    1159.882         298.536    1159.905             200             200
  238        1047.518    -848.951        1047.589    -848.990             238             238
  117       -1814.925    -198.143       -1814.811    -197.949             117             117
  214          31.723   -1386.546          31.694   -1386.597             214             214
  167       -2172.049    1165.507       -2171.844    1165.653             167             167
   47       -1198.142     254.230       -1198.089     254.330              47              47
  137       -1965.436     -21.154       -1965.455     -21.044             137             137
   52        -691.664    4240.473        -691.296    4240.594              52              52
  162        -453.657    -325.800        -453.706    -325.569             162             162
   26       -1124.951    -661.295       -1125.018    -661.103              26              26
  241       -2222.573     984.008       -2222.552     984.332             241             241
  158        -888.572   -1330.579        -888.861   -1330.388             158             158
  250        -249.875      20.826        -250.029      20.928             250             250
  142         273.551   -2395.431         273.169   -2395.452             142             142
  137         671.442     726.745         671.429     726.655             137             137
   62       -1082.646   -2128.785       -1083.003   -2128.719              62              62
  228         778.751     611.659         778.598     611.458             228             228
  214        2946.351     492.265        2946.290     491.876             214             214
   32        1485.650    1540.634        1485.806    1540.448              32              32
   43        1622.682     935.400        1622.797     935.270              43              43
   81        1725.347      54.562        1725.424      54.390              81              81
  110        1452.891    2384.746        1453.302    2384.677             110             110
   10        -611.161    -513.790        -611.059    -513.565              10              10
   29        -950.970    -893.042        -950.997    -892.881              29              29
  240        -910.545     941.150        -910.450     941.326             240             240
   79         151.667    -565.726         151.579    -565.594              79              79
   94        -500.490   -2936.367        -500.863   -2936.310              94              94
   83        1149.508     411.058        1149.526     410.849              83              83
  177         328.751    -397.912         328.748    -397.982             177             177
   77       -1079.632      97.491       -1079.658      97.585              77              77
  146        1561.672   -1159.224        1561.497   -1159.492             146             146
  121         245.191    1581.434         245.398    1581.315             121             121
   60         445.813     944.927         445.935     944.904              60              60
    7         581.090    -497.712         581.067    -497.765               7               7
   79        -455.343    -106.588        -455.368    -106.587              79              79
  228        2067.692    -290.122        2067.700    -290.498             228             228
   55        -609.865    2838.531        -609.432    2838.525              55              55
  217        -330.435    1542.887        -330.241    1542.991             217             217
   24          54.694    1297.208          54.808    1297.310              24              24
  218        2547.849     917.720        2548.050     917.584             218             218
  243       -1637.636   -1451.111       -1637.690   -1450.821             243             243
    9         184.812    -239.464         184.796    -239.539               9               9
  121         -90.798    1536.040         -90.587    1536.012             121             121
  237         525.959    2665.140         526.335    2665.209             237             237
  152        -531.099     220.036        -531.008     220.340             152             152
    3        -760.534    -619.229        -760.612    -618.951               3               3
   44        -721.851    -747.398        -722.055    -747.173              44              44
  125        2752.901   -1680.007        2752.668   -1680.319             125             125
  218        1047.081    -116.448        1047.253    -116.623             218             218
   76       -1439.867     833.699       -1439.609     833.919              76              76
  168       -1544.742   -1400.833       -1544.928   -1400.636             168             168
   43        -390.543     813.913        -390.529     813.893              43              43
  187        -271.761    1831.508        -271.679    1831.627             187             187
  179        3473.349   -1110.370        3473.207   -1110.715             179             179
   72        -173.482    -721.792        -173.430    -721.836              72              72
  171         444.214    2010.179         444.574    2010.088             171             171
    3         -71.235     999.386         -70.993     999.473               3               3
  167        -133.056    2059.227        -132.668    2059.431             167             167
  255       -1122.057     168.077       -1121.940     168.542             255             255
  180       -2280.005   -3023.510       -2280.483   -3023.065             180             180
  245         709.182      -7.703         709.028      -7.791             245             245
  146        1240.248   -1411.752        1240.042   -1411.959             146             146
   46        -720.959    1999.951        -720.731    2000.055              46              46
   49        2127.109    -641.444        2127.004    -641.645              49              49
  154         491.578     838.376         491.788     838.381             154             154
  126         806.331    -255.808         806.424    -255.818             126             126
   21        -682.991     569.563        -682.785     569.777              21              21
  209       -1378.318    -665.166       -1378.430    -664.838             209             209
   87         909.889    -998.798         909.688    -998.888              87              87
   45         882.965    1389.162         883.188    1389.156              45              45
  172         153.360   -1839.409         153.117   -1839.276             172             172
   74        2830.187   -1774.403        2830.101   -1774.848              74              74
   55       -1171.222     156.978       -1170.946     157.027              55              55
   38        -466.138    1224.231        -465.813    1224.270              38              38
   56       -1691.465    1432.737       -1691.193    1433.117              56              56
  207        -670.651   -1368.330        -670.891   -1368.118             207             207
   41         315.621      37.359         315.593      37.295              41              41
  100         520.456    2280.452         520.810    2280.523             100             100
   76         481.967    -751.964         481.952    -751.767              76              76
    3       -1093.769   -1357.505       -1093.940   -1357.197               3               3
  177        1396.474    -611.652        1396.411    -611.753             177             177
  245         922.005   -1674.729         921.965   -1674.826             245             245
   46       -1506.927    -819.457       -1506.868    -819.321              46              46
  109        -518.711    1901.403        -518.333    1901.519             109             109
  168       -1257.721     -73.620       -1257.656     -73.213             168             168
  119       -1961.507   -1485.009       -1961.813   -1484.554             119             119
   25         901.914   -1239.355         901.615   -1239.413              25              25
  172         198.225   -1598.964         197.961   -1599.001             172             172
   30         958.788    -308.004         958.751    -308.183              30              30
   24        1780.537    -410.933        1780.658    -411.178              24              24
   96        -721.555   -1373.650        -721.496   -1373.560              96              96
   19       -1303.070    -114.346       -1302.917    -114.191              19              19
  170       -1285.068    -777.421       -1285.104    -777.260             170             170
  143        -610.681    -165.697        -610.621    -165.656             143             143
   69       -2120.525      16.127       -2120.495      16.449              69              69
   68       -1526.953    -876.599       -1527.218    -876.399              68              68
   13          49.355     285.885          49.251     285.813              13              13
   90         915.575     861.567         915.710     861.488              90              90
   22       -1776.243   -1591.154       -1776.542   -1590.840              22              22
  101         980.355     164.615         980.267     164.410             101             101
  136         796.549     348.861         796.620     348.792             136             136
  194        1015.566   -1770.988        1015.429   -1771.165             194             194
  175       -1283.503     877.107       -1283.217     877.288             175             175
  191        -805.667   -1211.739        -805.846   -1211.589             191             191
  233         283.228    -282.017         283.242    -282.101             233             233
  232       -1653.042   -1162.550       -1653.210   -1162.379             232             232
  142          66.909     903.680          67.003     903.596             142             142
   18         435.456    -285.929         435.463    -285.957              18              18
   77        -667.496   -1829.453        -667.703   -1829.431              77              77
  219        -304.996     188.722        -304.855     188.599             219             219
   22       -2444.000      -0.283       -2444.000       0.000              22              22
  254        -304.712    -188.474        -304.854    -188.598             254             254
  208        -667.923    1829.406        -667.708    1829.430             208             208
   68         435.470     285.987         435.463     285.959              68              68
  107          67.103    -903.512          67.005    -903.597             107             107
  121       -1653.386    1162.194       -1653.211    1162.374             121             121
  188         283.258     282.190         283.243     282.102             188             188
  132        -806.038    1211.429        -805.848    1211.588             132             132
   37       -1282.912    -877.484       -1283.216    -877.290              37              37
  218        1015.278    1771.356        1015.426    1771.166             218             218
  157         796.697    -348.718         796.620    -348.792             157             157
  134         980.170    -164.184         980.267    -164.408             134             134
  238       -1776.875    1590.489       -1776.545    1590.836             238             238
   71         915.862    -861.395         915.713    -861.485              71              71
   22          49.136    -285.731          49.252    -285.812              22              22
   51       -1527.519     876.171       -1527.220     876.396              51              51
  140       -2120.460     -16.819       -2120.494     -16.452             140             140
   35        -610.555     165.606        -610.622     165.654              35              35
  142       -1285.149     777.067       -1285.106     777.256             142             142
  162       -1302.740     114.008       -1302.917     114.189             162             162
  136        -721.431    1373.452        -721.498    1373.559             136             136
   22        1780.801     411.472        1780.658     411.182              22              22
  101         958.707     308.398         958.751     308.185             101             101
   56         197.639    1599.046         197.957    1599.001              56              56
  213         901.253    1239.488         901.614    1239.416             213             213
   78       -1962.193    1483.989       -1961.817    1484.547              78              78
   33       -1257.577      72.711       -1257.656      73.210              33              33
  100        -517.859   -1901.662        -518.327   -1901.520             100             100
   97       -1506.796     819.148       -1506.869     819.317              97              97
  110         921.910    1674.949         921.960    1674.827             110             110
   64        1396.330     611.885        1396.410     611.756              64              64
  119       -1094.159    1356.799       -1093.941    1357.193             119             119
  109         481.932     751.514         481.951     751.767             109             109
   16         521.280   -2280.613         520.817   -2280.522              16              16
  188         315.554     -37.213         315.592     -37.296             188             188
  217        -671.212    1367.836        -670.894    1368.116             217             217
  138       -1690.828   -1433.629       -1691.191   -1433.121             138             138
  120        -465.373   -1224.326        -465.809   -1224.272             120             120
   94       -1170.574    -157.095       -1170.946    -157.029              94              94
  176        2829.980    1775.458        2830.098    1774.853             176             176
   83         152.781    1839.095         153.114    1839.277              83              83
  251         883.499   -1389.142         883.191   -1389.153             251             251
   55         909.402     999.013         909.684     998.888              55              55
   66       -1378.590     664.374       -1378.432     664.835              66              66
   67        -682.492    -570.081        -682.784    -569.778              67              67
   77         806.556     255.834         806.424     255.819              77              77
  117         492.091    -838.386         491.790    -838.380             117             117
  207        2126.851     641.942        2127.004     641.650             207             207
  113        -720.394   -2000.209        -720.727   -2000.056             113             113
    3        1239.732    1412.271        1240.038    1411.963               3               3
  114         708.797       7.923         709.027       7.792             114             114
  250       -2281.210    3022.388       -2280.491    3023.056             250             250
   26       -1121.760    -169.247       -1121.938    -168.544              26              26
  215        -132.068   -2059.747        -132.661   -2059.434             215             215
   50         -70.618    -999.607         -70.990    -999.474              50              50
  239         445.138   -2009.950         444.581   -2010.089             239             239
   38        -173.351     721.901        -173.431     721.834              38              38
   84        3472.978    1111.270        3473.203    1110.723              84              84
   84        -271.544   -1831.816        -271.675   -1831.628              84              84
  136        -390.502    -813.865        -390.525    -813.895             136             136
  194       -1545.230    1400.315       -1544.930    1400.632             194             194
  148       -1439.189    -834.281       -1439.607    -833.923             148             148
    0        1047.536     116.911        1047.253     116.625              -0               0
   47        2752.279    1680.840        2752.664    1680.325              47              47
  165        -722.398     746.797        -722.056     747.173             165             165
  189        -760.748     618.478        -760.615     618.948             189             189
    8        -530.854    -220.860        -531.009    -220.342               8               8
   47         526.994   -2665.327         526.344   -2665.209              47              47
   54         -90.216   -1535.963         -90.583   -1536.012              54              54
  102         184.770     239.670         184.797     239.539             102             102
  224       -1637.788    1450.306       -1637.692    1450.817             224             224
  138        2548.408    -917.336        2548.051    -917.579             138             138
   98          55.013   -1297.494          54.810   -1297.311              98              98
   23        -329.887   -1543.182        -330.238   -1542.994              23              23
  204        -608.634   -2838.518        -609.425   -2838.527             204             204
  165        2067.715     291.194        2067.700     290.503             165             165
  100        -455.410     106.584        -455.366     106.586             100             100
   66         581.021     497.867         581.065     497.767              66              66
  116         446.165    -944.857         445.937    -944.902             116             116
  213         245.794   -1581.088         245.400   -1581.315             213             213
   69        1561.163    1160.009        1561.496    1159.495              69              69
  231       -1079.706     -97.773       -1079.658     -97.588             231             231
  207         328.742     398.116         328.747     397.982             207             207
   95        1149.564    -410.432        1149.527    -410.845              95              95
  191        -501.608    2936.197        -500.867    2936.309             191             191
    2         151.402     565.332         151.578     565.595               2               2
   79        -910.252    -941.683        -910.446    -941.327              79              79
  230        -951.052     892.551        -950.999     892.878             230             230
   86        -610.853     513.101        -611.061     513.564              86              86
  164        1454.164   -2384.529        1453.308   -2384.674             164             164
  110        1725.583     -54.026        1725.423     -54.385             110             110
   25        1623.040    -934.985        1622.799    -935.263              25              25
   57        1486.141   -1540.051        1485.810   -1540.446              57              57
  111        2946.160    -491.033        2946.290    -491.868             111             111
   72         778.269    -611.022         778.600    -611.456              72              72
  222       -1083.786    2128.572       -1083.009    2128.715             222             222
   44         671.402    -726.456         671.430    -726.654              44              44
   81         272.303    2395.500         273.161    2395.453              81              81
   14        -250.376     -21.160        -250.031     -20.930              14              14
   99        -889.521    1329.951        -888.865    1330.384              99              99
  184       -2222.500    -985.080       -2222.549    -984.336             184             184
  238       -1125.175     660.652       -1125.020     661.099             238             238
  237        -453.818     325.028        -453.706     325.568             237             237
   26        -690.419   -4240.879        -691.285   -4240.596              26              26
    5       -1965.499      20.780       -1965.455      21.041               5               5
  185       -1197.960    -254.573       -1198.089    -254.332             185             185
  192       -2171.347   -1166.013       -2171.843   -1165.658             192             192
  105          31.619    1386.721          31.691    1386.597             105             105
  251       -1814.527     197.467       -1814.810     197.945             251             251
   53        1047.765     849.092        1047.587     848.993              53              53
   63         299.068   -1159.959         298.539   -1159.902              63              63
   65        1832.105    -231.209        1831.949    -231.650              65              65
   28         502.300    -359.451         502.320    -359.606              28              28
   15        -659.845     426.224        -659.686     426.353              15              15
  161       -1124.686     644.057       -1124.695     644.414             161             161
  219        1006.721      74.370        1006.571      74.294             219             219
   18        -640.815    -586.894        -641.148    -586.616              18              18
  240        2575.911    -223.681        2575.778    -224.231             240             240
  193         739.994    -350.494         740.150    -350.601             193             193
  105        -603.714    -683.493        -603.678    -683.364             105             105
  149        -954.456    1304.212        -954.103    1304.561             149             149
   48         397.716   -1228.502         397.475   -1228.400              48              48
  130       -1869.838    -687.832       -1870.035    -687.321             130             130
  206         356.280    -700.477         355.970    -700.552             206             206
  160         -45.328    -544.371         -45.449    -544.378             160             160
  203       -1629.172    -744.058       -1629.504    -743.733             203             203
  172        1021.056     -15.971        1020.879     -16.318             172             172
  205        -170.334    -243.115        -170.387    -243.166             205             205
   29       -1717.814     185.706       -1718.000     186.000              29              29
  186        1694.898    1980.493        1695.157    1980.174             186             186
   48        -144.276   -1041.112        -144.621   -1040.884              48              48
  213         665.832     539.486         665.839     539.468             213             213
  169         998.241   -1618.865         997.810   -1619.019             169             169
   29        1043.495    -259.281        1043.591    -259.602              29              29
  240        -738.840     -92.463        -738.672     -92.274             240             240
  174       -1519.496    -305.076       -1519.647    -304.652             174             174
  215         141.015    -964.348         140.536    -964.421             215             215
  177        1571.806    -692.806        1571.611    -693.398             177             177
   24          37.269     425.717          37.555     425.477              24              24
  210       -1181.591    1761.767       -1181.124    1762.082             210             210
  230         453.138    -547.612         452.941    -547.634             230             230
   88         587.065      53.109         587.237      52.875              88              88
   20       -1789.697    2241.041       -1789.022    2241.676              20              20
    3        -972.569   -1489.166        -973.105   -1488.715               3               3
  103        -435.868    1677.689        -435.670    1678.010             103             103
  181        1086.017    -823.434        1085.679    -823.255             181             181
  223         879.860   -3558.180         879.124   -3558.363             223             223
  122       -2419.991    -266.289       -2419.989    -265.900             122             122
  166        -879.136    -489.180        -879.529    -489.110             166             166
  161         601.102    -485.003         600.786    -485.413             161             161
  227        -164.031    1526.754        -163.708    1526.667             227             227
   59         388.762     432.459         388.864     432.433              59              59
  209        -444.842     582.644        -444.598     582.958             209             209
  102       -2259.549   -1844.929       -2260.212   -1844.255             102             102
   10         971.173    -849.596         970.747    -850.116              10              10
  114       -1461.990    1484.873       -1461.716    1485.110             114             114
   49        -319.954      59.293        -320.204      59.388              49              49
  182        -537.520     113.244        -537.776     113.301             182             182
   63        -320.943    1668.453        -320.879    1668.600              63              63
   78        1302.189    -209.967        1301.863    -210.159              78              78
  113        -249.073     637.180        -249.097     637.384             113             113
  111         566.514     151.812         566.276     151.909             111             111
   36         958.499   -1443.218         957.871   -1443.372              36              36
   27        2352.104    -316.772        2352.062    -317.505              27              27
  140         541.860     111.797         542.253     111.531             140             140
   21       -2576.395    1247.214       -2575.989    1247.909              21              21
  201         193.659    1563.519         193.903    1563.778             201             201
  100        -777.752   -1456.978        -778.349   -1456.498             100             100
  198        1884.523     906.827        1884.819     906.524             198             198
  226       -3391.591   -1481.847       -3392.089   -1480.665             226             226
   54         637.426    -656.039         636.808    -656.186              54              54
  172         760.004     893.921         760.077     893.948             172             172
   58        -306.952   -2641.782        -307.820   -2641.518              58              58
   75         -47.937   -1241.368         -48.506   -1241.580              75              75
  176        1004.450    1274.301        1004.714    1273.970             176             176
  162        -863.294    -861.913        -863.601    -861.535             162             162
    0        -481.684   -1083.183        -482.255   -1083.092               0               0
  143         898.947    -165.681         898.722    -166.045             143             143
   29        -636.059     331.793        -636.082     332.002              29              29
  167        -820.512   -1195.359        -821.192   -1195.127             167             167
   48        1023.377    -419.247        1022.919    -419.699              48              48
    0         427.243     642.177         427.236     642.003               0               0
  226        -211.427    -721.136        -211.921    -721.116             226             226
    2        1702.377     927.571        1702.441     927.099               2               2
  102         254.719    -352.063         254.591    -351.954             102             102
  237        -503.992   -1633.565        -504.663   -1633.423             237             237
  116        1244.061    -625.594        1243.663    -626.160             116             116
  152        1062.925     132.481        1062.986     131.989             152             152
  163        -455.664     555.023        -455.467     555.149             163             163
  179        -358.775   -1850.171        -359.403   -1850.236             179             179
  230        -710.002     768.106        -709.993     767.961             230             230
   21        -279.561    1104.444        -279.581    1104.386              21              21
   35        -113.744     879.122        -113.945     879.173              35              35
   11        1488.097     355.453        1487.783     355.084              11              11
   48        2153.877     321.777        2153.908     321.204              48              48
  176        -680.940     504.979        -680.846     505.279             176             176
   32         929.117     593.908         929.105     593.886              32              32
  250        -138.426   -1847.434        -139.187   -1847.346             250             250
   20        1419.979    1544.884        1420.250    1544.489              20              20
  230        -532.031    -461.095        -532.432    -460.687             230             230
  221        2129.727    -236.983        2129.353    -237.365             221             221
   75        1719.177   -2087.038        1718.548   -2087.461              75              75
  147         547.353    -583.160         547.169    -583.399             147             147
   24        1471.832   -1681.738        1471.268   -1682.362              24              24
  150        3033.050    -315.363        3033.295    -316.602             150             150
   67        -312.531     -52.134        -311.976     -52.360              67              67
  186        -860.044    1704.097        -859.153    1704.312             186             186
  150       -2022.495   -1166.185       -2022.756   -1165.499             150             150
  211       -1101.550    -936.169       -1102.046    -936.020             211             211
  215         130.038    -962.002         129.544    -962.474             215             215
   61       -1098.341    2093.361       -1098.020    2093.439              61              61
    3        1817.249    -458.827        1816.868    -459.399               3               3
  216         381.241   -1335.340         380.880   -1335.861             216             216
   32        -333.708    1540.750        -333.270    1540.312              32              32
    6         511.014    2620.944         511.777    2620.639               6               6
   63         383.160    1336.672         383.714    1336.723              63              63
   13       -1608.102    -137.667       -1608.102    -137.085              13              13
  122        -567.185     795.441        -567.088     795.634             122             122
  215        -898.492    -533.555        -898.840    -533.389             215             215
  177        -826.450    1541.624        -826.253    1541.702             177             177
   46        -976.538    1726.316        -976.438    1726.725              46              46
  190         696.852     245.868         696.541     245.798             190             190
  199        -953.033     909.238        -953.172     909.593             199             199
   81        1430.719    1825.904        1430.901    1825.752              81              81
  201        -444.021     111.165        -444.285     111.805             201             201
  248         566.294   -2101.184         565.217   -2101.204             248             248
    2        1215.010    -312.798        1214.623    -313.411               2               2
  233        1268.613    1148.592        1268.935    1148.036             233             233
  243        -275.669    1172.078        -275.261    1172.206             243             243
   22        -615.503    1024.640        -615.251    1025.004              22              22
  208       -1596.579     681.241       -1596.681     681.978             208             208
  208        -371.060     904.870        -371.293     905.349             208             208
   97        -624.062   -1503.638        -625.192   -1503.305              97              97
   99        1598.871    2178.119        1599.002    2177.758              99              99
  232         180.617      33.846         180.214      34.257             232             232
  247         561.781    -483.757         561.087    -483.539             247             247
  167        2463.924   -1321.418        2463.242   -1321.985             167             167
  163        -402.492   -1047.631        -402.953   -1047.538             163             163
  142         241.821     138.440         241.537     138.261             142             142
  122         563.488     619.334         563.387     619.194             122             122
  123         501.513     111.811         501.378     111.788             123             123
  204       -1450.690    -449.882       -1451.170    -449.399             204             204
  125        -176.520    1403.584        -176.637    1403.738             125             125
   84        -522.158     378.297        -522.713     378.801              84              84
  236        1170.483    -349.940        1169.787    -350.038             236             236
  132       -1204.021     715.166       -1204.416     715.960             132             132
  147         447.742   -1810.460         446.363   -1810.242             147             147
  250       -1434.153   -1225.716       -1435.584   -1225.233             250             250
  255        1907.261     478.393        1906.323     477.855             255             255
  107        -411.417    -610.951        -412.660    -610.565             107             107
  172         162.113    -691.375         160.474    -691.163             172             172
   45         950.927   -2062.887         948.579   -2063.074              45              45
   41        2512.485   -1715.723        2510.228   -1716.700              41              41
  116         687.377   -1649.719         684.890   -1650.335             116             116
  127       -1344.786    -154.317       -1348.239    -154.373             127             127
  243        1674.381     940.253        1667.813     939.415             243             243
