SINAL     NFT                         FFT                         NFT INVERSA     FFT INVERSA
-----     -----------------------     -----------------------     -----------     -----------
  107       67584.000       0.000       67584.000       0.000             107             107
  207       -1537.746    1119.754       -1537.732    1119.754             207             207
  251        -492.439     938.462        -492.425     938.462             251             251
   76       -1266.704     422.678       -1266.691     422.679              76              76
  109         970.398    2280.529         970.415    2280.527             109             109
  230        -490.109     419.667        -490.095     419.670             230             230
  165        1238.660     792.656        1238.677     792.654             165             165
   53       -1480.662    2157.801       -1480.639    2157.812              53              53
   43        -493.588   -2184.717        -493.589   -2184.708              43              43
    4        -590.023      82.147        -590.016      82.152               4               4
   41        2213.938    -693.240        2213.945    -693.251              41              41
   82        -408.955   -1183.440        -408.946   -1183.441              82              82
    5        -607.336     757.129        -607.321     757.127               5               5
  185         462.233    1441.891         462.253    1441.888             185             185
  157         142.143    1002.890         142.158    1002.896             157             157
  136        1578.702    -300.543        1578.712    -300.551             136             136
  237         634.996     407.935         635.020     407.934             237             237
   37       -1408.973    -817.158       -1408.968    -817.143              37              37
   84         103.054    1785.965         103.077    1785.968              84              84
    1        1153.998     373.778        1154.008     373.781               1               1
  150        1076.549    -788.967        1076.553    -788.968             150             150
   59         491.894       3.281         491.911       3.286              59              59
   98          13.142   -1633.808          13.136   -1633.804              98              98
   83        -448.751     987.210        -448.730     987.219              83              83
  164        2097.303    -694.104        2097.305    -694.124             164             164
    5         152.324     -14.855         152.350     -14.848               5               5
  248         208.291    -863.555         208.302    -863.547             248             248
  182       -1558.238   -1546.042       -1558.248   -1546.019             182             182
  216        -299.527     115.332        -299.524     115.326             216             216
  146        -726.327     939.517        -726.319     939.529             146             146
   12        1263.363    1365.885        1263.372    1365.886              12              12
   67        2851.041   -2565.187        2851.002   -2565.227              67              67
   98         743.955     726.344         743.993     726.329              98              98
    8        1123.052    -964.180        1123.053    -964.197               8               8
  144         818.146     -62.008         818.173     -62.025             144             144
  207        -808.215     142.793        -808.198     142.822             207             207
  238        1692.065   -1361.579        1692.040   -1361.614             238             238
   54        1758.278    -447.604        1758.296    -447.660              54              54
    5        1346.626    1283.085        1346.700    1283.051               5               5
   25         433.842    -432.477         433.884    -432.483              25              25
   58        -993.521    2180.548        -993.429    2180.599              58              58
   46         230.320   -1477.051         230.302   -1477.013              46              46
  108        1019.517   -2325.563        1019.485   -2325.589             108             108
   64         934.391     257.812         934.450     257.777              64              64
  231        -880.463     291.819        -880.406     291.856             231             231
    9          21.046    -654.271          21.068    -654.250               9               9
  201       -1037.645   -1592.757       -1037.661   -1592.719             201             201
  213        1326.725    -830.242        1326.744    -830.286             213             213
   46       -1459.894   -1583.947       -1459.889   -1583.920              46              46
   29          67.068   -1001.365          67.083   -1001.415              29              29
  215       -1263.177    2057.511       -1263.049    2057.523             215             215
  197       -3228.796     551.285       -3228.752     551.401             197             197
   89       -1669.817    -978.643       -1669.861    -978.590              89              89
   57       -1221.378     567.634       -1221.383     567.660              57              57
   24        -170.127    1052.295        -170.122    1052.314              24              24
  253        1360.881   -1533.198        1360.832   -1533.246             253             253
   63       -1091.211    1041.499       -1091.162    1041.519              63              63
   17         421.148    1448.790         421.203    1448.798              17              17
  179        -646.479    -592.456        -646.494    -592.403             179             179
   23          50.812     408.295          50.827     408.319              23              23
  164         134.467    -393.683         134.465    -393.649             164             164
  192        -999.124   -1278.616        -999.169   -1278.551             192             192
   91         409.847   -1046.926         409.806   -1046.931              91              91
    6        -859.044   -1735.058        -859.111   -1735.033               6               6
  200         259.675   -1233.552         259.625   -1233.605             200             200
  236       -1705.899    -267.482       -1705.930    -267.469             236             236
  214         776.069    1265.633         776.085    1265.565             214             214
  183         314.030     101.136         314.021     101.104             183             183
   35        -774.231    1644.087        -774.203    1644.127              35              35
  219        2794.713   -1205.125        2794.641   -1205.249             219             219
  209        -550.561    1728.589        -550.477    1728.607             209             209
   93         768.574     588.504         768.575     588.513              93              93
   10        1360.863   -1007.518        1360.806   -1007.554              10              10
   61         860.467    -188.622         860.455    -188.659              61              61
  158        1910.621     299.771        1910.650     299.700             158             158
  242        1191.631    -793.142        1191.643    -793.166             242             242
   70        -872.182   -2185.283        -872.281   -2185.257              70              70
  103        2876.846    -187.344        2876.847    -187.535             103             103
  199        1571.815    -437.290        1571.872    -437.428             199             199
  117         450.708    1707.192         450.885    1707.133             117             117
  132         -38.153    1078.288         -38.009    1078.311             132             132
  159       -1247.692   -1136.380       -1247.699   -1136.313             159             159
   59         158.960     283.743         159.008     283.696              59              59
  221        -148.821    1435.507        -148.694    1435.506             221             221
  216       -1088.989     772.699       -1088.913     772.787             216             216
   84       -1116.978     103.030       -1116.991     103.126              84              84
  219        1403.248    -378.552        1403.223    -378.610             219             219
   24         -30.765    -355.117         -30.742    -355.120              24              24
  101       -1683.825     587.872       -1683.809     587.964             101             101
  143        1420.653    1228.954        1420.683    1228.927             143             143
   48         995.470   -2310.555         995.340   -2310.575              48              48
    9        1292.569   -1981.403        1292.484   -1981.565               9               9
   79         647.202    2629.739         647.403    2629.627              79              79
  139         685.562    1431.392         685.696    1431.372             139             139
   16        1036.731     643.444        1036.841     643.420              16              16
   24         380.086     627.341         380.234     627.365              24              24
  120       -1991.383     -51.885       -1991.320     -51.713             120             120
  231        -488.118    -131.716        -488.117    -131.654             231             231
  208        -919.270     241.675        -919.277     241.774             208             208
  155        1430.550    -986.395        1430.479    -986.470             155             155
  194          55.797    1116.922          55.891    1116.943             194             194
  161         663.860    -888.814         663.811    -888.823             161             161
  249        1495.494     890.730        1495.590     890.668             249             249
  205        1734.793    -476.432        1734.879    -476.476             205             205
  223       -1260.828    -586.003       -1260.745    -585.847             223             223
  151        -803.885   -2829.493        -804.013   -2829.424             151             151
  191       -1225.827   -2053.974       -1225.946   -2054.000             191             191
   38         270.735    1507.228         270.849    1507.102              38              38
  254        -984.024    1339.753        -983.940    1339.793             254             254
  134        1880.980    1460.415        1881.095    1460.315             134             134
  155        -644.151     535.805        -644.084     535.923             155             155
  131        2244.921    -172.094        2244.958    -172.176             131             131
   37        1404.704   -1067.929        1404.804   -1067.983              37              37
  215       -2850.585    -911.512       -2850.515    -911.304             215             215
   97       -1407.120    -291.112       -1407.121    -291.033              97              97
  254        -921.980    1190.659        -921.918    1190.755             254             254
   43        1295.871   -1265.957        1295.786   -1266.009              43              43
   60          95.279    -566.467          95.310    -566.484              60              60
   23        -836.610     445.736        -836.532     445.817              23              23
  144         604.718   -1573.362         604.644   -1573.406             144             144
  204         -73.146     104.542         -73.049     104.508             204             204
   71        -953.187     500.599        -953.077     500.680              71              71
  154        -626.373   -1019.032        -626.406   -1018.989             154             154
   28        -680.238     621.386        -680.153     621.427              28              28
  211        -317.777    -693.060        -317.793    -693.043             211             211
  170        -949.106     546.397        -949.027     546.459             170             170
   52       -1152.690    -152.729       -1152.719    -152.632              52              52
   75         575.519    -275.145         575.482    -275.211              75              75
  145         521.908     460.077         522.000     460.000             145             145
    5        -956.375    1194.995        -956.225    1195.078               5               5
  231        -299.228    1361.017        -299.101    1361.116             231             231
   84         387.235     663.786         387.329     663.903              84              84
  167        -401.864   -1961.812        -401.983   -1961.663             167             167
  224         858.558    -562.099         858.602    -562.104             224             224
   33        -953.172   -2734.344        -953.262   -2734.252              33              33
  134       -2856.638    -502.622       -2856.627    -502.429             134             134
  120        -820.438    -658.659        -820.498    -658.625             120             120
  224       -2411.739    -172.007       -2411.803    -171.816             224             224
  173         145.356   -1246.951         145.167   -1247.009             173             173
  119        -825.618     -20.181        -825.677     -20.179             119             119
  103         461.066    -412.835         460.972    -412.964             103             103
   73         998.963    2493.650         999.227    2493.566              73              73
  251       -2449.297   -1465.206       -2449.455   -1464.924             251             251
  141        1730.019    -139.899        1729.961    -140.066             141             141
   32        -489.838    -456.584        -489.849    -456.528              32              32
   93         -44.493   -1738.982         -44.640   -1739.035              93              93
  140       -1033.320     145.573       -1033.323     145.571             140             140
   75         643.561    -501.815         643.499    -501.994              75              75
  153        -856.048    2711.693        -855.794    2711.758             153             153
  163        -229.026   -2231.085        -229.298   -2231.087             163             163
  220         545.692    2127.958         545.847    2127.838             220             220
  101        1558.775      41.029        1558.812      40.900             101             101
  234        -939.021     175.191        -938.965     175.290             234             234
  118         540.756    -736.051         540.667    -736.152             118             118
  130        1466.915    1601.453        1467.148    1601.286             130             130
  189        -754.849    -891.263        -754.835    -891.203             189             189
   33        -341.889    1672.431        -341.655    1672.451              33              33
  182       -1480.787      21.805       -1480.780      22.007             182             182
    9         157.688    -857.087         157.548    -857.129               9               9
  179        1593.120    1037.295        1593.271    1037.073             179             179
  188        -231.970    2574.985        -231.577    2575.120             188             188
  240       -1006.978   -2827.944       -1007.194   -2827.777             240             240
    8        -288.343    2132.710        -288.048    2132.764               8               8
   99       -1682.307   -2256.332       -1682.504   -2256.118              99              99
  209       -1057.677    1014.053       -1057.604    1014.136             209             209
   42        -413.792      30.702        -413.847      30.800              42              42
  234        1075.663   -1063.662        1075.573   -1063.764             234             234
   74       -1108.626    -552.573       -1108.618    -552.508              74              74
   11       -1173.646     683.785       -1173.577     683.884              11              11
  151        -180.593    -261.821        -180.632    -261.793             151             151
  194       -1017.064    -813.922       -1017.156    -813.863             194             194
  114       -1270.300     449.679       -1270.320     449.736             114             114
  224          15.699    1129.461          15.731    1129.448             224             224
  189         534.958    -843.639         534.838    -843.737             189             189
    0        -681.752    1513.122        -681.588    1513.135              -0              -0
    0       -1009.838    1724.023       -1009.736    1724.203              -0               0
   26        1446.679     130.228        1446.642     130.183              26              26
  140        -592.879      31.801        -592.877      31.987             140             140
   76         590.290   -1111.326         590.156   -1111.299              76              76
  180        -194.331   -1842.774        -194.507   -1842.766             180             180
   47        -736.987    -963.400        -737.077    -963.439              47              47
   40       -1699.946    1183.232       -1699.886    1183.364              40              40
   26         490.041   -2007.359         489.699   -2007.556              26              26
   26        -983.411    3282.540        -983.153    3282.528              26              26
  159        1805.329    1798.674        1805.432    1798.586             159             159
  156         688.600   -1267.990         688.435   -1267.971             156             156
  216        1494.156    -376.068        1494.180    -376.259             216             216
  193        -787.299    -512.416        -787.249    -512.399             193             193
   83       -1883.647    2033.089       -1883.430    2033.315              83              83
  225        -271.038    -511.069        -271.222    -510.961             225             225
  116        -188.734    -445.525        -188.922    -445.501             116             116
   15         301.390    -594.616         301.147    -594.721              15              15
  210        2324.335     874.754        2324.376     874.396             210             210
  125        -695.428     -19.331        -695.517     -19.309             125             125
  115        3977.181    1811.249        3977.406    1810.720             115             115
  163        -636.823     286.030        -636.702     286.120             163             163
  167        2129.606    2321.865        2129.951    2321.670             167             167
   93         774.397     358.028         774.594     358.119              93              93
  238         431.479    -980.487         431.521    -980.433             238             238
  179        -512.174     441.555        -511.961     441.706             179             179
  245       -1576.007    -795.369       -1576.084    -795.055             245             245
  176         935.699   -1666.385         935.481   -1666.515             176             176
   38         159.500      38.127         159.592      38.028              38              38
  213        -399.902     697.220        -399.730     697.275             213             213
  110        -851.234    -581.296        -851.301    -581.169             110             110
   38        1133.781     305.544        1133.880     305.410              38              38
  214       -1269.252   -1367.639       -1269.338   -1367.511             214             214
  136       -1368.221     747.205       -1368.165     747.310             136             136
  178        -407.636     -22.418        -407.795     -22.398             178             178
   35        3089.890     830.775        3090.026     830.367              35              35
   61       -1073.312   -1785.137       -1073.411   -1785.078              61              61
  226        -890.242    2099.278        -889.985    2099.283             226             226
   75        1751.085     518.060        1751.195     517.812              75              75
   87       -1079.581    2148.392       -1079.204    2148.645              87              87
  252         703.478   -1650.005         703.303   -1650.009             252             252
  235        -728.725     405.058        -728.592     405.134             235             235
  244          48.796      39.632          48.864      39.634             244             244
  212       -1098.936    -568.907       -1098.975    -568.808             212             212
  172        -774.951     782.039        -774.896     782.063             172             172
   72        1057.740     934.069        1057.891     933.887              72              72
  182       -1808.856    1017.973       -1808.718    1018.245             182             182
   33         647.896     536.861         647.875     536.791              33              33
   87        1222.101    1895.273        1222.415    1895.221              87              87
  136        -283.511   -1035.645        -283.552   -1035.463             136             136
  159       -1116.960    -938.953       -1117.098    -938.840             159             159
  202        1288.105    1112.621        1288.311    1112.348             202             202
   44       -1413.256    1614.371       -1412.947    1614.626              44              44
   71        -378.629    -145.767        -378.694    -145.669              71              71
   40        1338.892    2141.500        1339.314    2141.387              40              40
   27       -3311.375    -131.970       -3311.372    -131.340              27              27
  250         -35.851    1182.048         -35.849    1182.164             250             250
   29        -504.580    2026.967        -504.482    2027.371              29              29
  203        3520.043   -2961.796        3519.583   -2962.047             203             203
   32        -770.143   -1483.502        -770.218   -1483.396              32              32
  243        -264.620     668.372        -264.491     668.420             243             243
   58        -220.436      42.463        -220.441      42.622              58              58
   70         790.933   -1521.712         790.736   -1521.780              70              70
  202        -427.151     347.385        -427.025     347.476             202             202
  195        -776.063    -871.822        -776.209    -871.635             195             195
  249          24.617   -1128.711          24.383   -1128.736             249             249
  237         429.138    -126.852         429.078    -126.959             237             237
    0         777.796    -956.046         777.671    -956.219              -0               0
  220        -393.281    -848.734        -393.423    -848.829             220             220
   57        1960.150     225.952        1960.242     225.423              57              57
   88        -248.756    1954.129        -248.309    1954.063              88              88
  217         871.886     489.001         872.110     488.859             217             217
   36        -478.263     389.272        -478.023     389.300              36              36
   77          35.918     540.495          36.176     540.386              77              77
  174        -775.643    2241.182        -775.082    2241.274             174             174
  209       -1599.233    1165.501       -1598.912    1165.821             209             209
  149       -1595.664    1685.126       -1595.355    1685.479             149             149
  100       -1979.605    1644.991       -1979.453    1645.519             100             100
  243         855.808    -428.423         855.650    -428.416             243             243
  237        -932.639    1850.066        -932.359    1850.338             237             237
  237         747.893    1146.842         748.101    1146.954             237             237
  146       -1739.501    1564.997       -1739.255    1565.630             146             146
  184        1124.000      -0.255        1124.000       0.000             184             184
   26       -1738.998   -1566.277       -1739.250   -1565.635              26              26
  217         748.319   -1147.068         748.104   -1146.954             217             217
  224        -932.065   -1850.621        -932.354   -1850.341             224             224
   53         855.484     428.408         855.649     428.416              53              53
  211       -1979.288   -1646.076       -1979.448   -1645.525             211             211
  254       -1595.024   -1685.854       -1595.351   -1685.482             254             254
    1       -1598.566   -1166.162       -1598.906   -1165.824               1               1
  243        -774.479   -2241.373        -775.078   -2241.274             243             243
  241          36.457    -540.266          36.179    -540.385             241             241
   59        -477.764    -389.333        -478.022    -389.302              59              59
   58         872.355    -488.700         872.112    -488.856              58              58
  188        -247.812   -1953.991        -248.305   -1954.064             188             188
  254        1960.346    -224.830        1960.244    -225.418             254             254
   52        -393.583     848.936        -393.424     848.829              52              52
  169         777.527     956.417         777.669     956.222             169             169
  255         429.011     127.080         429.078     126.959             255             255
   17          24.109    1128.765          24.379    1128.736              17              17
  227        -776.378     871.417        -776.210     871.634             227             227
   88        -426.877    -347.586        -427.024    -347.479              88              88
  234         790.498    1521.858         790.732    1521.779             234             234
    8        -220.448     -42.813        -220.442     -42.624               8               8
  165        -264.335    -668.477        -264.489    -668.421             165             165
  153        -770.310    1483.268        -770.221    1483.394             153             153
  217        3519.020    2962.357        3519.577    2962.053             217             217
   58        -504.356   -2027.865        -504.477   -2027.373              58              58
  254         -35.843   -1182.308         -35.846   -1182.165             254             254
  204       -3311.369     130.552       -3311.372     131.331             204             204
   39        1339.844   -2141.244        1339.318   -2141.386              39              39
  236        -378.773     145.546        -378.693     145.668             236             236
   95       -1412.551   -1614.952       -1412.942   -1614.630              95              95
  223        1288.576   -1111.998        1288.315   -1112.345             223             223
    6       -1117.275     938.692       -1117.098     938.838               6               6
   56        -283.610    1035.226        -283.555    1035.462              56              56
  192        1222.833   -1895.146        1222.420   -1895.217             192             192
   59         647.850    -536.696         647.877    -536.789              59              59
   12       -1808.536   -1018.616       -1808.718   -1018.251              12              12
  190        1058.097    -933.640        1057.893    -933.884             190             190
   60        -774.816    -782.096        -774.893    -782.064              60              60
    0       -1099.027     568.671       -1098.975     568.805              -0               0
  176          48.957     -39.636          48.863     -39.634             176             176
  120        -728.409    -405.242        -728.592    -405.136             120             120
   59         703.053    1650.019         703.299    1650.012              59              59
  108       -1078.668   -2149.005       -1079.197   -2148.648             108             108
  118        1751.350    -517.456        1751.195    -517.808             118             118
  111        -889.612   -2099.294        -889.980   -2099.285             111             111
   22       -1073.559    1784.992       -1073.415    1785.077              22              22
  118        3090.224    -829.767        3090.028    -830.357             118             118
  129        -408.028      22.368        -407.795      22.397             129             129
  249       -1368.078    -747.469       -1368.163    -747.313             249             249
  206       -1269.469    1367.317       -1269.340    1367.509             206             206
  108        1134.032    -305.201        1133.882    -305.405             108             108
    1        -851.406     580.973        -851.303     581.166               1               1
  115        -399.463    -697.357        -399.727    -697.274             115             115
    5         159.736     -37.877         159.595     -38.028               5               5
  219         935.141    1666.720         935.477    1666.518             219             219
  174       -1576.205     794.561       -1576.086     795.051             174             174
    4        -511.624    -441.945        -511.960    -441.706               4               4
  168         431.585     980.349         431.520     980.434             168             168
  213         774.911    -358.262         774.596    -358.117             213             213
  240        2130.511   -2321.353        2129.954   -2321.666             240             240
    7        -636.505    -286.266        -636.702    -286.120               7               7
  181        3977.777   -1809.845        3977.410   -1810.711             181             181
  246        -695.666      19.273        -695.520      19.309             246             246
   64        2324.444    -873.796        2324.376    -874.395              64              64
  117         300.738     594.900         301.147     594.723             117             117
   50        -189.242     445.459        -188.923     445.500              50              50
   76        -271.541     510.776        -271.224     510.961              76              76
   51       -1883.049   -2033.714       -1883.426   -2033.319              51              51
  110        -787.166     512.365        -787.251     512.397             110             110
   76        1494.222     376.603        1494.179     376.264              76              76
  228         688.139    1267.938         688.432    1267.972             228             228
  231        1805.619   -1798.424        1805.434   -1798.583             231             231
  135        -982.673   -3282.510        -983.144   -3282.530             135             135
   81         489.070    2007.913         489.694    2007.556              81              81
   94       -1699.772   -1183.609       -1699.883   -1183.367              94              94
  247        -737.248     963.512        -737.080     963.439             247             247
  103        -194.842    1842.750        -194.512    1842.766             103             103
  212         589.899    1111.248         590.151    1111.299             212             212
  121        -592.873     -32.339        -592.877     -31.988             121             121
   97        1446.572    -130.093        1446.643    -130.181              97              97
  162       -1009.530   -1724.554       -1009.731   -1724.205             162             162
  229        -681.263   -1513.163        -681.585   -1513.136             229             229
   99         534.600     843.932         534.837     843.738              99              99
   22          15.798   -1129.424          15.733   -1129.449              22              22
  235       -1270.358    -449.851       -1270.318    -449.738             235             235
   63       -1017.343     813.742       -1017.158     813.861              63              63
  196        -180.711     261.738        -180.632     261.794             196             196
  239       -1173.437    -684.089       -1173.577    -683.886             239             239
  231       -1108.599     552.372       -1108.618     552.507             231             231
  153        1075.382    1063.977        1075.571    1063.764             153             153
  223        -413.962     -31.008        -413.846     -30.800             223             223
  239       -1057.444   -1014.314       -1057.601   -1014.138             239             239
   78       -1682.931    2255.655       -1682.508    2256.114              78              78
  213        -287.405   -2132.882        -288.044   -2132.766             213             213
   47       -1007.670    2827.409       -1007.200    2827.774              47              47
  196        -230.709   -2575.416        -231.575   -2575.120             196             196
    7        1593.617   -1036.570        1593.276   -1037.069               7               7
  124         157.232     857.223         157.547     857.129             124             124
  248       -1480.766     -22.471       -1480.780     -22.011             248             248
  118        -341.114   -1672.497        -341.651   -1672.452             118             118
  201        -754.804     891.064        -754.835     891.202             201             201
  220        1467.697   -1600.894        1467.152   -1601.283             220             220
   94         540.457     736.387         540.667     736.152              94              94
   80        -938.837    -175.523        -938.967    -175.290              80              80
   45        1558.900     -40.581        1558.811     -40.894              45              45
  188         546.223   -2127.547         545.850   -2127.836             188             188
   72        -229.965    2231.093        -229.302    2231.087              72              72
  149        -855.158   -2711.916        -855.788   -2711.758             149             149
  144         643.343     502.437         643.499     501.993             144             144
  193       -1033.332    -145.569       -1033.324    -145.572             193             193
  247         -45.018    1739.166         -44.646    1739.033             247             247
   50        -489.879     456.386        -489.851     456.527              50              50
  166        1729.809     140.509        1729.961     140.071             166             166
   91       -2449.872    1464.183       -2449.458    1464.920              91              91
   72         999.932   -2493.341         999.233   -2493.565              72              72
  145         460.719     413.313         460.971     412.967             145             145
  154        -825.836      20.171        -825.677      20.177             154             154
   12         144.653    1247.168         145.166    1247.010              12              12
  129       -2411.979     171.286       -2411.804     171.809             129             129
  129        -820.667     658.529        -820.498     658.624             129             129
  166       -2856.596     501.879       -2856.627     502.423             166             166
   96        -953.526    2733.989        -953.269    2734.248              96              96
  113         858.727     562.119         858.603     562.106             113             113
  245        -402.330    1961.235        -401.988    1961.663             245             245
   54         387.604    -664.241         387.332    -663.902              54              54
  160        -298.725   -1361.408        -299.099   -1361.118             160             160
  185        -955.778   -1195.327        -956.222   -1195.081             185             185
   62         522.276    -459.769         522.000    -460.000              62              62
   29         575.370     275.425         575.482     275.215              29              29
  178       -1152.804     152.324       -1152.718     152.629             178             178
  181        -948.777    -546.656        -949.025    -546.461             181             181
  230        -317.842     692.989        -317.793     693.043             230             230
  142        -679.878    -621.558        -680.150    -621.428             142             142
   19        -626.519    1018.851        -626.409    1018.989              19              19
   54        -952.714    -500.944        -953.074    -500.680              54              54
  188         -72.738    -104.396         -73.050    -104.508             188             188
  207         604.389    1573.562         604.641    1573.410             207             207
  127        -836.266    -446.097        -836.531    -445.821             127             127
   82          95.412     566.542          95.309     566.485              82              82
   95        1295.490    1266.195        1295.783    1266.012              95              95
   65        -921.693   -1191.098        -921.913   -1190.758              65              65
   74       -1407.128     290.749       -1407.122     291.030              74              74
  146       -2850.266     910.553       -2850.515     911.296             146             146
  232        1405.157    1068.179        1404.802    1067.985             232             232
  165        2245.092     172.488        2244.959     172.181             165             165
  219        -643.827    -536.356        -644.080    -535.923             219             219
  121        1881.533   -1459.932        1881.100   -1460.309             121             121
   63        -983.620   -1339.955        -983.937   -1339.796              63              63
  232         271.298   -1506.619         270.855   -1507.099             232             232
  251       -1226.410    2054.092       -1225.948    2053.997             251             251
  193        -804.516    2829.151        -804.017    2829.422             193             193
  143       -1260.420     585.223       -1260.745     585.844             143             143
   91        1735.221     476.665        1734.879     476.480              91              91
   50        1495.989    -890.416        1495.594    -890.667              50              50
  132         663.605     888.864         663.809     888.825             132             132
  146          56.282   -1117.027          55.893   -1116.943             146             146
  211        1430.176     986.792        1430.477     986.474             211             211
   62        -919.303    -242.191        -919.276    -241.775              62              62
  209        -488.112     131.377        -488.116     131.650             209             209
  240       -1991.044      50.964       -1991.319      51.712             240             240
  241         380.886    -627.464         380.235    -627.364             241             241
  134        1037.342    -643.303        1036.845    -643.418             134             134
  214         686.307   -1431.268         685.699   -1431.368             214             214
  128         648.342   -2629.105         647.409   -2629.624             128             128
  154        1292.074    1982.328        1292.479    1981.569             154             154
   13         994.722    2310.676         995.336    2310.577              13              13
   61        1420.837   -1228.791        1420.687   -1228.923              61              61
  105       -1683.728    -588.413       -1683.807    -587.966             105             105
  140         -30.640     355.131         -30.745     355.119             140             140
  143        1403.101     378.901        1403.222     378.612             143             143
  201       -1117.053    -103.613       -1116.990    -103.128             201             201
  206       -1088.529    -773.236       -1088.913    -772.787             206             206
  218        -148.033   -1435.500        -148.691   -1435.507             218             218
   92         159.261    -283.454         159.010    -283.697              92              92
  182       -1247.735    1135.946       -1247.700    1136.310             182             182
  127         -37.232   -1078.438         -38.008   -1078.312             127             127
   56         451.874   -1706.793         450.890   -1707.130              56              56
   48        1572.189     438.205        1571.872     437.431              48              48
  190        2876.846     188.649        2876.846     187.545             190             190
   32        -872.862    2185.104        -872.285    2185.256              32              32
   43        1191.699     793.322        1191.640     793.171              43              43
  127        1910.823    -299.276        1910.651    -299.697             127             127
  176         860.384     188.884         860.456     188.661             176             176
  135        1360.455    1007.776        1360.806    1007.556             135             135
  178         768.585    -588.551         768.576    -588.509             178             178
   53        -549.940   -1728.729        -550.474   -1728.611              53              53
   25        2794.166    1206.066        2794.637    1205.257              25              25
  133        -774.013   -1644.391        -774.199   -1644.128             133             133
  116         313.955    -100.888         314.019    -101.102             116             116
  234         776.193   -1265.102         776.086   -1265.563             234             234
  117       -1706.154     267.370       -1705.932     267.464             117             117
  101         259.266    1233.978         259.623    1233.604             101             101
  113        -859.617    1734.855        -859.116    1735.033             113             113
   75         409.499    1046.975         409.805    1046.931              75              75
  229        -999.530    1278.063        -999.173    1278.549             229             229
   11         134.447     393.399         134.465     393.650              11              11
   89          50.951    -408.499          50.828    -408.319              89              89
   34        -646.618     591.977        -646.496     592.401              34              34
  117         421.660   -1448.848         421.207   -1448.796             117             117
  229       -1090.760   -1041.690       -1091.161   -1041.521             229             229
  178        1360.389    1533.660        1360.826    1533.250             178             178
   62        -170.063   -1052.481        -170.119   -1052.316              62              62
  179       -1221.428    -567.897       -1221.382    -567.663             179             179
  140       -1670.263     978.108       -1669.863     978.588             140             140
  155       -3228.338    -552.491       -3228.749    -551.410             155             155
  106       -1261.852   -2057.642       -1263.044   -2057.525             106             106
   11          67.231    1001.892          67.084    1001.416              11              11
  211       -1459.859    1583.655       -1459.892    1583.918             211             211
  154        1326.922     830.742        1326.742     830.289             154             154
  202       -1037.836    1592.331       -1037.664    1592.718             202             202
  244          21.289     654.033          21.067     654.250             244             244
  197        -879.790    -292.255        -880.404    -291.858             197             197
   74         935.094    -257.372         934.451    -257.773              74              74
  164        1019.110    2325.874        1019.482    2325.590             164             164
   76         230.078    1476.583         230.299    1477.013              76              76
  252        -992.321   -2181.206        -993.424   -2180.600             252             252
  218         434.384     432.564         433.882     432.484             218             218
  102        1347.648   -1282.615        1346.704   -1283.049             102             102
  129        1758.505     448.392        1758.294     447.663             129             129
   78        1691.694    1362.095        1692.039    1361.618              78              78
   81        -807.967    -143.213        -808.197    -142.823              81              81
  247         818.565      62.271         818.174      62.027             247             247
  179        1123.074     964.448        1123.052     964.198             179             179
  194         744.574    -726.102         743.994    -726.327             194             194
   67        2850.317    2565.919        2850.994    2565.233              67              67
  153        1263.550   -1365.860        1263.376   -1365.882             153             153
  206        -726.178    -939.745        -726.318    -939.531             206             206
  156        -299.462    -115.229        -299.523    -115.326             156             156
  187       -1558.464    1545.573       -1558.252    1546.015             187             187
   67         208.503     863.413         208.301     863.547              67              67
  130         152.836      14.708         152.350      14.847             130             130
  110        2097.345     694.577        2097.303     694.128             110             110
  130        -448.277    -987.444        -448.730    -987.222             130             130
   54          12.971    1633.713          13.132    1633.803              54              54
  250         492.327      -3.400         491.912      -3.285             250             250
   29        1076.641     788.993        1076.551     788.970              29              29
  160        1154.292    -373.832        1154.010    -373.778             160             160
    6         103.732   -1786.053         103.081   -1785.967               6               6
  241       -1408.849     816.639       -1408.970     817.137             241             241
   58         635.770    -407.915         635.021    -407.934              58              58
  208        1578.992     300.830        1578.708     300.553             208             208
  229         142.760   -1003.105         142.161   -1002.895             229             229
  255         463.037   -1441.744         462.254   -1441.887             255             255
   27        -606.653    -757.082        -607.319    -757.129              27              27
  138        -408.616    1183.451        -408.950    1183.440             138             138
   76        2214.252     693.859        2213.943     693.256              76              76
   23        -589.609     -82.439        -590.015     -82.155              23              23
  100        -493.668    2184.129        -493.591    2184.707             100             100
  178       -1478.890   -2158.786       -1480.634   -2157.815             178             178
  153        1240.125    -792.366        1238.679    -792.651             153             153
  179        -488.675    -420.034        -490.095    -419.671             179             179
    3         972.710   -2280.217         970.419   -2280.524               3               3
  144       -1264.460    -422.923       -1266.690    -422.681             144             144
  103        -488.686    -938.477        -492.424    -938.462             103             103
  197       -1530.202   -1119.929       -1537.728   -1119.758             197             197
