SINAL     NFT                         FFT                         NFT INVERSA     FFT INVERSA
-----     -----------------------     -----------------------     -----------     -----------
   94       65382.000       0.000       65382.000       0.000              94              94
  107         608.158     194.877         608.172     194.876             107             107
  103       -1294.385    2216.766       -1294.369    2216.767             103             103
  141       -1311.050    -447.971       -1311.039    -447.970             141             141
   34        -157.581    2043.848        -157.566    2043.847              34              34
  222        1417.693     811.021        1417.707     811.018             222             222
  197         311.993     -98.718         312.006     -98.719             197             197
   29         509.165    2323.673         509.188    2323.672              29              29
  108       -1191.351     390.169       -1191.336     390.180             108             108
  151         526.307    -563.533         526.313    -563.533             151             151
   63        1368.299     320.102        1368.314     320.095              63              63
  221         359.605     150.878         359.622     150.878             221             221
   71         563.379    -711.461         563.391    -711.467              71              71
   13        -213.701     349.250        -213.680     349.247              13              13
  183         238.488    1387.537         238.517    1387.536             183             183
   14        -913.319     704.248        -913.294     704.262              14              14
   14       -1780.534    -778.006       -1780.531    -777.985              14              14
  166        -766.219    1358.318        -766.208    1358.328             166             166
   49        2950.456    1267.405        2950.477    1267.389              49              49
  123         530.428   -1832.895         530.431   -1832.886             123             123
   73        -656.162   -2242.172        -656.171   -2242.171              73              73
  154         264.947     829.177         264.974     829.161             154             154
  239         111.786     494.527         111.811     494.520             239             239
  122        -823.351    2013.924        -823.310    2013.943             122             122
   18         844.836     -57.502         844.851     -57.494              18              18
  103        -893.526    -984.368        -893.523    -984.342             103             103
   88        -672.070    -250.465        -672.072    -250.445              88              88
    1        1736.641   -1624.294        1736.625   -1624.321               1               1
  107         501.171     -53.587         501.200     -53.600             107             107
  157         180.242    -377.540         180.276    -377.541             157             157
  218       -3191.368   -1894.390       -3191.381   -1894.342             218             218
  202        -770.295    1017.118        -770.280    1017.117             202             202
    9        -705.554    -591.211        -705.571    -591.205               9               9
   66         -40.328     310.593         -40.331     310.575              66              66
   88        1265.407    1909.179        1265.451    1909.152              88              88
   43        -454.960     308.678        -454.954     308.707              43              43
   32        3073.805    -898.659        3073.804    -898.719              32              32
   30        -396.805    -357.731        -396.768    -357.725              30              30
   73          -6.592     303.987          -6.543     303.992              73              73
  141       -1919.707   -1361.203       -1919.710   -1361.160             141             141
  182       -1005.564    -236.640       -1005.559    -236.636             182             182
  136       -1754.229     864.984       -1754.211     865.015             136             136
  107        -113.531     945.016        -113.522     945.024             107             107
  253         351.012      97.407         351.017      97.410             253             253
  149       -1442.306      39.481       -1442.311      39.537             149             149
   34         148.094   -2055.163         148.016   -2055.179              34              34
   12         268.861    1691.359         268.896    1691.340              12              12
  164        -346.325   -1136.780        -346.382   -1136.774             164             164
  201        1201.435    1609.609        1201.452    1609.569             201             201
   61        2907.848    -141.775        2907.853    -141.847              61              61
   31        -245.255    -110.054        -245.234    -110.034              31              31
   18         590.011     258.032         590.023     258.039              18              18
  216         985.912   -2392.925         985.840   -2392.952             216             216
   15        1372.885    -553.865        1372.883    -553.940              15              15
  141        1884.752     520.058        1884.817     519.985             141             141
  234        -245.341   -1560.412        -245.337   -1560.420             234             234
  118          92.005     228.553          92.060     228.515             118             118
  230        -636.781     318.638        -636.725     318.644             230             230
  236       -1133.178   -1070.864       -1133.194   -1070.856             236             236
  226        -991.701    1243.588        -991.660    1243.586             226             226
  131         385.976     958.989         386.001     958.973             131             131
  198        1181.583   -1282.327        1181.556   -1282.393             198             198
  173        -921.898    1068.230        -921.830    1068.221             173             173
  140        -718.390    1571.452        -718.340    1571.471             140             140
    8        1324.886     -54.937        1324.883     -54.998               8               8
    6        -401.224    1328.380        -401.162    1328.388               6               6
  184        1672.966    1042.572        1673.028    1042.521             184             184
   41         300.462    -428.738         300.494    -428.738              41              41
   36        -626.762     238.268        -626.712     238.287              36              36
    1        -701.792     983.237        -701.732     983.276               1               1
  182        -715.656    -442.851        -715.689    -442.815             182             182
  218        1337.833     929.466        1337.875     929.406             218             218
  138         342.575     136.149         342.614     136.143             138             138
   33         260.125    1376.407         260.235    1376.430              33              33
  215       -1974.797    -806.496       -1974.827    -806.345             215             215
   32         447.923   -2408.175         447.781   -2408.203              32              32
   68         406.821     -44.382         406.809     -44.445              68              68
  228        1536.637   -1256.386        1536.600   -1256.528             228             228
  196        -620.383    2144.783        -620.240    2144.754             196             196
   13         103.886    1156.885         103.951    1156.884              13              13
   33        1061.347    -432.707        1061.362    -432.769              33              33
  228       -1129.403     452.867       -1129.339     452.887             228             228
   32        -972.531    1673.414        -972.454    1673.450              32              32
  249         232.604     650.100         232.609     650.093             249             249
  243         935.699    1026.034         935.747    1025.989             243             243
  174         450.867     856.322         450.917     856.314             174             174
  228        1623.316     961.268        1623.406     961.204             228             228
  106        -547.883     981.524        -547.779     981.601             106             106
  148        -206.983     374.418        -206.953     374.501             148             148
  208        1677.034   -1985.731        1676.971   -1985.812             208             208
   77       -1471.758    1141.844       -1471.625    1141.914              77              77
   24       -2545.677     357.674       -2545.711     357.851              24              24
  151        2642.615   -1075.670        2642.492   -1075.838             151             151
  251         932.338    2367.329         932.501    2367.289             251             251
  165        1496.842    -724.737        1496.854    -724.766             165             165
  159        -301.415   -1380.893        -301.426   -1380.889             159             159
    1        -748.653     596.535        -748.591     596.533               1               1
   93          42.785    1640.199          42.877    1640.199              93              93
  201        1547.325     610.760        1547.386     610.708             201             201
   38         355.887      72.016         355.948      72.043              38              38
   95         618.441   -1059.958         618.440   -1059.991              95              95
  127        -905.862     700.495        -905.769     700.541             127             127
    0         456.508     137.724         456.542     137.700              -0               0
  233         351.121     156.931         351.181     156.899             233             233
  161        -315.686    1068.782        -315.574    1068.803             161             161
  216         547.976    1085.141         548.086    1085.144             216             216
   10         353.274     419.452         353.360     419.489              10              10
  229         620.702    -532.660         620.755    -532.675             229             229
  188       -1072.246    1641.664       -1072.052    1641.790             188             188
  206         135.245    -199.948         135.298    -199.848             206             206
  243        -614.908   -2067.556        -614.962   -2067.470             243             243
  222       -1895.274    -578.493       -1895.260    -578.385             222             222
  179       -1274.062    -417.736       -1274.091    -417.690             179             179
   19       -1080.774    1274.549       -1080.705    1274.603              19              19
  216       -1236.547     600.288       -1236.584     600.394             216             216
  167        1559.520    1208.867        1559.534    1208.800             167             167
  193        2294.965    -254.686        2294.999    -254.806             193             193
  189        -613.895    1041.519        -613.719    1041.620             189             189
   18       -1326.756    1206.742       -1326.655    1206.992              18              18
   86         896.868   -2969.806         896.638   -2969.765              86              86
  142         245.929    -421.191         245.931    -421.173             142             142
   95         819.084   -2804.560         818.931   -2804.646              95              95
  110        -752.316    1463.129        -752.139    1463.171             110             110
   37         851.514   -2452.681         851.399   -2452.748              37              37
   91       -1551.030    -125.418       -1550.968    -125.373              91              91
   19         -30.753     733.351         -30.657     733.341              19              19
  197        -969.885   -1604.991        -969.979   -1604.945             197             197
   92           7.814     256.639           7.864     256.560              92              92
  113        -653.023    -232.964        -653.000    -233.000             113             113
  142        -690.687    1897.589        -690.512    1897.583             142             142
  131         519.364    1332.083         519.527    1332.050             131             131
  208       -1375.230    1967.629       -1374.996    1967.849             208             208
   14       -2008.863   -1356.275       -2009.016   -1355.983              14              14
  132        1176.385   -1763.053        1176.205   -1763.149             132             132
  186        -107.171   -1454.016        -107.238   -1454.114             186             186
  175       -1138.490     704.417       -1138.384     704.363             175             175
   93       -1411.419    2306.949       -1411.229    2306.983              93              93
  196        -983.794    3586.417        -983.551    3586.581             196             196
  148         515.327     255.018         515.269     255.141             148             148
   26        1416.941    -743.664        1416.877    -743.694              26              26
  147         192.080    -345.518         192.109    -345.507             147             147
  136         289.877    1448.292         290.094    1448.350             136             136
  248       -1061.584   -1411.276       -1061.624   -1411.085             248             248
   70       -1734.562     267.813       -1734.511     268.037              70              70
  156       -1937.313   -1593.808       -1937.543   -1593.576             156             156
  209         683.849    -557.086         683.700    -557.155             209             209
  238         840.013    -860.138         839.940    -860.243             238             238
   94       -1689.645     335.825       -1689.650     335.976              94              94
  142        1295.497   -1515.298        1295.277   -1515.459             142             142
    0        1605.130     109.677        1605.202     109.418              -0              -0
  180       -1211.355    1115.757       -1211.184    1115.812             180             180
   29         259.586    1305.291         259.725    1305.279              29              29
   95         112.877     690.569         112.996     690.630              95              95
   34        -457.237    -221.043        -457.204    -220.908              34              34
   66        -522.374   -1990.617        -522.531   -1990.579              66              66
  187        -350.705     -97.880        -350.663     -97.975             187             187
   54       -1390.767    2674.007       -1390.467    2674.120              54              54
    8        -853.587     825.885        -853.511     826.079               8               8
   24       -1450.542     -96.547       -1450.601     -96.281              24              24
  167        -332.521   -1111.660        -332.711   -1111.553             167             167
  150        -834.776   -1303.656        -835.011   -1303.578             150             150
  155        1197.874   -1091.590        1197.693   -1091.822             155             155
  120         448.385    1569.883         448.588    1569.763             120             120
  164       -1600.536    -124.875       -1600.563    -124.721             164             164
   31         -19.347     132.693         -19.419     132.617              31              31
   50         844.027    2402.033         844.267    2401.937              50              50
   84        -738.911    1414.608        -738.751    1414.840              84              84
  124       -1000.311   -1195.203       -1000.518   -1194.950             124             124
  247         907.697   -1741.064         907.438   -1741.150             247             247
  233        -128.533   -1603.139        -128.729   -1603.276             233             233
  150        -341.640    2488.038        -341.428    2487.966             150             150
  138         905.511     561.259         905.528     561.178             138             138
  113         286.793     352.343         286.841     352.301             113             113
  143         336.111    1193.083         336.295    1193.062             143             143
  209       -1968.002     346.120       -1967.971     346.392             209             209
   13       -1140.440    -325.966       -1140.628    -325.849              13              13
   96          41.607    1353.514          41.547    1353.487              96              96
  192        2054.160    1257.550        2054.162    1257.362             192             192
  107         740.239    1025.608         740.272    1025.611             107             107
  239        2488.171    1274.621        2488.290    1274.503             239             239
  192        1454.120   -2283.068        1453.941   -2283.175             192             192
   31         279.993    1262.485         280.230    1262.396              31              31
   12         428.560    2162.885         428.893    2162.917              12              12
   32        -993.546    1587.236        -993.354    1587.591              32              32
   66        1070.221    -964.839        1070.080    -964.729              66              66
   79          79.844    -202.221          79.818    -202.033              79              79
  219         926.527   -2784.616         926.180   -2784.661             219             219
  120        1105.954    1613.446        1106.178    1613.376             120             120
   87        1484.468   -1668.967        1484.380   -1669.017              87              87
  243         -91.890     -25.708         -91.741     -25.600             243             243
   32        -800.836   -1843.284        -800.989   -1843.096              32              32
  238         140.400   -1619.824         140.229   -1619.868             238             238
  142         373.080    -282.908         373.117    -282.999             142             142
  152       -1625.246    -821.166       -1625.375    -820.996             152             152
  147        1952.181    -583.231        1952.063    -583.559             147             147
  174        1364.227     871.534        1364.472     871.329             174             174
  202        -739.309    -851.492        -739.291    -851.426             202             202
  231         364.600    1147.689         364.829    1147.627             231             231
   42          57.814    -312.873          57.895    -312.834              42              42
  194        -368.596    -815.032        -368.574    -815.034             194             194
  208       -1074.944    1600.544       -1074.660    1600.676             208             208
  193        -196.303    -437.147        -196.315    -437.075             193             193
   77        -124.850     633.113        -124.672     633.147              77              77
   66       -1287.610    1117.269       -1287.380    1117.567              66              66
   81       -1492.923   -1232.503       -1493.092   -1232.164              81              81
   31        -993.921   -1167.206        -994.166   -1167.054              31              31
   79         533.823    -325.873         533.730    -325.957              79              79
  177        -708.858    -827.302        -708.980    -827.265             177             177
  223        -599.612    1906.786        -599.431    1906.930             223             223
  187          68.218   -2708.861          67.746   -2708.813             187             187
  161         859.525    -448.713         859.398    -448.953             161             161
  159        1099.536    -235.252        1099.534    -235.538             159             159
  219         441.063     471.864         441.246     471.633             219             219
  173       -1970.032    2842.901       -1969.639    2843.137             173             173
  191         509.037    1063.026         509.057    1063.073             191             191
   29        2588.445    1476.759        2588.731    1476.601              29              29
  253        -896.522    -818.841        -896.445    -818.500             253             253
  154       -1091.620    -699.475       -1091.640    -699.205             154             154
  150       -1772.886       2.661       -1772.949       3.044             150             150
   84         429.628   -1308.267         429.325   -1308.191              84              84
  142         743.391   -1684.238         743.138   -1684.298             142             142
  183        -293.662   -2212.317        -293.966   -2212.396             183             183
   67        -206.385     710.943        -206.324     710.829              67              67
   28         493.202     -19.901         493.165     -20.019              28              28
   79         157.184      92.749         157.173      92.684              79              79
  214        1158.729     276.097        1158.800     275.905             214             214
  202         -91.034     353.300         -90.907     353.321             202             202
   26          18.917     597.680          19.045     597.759              26              26
  190         100.358    -665.727         100.302    -665.615             190             190
  245        -137.382   -2624.757        -137.733   -2624.793             245             245
  220          53.547     267.224          53.631     267.057             220             220
  143       -1220.908    -627.860       -1221.056    -627.827             143             143
  183        1681.745     887.413        1681.841     886.998             183             183
   41        -506.647     816.192        -506.528     816.155              41              41
  209        2290.701    2256.632        2291.091    2256.300             209             209
    8         698.749     267.689         699.017     267.697               8               8
   72        -378.683      61.564        -378.423      61.683              72              72
   33       -2159.842     281.329       -2159.686     281.703              33              33
  186       -1576.267     705.490       -1576.292     705.844             186             186
   39        2862.524   -1872.290        2862.255   -1872.721              39              39
  221       -1449.071     949.094       -1448.768     949.235             221             221
   91        -316.733     842.484        -316.585     842.567              91              91
  199          57.597     447.174          57.698     447.265             199             199
  184         214.543   -1117.954         214.440   -1117.981             184             184
    9         152.673    1480.246         153.053    1480.235               9               9
  134       -1639.993    -415.513       -1639.973    -415.171             134             134
  214        -471.325    -109.522        -471.366    -109.449             214             214
    6         310.277     881.451         310.447     881.435               6               6
   33        -492.216     564.045        -492.059     564.249              33              33
  109        -230.812      80.971        -230.742      81.210             109             109
   91        -405.977   -3191.959        -406.413   -3191.925              91              91
  175       -1277.128    1885.623       -1276.820    1885.726             175             175
   36         752.593    -834.256         752.488    -834.392              36              36
  158        -678.050    1793.283        -677.635    1793.414             158             158
  204        -959.572    -545.309        -959.583    -545.065             204             204
  115       -1020.577     810.999       -1020.403     811.233             115             115
  117       -1160.000      -0.329       -1160.000       0.000             117             117
  151       -1020.222    -811.475       -1020.400    -811.237             151             151
  141        -959.595     544.815        -959.584     545.064             141             141
   51        -677.203   -1793.551        -677.630   -1793.416              51              51
  141         752.378     834.538         752.487     834.395             141             141
  105       -1276.489   -1885.839       -1276.813   -1885.730             105             105
  194        -406.881    3191.887        -406.420    3191.924             194             194
   68        -230.664     -81.462        -230.740     -81.210              68              68
  147        -491.889    -564.468        -492.057    -564.250             147             147
  148         310.637    -881.415         310.451    -881.433             148             148
   77        -471.411     109.364        -471.366     109.445              77              77
  219       -1639.955     414.791       -1639.975     415.166             219             219
  182         153.476   -1480.222         153.057   -1480.235             182             182
    7         214.325    1118.011         214.440    1117.981               7               7
    3          57.813    -447.367          57.700    -447.266               3               3
  147        -316.413    -842.660        -316.581    -842.567             147             147
   99       -1448.423    -949.396       -1448.767    -949.236              99              99
  202        2861.940    1873.229        2862.250    1872.730             202             202
   75       -1576.317    -706.259       -1576.290    -705.849              75              75
  109       -2159.505    -282.144       -2159.686    -281.709             109             109
   81        -378.122     -61.823        -378.425     -61.683              81              81
   34         699.336    -267.706         699.019    -267.697              34              34
  116        2291.562   -2255.902        2291.097   -2256.297             116             116
  115        -506.383    -816.112        -506.526    -816.156             115             115
  143        1681.959    -886.494        1681.842    -886.995             143             143
  207       -1221.239     627.784       -1221.058     627.825             207             207
   34          53.734    -266.851          53.631    -267.055              34              34
  179        -138.175    2624.836        -137.739    2624.791             179             179
  110         100.232     665.475         100.301     665.616             110             110
  239          19.210    -597.858          19.048    -597.760             239             239
   39         -90.746    -353.347         -90.906    -353.321              39              39
  228        1158.892    -275.655        1158.801    -275.900             228             228
  134         157.160     -92.598         157.173     -92.683             134             134
  181         493.116      20.176         493.164      20.022             181             181
   23        -206.239    -710.681        -206.321    -710.829              23              23
   19        -294.375    2212.497        -293.972    2212.394              19              19
   31         742.796    1684.379         743.134    1684.299              31              31
  218         428.914    1308.090         429.322    1308.191             218             218
   88       -1773.034      -3.566       -1772.948      -3.048              88              88
  178       -1091.667     698.834       -1091.641     699.202             178             178
  111        -896.342     818.031        -896.447     818.498             111             111
  165        2589.132   -1476.372        2588.735   -1476.595             165             165
  142         509.090   -1063.138         509.060   -1063.073             142             142
   37       -1969.077   -2843.478       -1969.631   -2843.144              37              37
  173         441.507    -471.304         441.247    -471.631             173             173
  146        1099.529     235.950        1099.533     235.541             146             146
  185         859.216     449.300         859.399     448.955             185             185
   16          67.055    2708.744          67.738    2708.814              16              16
   93        -599.161   -1907.142        -599.427   -1906.931              93              93
    4        -709.166     827.206        -708.984     827.262               4               4
  125         533.589     326.084         533.728     325.959             125             125
  174        -994.534    1166.818        -994.168    1167.049             174             174
   39       -1493.352    1231.648       -1493.096    1232.161              39              39
  241       -1287.023   -1118.029       -1287.375   -1117.572             241             241
   34        -124.398    -633.200        -124.670    -633.148              34              34
  182        -196.335     436.964        -196.316     437.073             182             182
  193       -1074.215   -1600.884       -1074.658   -1600.678             193             193
   69        -368.541     815.035        -368.576     815.033              69              69
  106          58.022     312.776          57.894     312.836             106             106
   48         365.199   -1147.528         364.834   -1147.628              48              48
   52        -739.261     851.318        -739.292     851.425              52              52
  146        1364.873    -870.993        1364.475    -871.326             146             146
   20        1951.870     584.101        1952.062     583.564              20              20
  187       -1625.589     820.713       -1625.377     820.991             187             187
   71         373.179     283.149         373.117     282.998              71              71
   44         139.932    1619.941         140.225    1619.868              44              44
  206        -801.257    1842.773        -800.994    1843.094             206             206
  102         -91.484      25.411         -91.740      25.597             102             102
    6        1484.222    1669.106        1484.377    1669.019               6               6
   39        1106.577   -1613.248        1106.183   -1613.373              39              39
   25         925.561    2784.742         926.173    2784.662              25              25
  118          79.773     201.702          79.819     202.033             118             118
  205        1069.828     964.538        1070.079     964.731             205             205
  167        -993.000   -1588.233        -993.349   -1587.593             167             167
  155         429.504   -2162.976         428.897   -2162.918             155             155
  122         280.670   -1262.233         280.236   -1262.396             122             122
   57        1453.604    2283.375        1453.937    2283.177              57              57
   85        2488.515   -1274.273        2488.292   -1274.497              85              85
  139         740.336   -1025.614         740.273   -1025.610             139             139
  151        2054.169   -1257.000        2054.165   -1257.357             151             151
   90          41.436   -1353.434          41.549   -1353.486              90              90
    9       -1140.996     325.619       -1140.631     325.847               9               9
   70       -1967.909    -346.929       -1967.971    -346.397              70              70
  129         336.664   -1193.021         336.299   -1193.062             129             129
  251         286.936    -352.223         286.841    -352.303             251             251
  104         905.565    -561.010         905.530    -561.174             104             104
   56        -340.995   -2487.823        -341.423   -2487.968              56              56
  188        -129.132    1603.553        -128.734    1603.275             188             188
  173         906.903    1741.326         907.435    1741.151             173             173
  163       -1000.951    1194.421       -1000.522    1194.947             163             163
  236        -738.413   -1415.323        -738.748   -1414.840             236             236
  225         844.779   -2401.733         844.274   -2401.934             225             225
   53         -19.570    -132.461         -19.419    -132.619              53              53
    1       -1600.619     124.387       -1600.564     124.718               1               1
  156         449.029   -1569.503         448.591   -1569.762             156             156
  125        1197.294    1092.331        1197.689    1091.825             125             125
   45        -835.530    1303.407        -835.012    1303.578              45              45
  107        -333.138    1111.313        -332.714    1111.552             107             107
  228       -1450.733      95.682       -1450.601      96.280             228             228
   52        -853.335    -826.522        -853.509    -826.082              52              52
  147       -1389.776   -2674.384       -1390.462   -2674.124             147             147
  253        -350.567      98.193        -350.663      97.975             253             253
  170        -522.904    1990.487        -522.536    1990.578             170             170
   96        -457.125     220.591        -457.204     220.907              96              96
  165         113.279    -690.776         112.997    -690.631             165             165
   70         260.066   -1305.248         259.728   -1305.278              70              70
  218       -1210.765   -1115.947       -1211.180   -1115.814             218             218
  223        1605.377    -108.782        1605.202    -109.414             223             223
  155        1294.733    1515.861        1295.275    1515.463             155             155
  101       -1689.662    -336.359       -1689.649    -335.981             101             101
  118         839.750     860.509         839.937     860.245             118             118
  245         683.319     557.330         683.696     557.155             245             245
  111       -1938.136    1592.982       -1937.545    1593.575             111             111
  188       -1734.377    -268.625       -1734.510    -268.042             188             188
  118       -1061.730    1410.586       -1061.626    1411.084             118             118
  106         290.675   -1448.500         290.099   -1448.350             106             106
   36         192.186     345.477         192.108     345.506              36              36
  175        1416.703     743.781        1416.876     743.699             175             175
   38         515.116    -255.471         515.270    -255.140              38              38
  210        -982.876   -3587.034        -983.542   -3586.585             210             210
   82       -1410.700   -2307.079       -1411.225   -2306.985              82              82
   19       -1138.085    -704.216       -1138.382    -704.365              19              19
  179        -107.430    1454.389        -107.241    1454.115             179             179
  136        1175.683    1763.427        1176.199    1763.152             136             136
   20       -2009.459    1355.139       -2009.019    1355.978              20              20
   80       -1374.307   -1968.492       -1374.990   -1967.852              80              80
    5         520.009   -1331.951         519.528   -1332.049               5               5
   65        -689.989   -1897.564        -690.507   -1897.584              65              65
  188        -652.932     233.109        -653.000     233.000             188             188
  234           8.024    -256.313           7.867    -256.557             234             234
  118        -970.275    1604.796        -969.982    1604.942             118             118
   79         -30.349    -733.306         -30.654    -733.338              79              79
  231       -1550.772     125.219       -1550.967     125.369             231             231
   32         851.015    2452.969         851.392    2452.752              32              32
  175        -751.564   -1463.316        -752.136   -1463.175             175             175
  141         818.425    2804.937         818.925    2804.650             141             141
  102         245.935     421.117         245.931     421.174             102             102
  138         895.858    2969.639         896.631    2969.767             138             138
  108       -1326.304   -1207.838       -1326.651   -1206.995             108             108
    2        -613.118   -1041.965        -613.717   -1041.623               2               2
  240        2295.113     255.222        2294.999     254.809             240             240
  226        1559.589   -1208.561        1559.537   -1208.797             226             226
  247       -1236.711    -600.768       -1236.583    -600.396             247             247
   95       -1080.458   -1274.795       -1080.702   -1274.605              95              95
  159       -1274.197     417.523       -1274.092     417.689             159             159
  110       -1895.215     577.974       -1895.261     578.379             110             110
  201        -615.166    2067.148        -614.965    2067.467             201             201
  196         135.494     199.478         135.299     199.849             196             196
   30       -1071.316   -1642.269       -1072.049   -1641.793              30              30
  240         620.954     532.732         620.754     532.676             240             240
  150         353.695    -419.630         353.362    -419.488             150             150
  112         548.521   -1085.149         548.089   -1085.142             112             112
    3        -315.131   -1068.887        -315.573   -1068.803               3               3
   74         351.418    -156.765         351.181    -156.898              74              74
  249         456.679    -137.600         456.543    -137.699             249             249
   24        -905.385    -700.738        -905.767    -700.545              24              24
  155         618.437    1060.129         618.440    1059.992             155             155
  255         356.203     -72.154         355.948     -72.041             255             255
   90        1547.640    -610.483        1547.386    -610.705              90              90
   87          43.276   -1640.199          42.881   -1640.199              87              87
  233        -748.321    -596.529        -748.591    -596.534             233             233
  208        -301.491    1380.864        -301.430    1380.887             208             208
  167        1496.908     724.900        1496.854     724.769             167             167
  209         933.256   -2367.096         932.508   -2367.285             209             209
  240        2641.930    1076.622        2642.491    1075.843             240             240
   86       -2545.863    -358.693       -2545.709    -357.858              86              86
   94       -1470.991   -1142.249       -1471.622   -1141.917              94              94
   87        1676.658    1986.210        1676.966    1985.817              87              87
  225        -206.807    -374.902        -206.952    -374.502             225             225
  202        -547.261    -981.985        -547.777    -981.603             202             202
   90        1623.861    -960.877        1623.409    -961.201              90              90
  209         451.178    -856.267         450.920    -856.312             209             209
  173         935.992   -1025.756         935.748   -1025.987             173             173
   82         232.638    -650.054         232.611    -650.092              82              82
   48        -972.041   -1673.639        -972.450   -1673.452              48              48
   77       -1128.993    -452.994       -1129.338    -452.889              77              77
  192        1061.447     433.111        1061.363     432.771             192             192
  250         104.326   -1156.880         103.957   -1156.884             250             250
   17        -619.433   -2144.598        -620.235   -2144.756              17              17
  223        1536.384    1257.350        1536.598    1256.533             223             223
  234         406.737      44.806         406.808      44.445             234             234
  167         446.940    2408.368         447.776    2408.204             167             167
   80       -1975.006     805.439       -1974.828     806.341              80              80
  237         260.909   -1376.567         260.239   -1376.429             237             237
  242         342.850    -136.101         342.614    -136.142             242             242
   73        1338.138    -929.020        1337.876    -929.402              73              73
    6        -715.898     442.578        -715.690     442.813               6               6
  141        -701.341    -983.530        -701.729    -983.278             141             141
   73        -626.384    -238.417        -626.711    -238.289              73              73
   96         300.706     428.734         300.493     428.738              96              96
  229        1673.445   -1042.171        1673.029   -1042.517             229             229
   50        -400.728   -1328.444        -401.158   -1328.388              50              50
   48        1324.863      55.432        1324.883      54.999              48              48
  140        -717.955   -1571.614        -718.335   -1571.472             140             140
    4        -921.318   -1068.164        -921.827   -1068.223               4               4
   33        1181.338    1282.911        1181.552    1282.398              33              33
  227         386.201    -958.846         386.003    -958.972             227             227
   99        -991.322   -1243.584        -991.656   -1243.588              99              99
  121       -1133.322    1070.783       -1133.195    1070.854             121             121
  196        -636.275    -318.701        -636.724    -318.645             196             196
   45          92.515    -228.203          92.061    -228.514              45              45
  211        -245.325    1560.489        -245.341    1560.421             211             211
  150        1885.379    -519.334        1884.818    -519.979             150             150
  219        1372.861     554.606        1372.882     553.944             219             219
   37         985.168    2393.198         985.834    2392.954              37              37
  199         590.132    -258.093         590.023    -258.037             199             199
   40        -245.034     109.851        -245.234     110.034              40              40
  230        2907.897     142.560        2907.851     141.856             230             230
  193        1201.628   -1609.168        1201.454   -1609.566             193             193
   58        -346.972    1136.715        -346.386    1136.774              58              58
  197         269.271   -1691.131         268.900   -1691.338             197             197
  171         147.158    2055.338         148.008    2055.178             171             171
  225       -1442.368     -40.157       -1442.310     -39.541             225             225
   21         351.067     -97.440         351.017     -97.409              21              21
  153        -113.396    -945.102        -113.518    -945.023             153             153
  212       -1753.992    -865.385       -1754.209    -865.019             212             212
   95       -1005.492     236.581       -1005.559     236.634              95              95
  160       -1919.770    1360.600       -1919.714    1361.154             160             160
   97          -5.941    -304.047          -6.544    -303.990              97              97
  168        -396.302     357.629        -396.770     357.723             168             168
    0        3073.782     899.540        3073.802     898.724               0              -0
   70        -454.852    -309.116        -454.953    -308.708              70              70
  219        1266.075   -1908.750        1265.453   -1909.148             219             219
   49         -40.377    -310.324         -40.331    -310.575              49              49
  211        -705.831     591.119        -705.571     591.205             211             211
  224        -770.001   -1017.116        -770.276   -1017.119             224             224
   83       -3191.613    1893.535       -3191.384    1894.337              83              83
  182         180.837     377.551         180.275     377.542             182             182
   67         501.702      53.832         501.199      53.600              67              67
  204        1736.318    1624.837        1736.621    1624.326             204             204
  122        -672.076     250.056        -672.070     250.444             122             122
  113        -893.481     983.815        -893.526     984.339             113             113
  160         845.158      57.354         844.851      57.496             160             160
   16        -822.363   -2014.368        -823.304   -2013.946              16              16
   76         112.400    -494.359         111.814    -494.519              76              76
  197         265.600    -828.776         264.976    -829.161             197             197
  215        -656.422    2242.124        -656.176    2242.169             215             215
  117         530.473    1832.653         530.426    1832.888             117             117
  172        2951.079   -1266.877        2950.480   -1267.381             172             172
  153        -765.864   -1358.615        -766.206   -1358.330             153             153
  175       -1780.475     777.343       -1780.532     777.984             175             175
  114        -912.415    -704.779        -913.290    -704.264             114             114
   69         239.652   -1387.454         238.522   -1387.533              69              69
  145        -212.871    -349.141        -213.679    -349.248             145             145
  136         563.892     711.686         563.391     711.465             136             136
  223         360.417    -150.857         359.623    -150.877             223             223
  102        1369.081    -319.680        1368.314    -320.090             102             102
  231         526.643     563.568         526.312     563.535             231             231
  127       -1190.411    -390.888       -1191.336    -390.182             127             127
  199         511.035   -2323.539         509.195   -2323.670             199             199
  144         313.145      98.926         312.004      98.722             144             144
  127        1419.176    -810.608        1417.709    -811.014             127             127
   14        -155.537   -2043.703        -157.562   -2043.848              14              14
  108       -1309.078     447.730       -1311.039     447.968             108             108
  177       -1290.031   -2216.937       -1294.367   -2216.767             177             177
  225         615.331    -194.148         608.172    -194.871             225             225
