SINAL     NFT                         FFT                         NFT INVERSA     FFT INVERSA
-----     -----------------------     -----------------------     -----------     -----------
   78       65170.000       0.000       65170.000       0.000              78              78
    1       -1459.977     714.175       -1459.963     714.176               1               1
   41       -1121.641    -430.365       -1121.629    -430.364              41              41
   30        1703.044     943.886        1703.058     943.883              30              30
  238         394.455     952.755         394.472     952.757             238             238
    1        -114.869    -664.250        -114.855    -664.247               1               1
  174       -2032.211    -641.865       -2032.199    -641.855             174             174
  112        -155.202   -1565.755        -155.198   -1565.753             112             112
  249         851.567    -751.907         851.575    -751.911             249             249
   83          74.966   -1566.267          74.974   -1566.269              83              83
  207       -1461.143    -875.291       -1461.137    -875.287             207             207
  188        1323.812    -611.096        1323.820    -611.111             188             188
  237         470.843    1131.000         470.871    1130.992             237             237
   93        -766.233    -421.177        -766.217    -421.172              93              93
   56       -1331.074    -144.307       -1331.061    -144.299              56              56
  244        -197.479     200.545        -197.468     200.546             244             244
  218         531.695   -1234.817         531.697   -1234.829             218             218
  238         233.758    1889.170         233.801    1889.165             238             238
   22       -2171.122    -679.592       -2171.112    -679.562              22              22
   99        -587.264    -734.636        -587.265    -734.629              99              99
    4        -343.826    -671.674        -343.825    -671.673               4               4
  170        -198.551    -999.650        -198.555    -999.654             170             170
  236         432.875   -1155.826         432.877   -1155.846             236             236
   54        -863.248    -970.956        -863.242    -970.971              54              54
   50        -976.788    1695.174        -976.749    1695.164              50              50
    3       -1048.630     718.481       -1048.607     718.484               3               3
  221       -2444.173    1125.371       -2444.161    1125.398             221             221
  165         431.292    1416.222         431.297    1416.213             165             165
  179        1840.949     769.528        1840.966     769.502             179             179
  183         300.252     240.959         300.275     240.961             183             183
  117          14.942    -338.356          14.960    -338.352             117             117
    2       -1380.106    -518.699       -1380.102    -518.680               2               2
  185        -314.587     461.997        -314.574     461.994             185             185
  159        -836.034   -1199.795        -836.060   -1199.801             159             159
   32          53.502    2320.222          53.545    2320.197              32              32
  168        1405.992    1757.638        1406.044    1757.614             168             168
  161       -1553.854     313.758       -1553.832     313.808             161             161
  207       -1324.331    -317.804       -1324.362    -317.775             207             207
   24        2980.239    1962.540        2980.279    1962.477              24              24
  154        1079.008     120.214        1079.048     120.216             154             154
   34        -878.286    -765.990        -878.271    -765.949              34              34
  232        -784.017    -877.319        -784.016    -877.292             232             232
   87       -2247.668   -1755.390       -2247.721   -1755.352              87              87
   15         214.551    1121.808         214.553    1121.778              15              15
   69        1806.610     220.654        1806.618     220.601              69              69
  143         103.803   -1530.970         103.781   -1531.004             143             143
    3         437.901    3000.263         438.016    3000.228               3               3
   32       -1499.337     426.855       -1499.306     426.919              32              32
  126        -600.755    -632.880        -600.783    -632.862             126             126
   26        1006.139    1323.851        1006.189    1323.824              26              26
  131       -1376.373   -1389.646       -1376.407   -1389.603             131             131
  131        -321.714     362.109        -321.719     362.088             131             131
  196        1410.330    1818.509        1410.394    1818.456             196             196
  111        -762.524     188.606        -762.501     188.644             111             111
  186        -541.274    -302.401        -541.290    -302.398             186             186
  247         921.036    2726.980         921.135    2726.954             247             247
  115        -962.301    1385.116        -962.244    1385.220             115             115
  152         534.307   -2628.379         534.214   -2628.353             152             152
  157        -914.006   -1126.051        -914.046   -1126.030             157             157
   38        -519.556    -346.498        -519.600    -346.504              38              38
   80        2127.031     754.071        2127.057     753.981              80              80
   18       -1317.822    -282.829       -1317.834    -282.775              18              18
   40        1989.184    -285.230        1989.170    -285.316              40              40
    9        -289.418    -505.264        -289.422    -505.280               9               9
  178        1812.273    1141.976        1812.356    1141.880             178             178
   73       -1764.725    -171.654       -1764.699    -171.596              73              73
  177         348.177    1758.302         348.257    1758.284             177             177
   83        -821.339     419.829        -821.313     419.895              83              83
   24        -418.762    -846.832        -418.819    -846.809              24              24
  202         989.385     995.902         989.424     995.858             202             202
  237        -280.395     406.887        -280.368     406.928             237             237
   58         -24.533    -442.487         -24.555    -442.458              58              58
  178        -653.010    -787.869        -653.077    -787.829             178             178
   69        1692.062    -642.186        1692.003    -642.270              69              69
   74        1827.267    -536.687        1827.268    -536.789              74              74
  248         110.826    -750.531         110.829    -750.569             248             248
  213        1358.010     635.553        1358.095     635.456             213             213
   78        -875.150     -37.847        -875.085     -37.811              78              78
   24       -1695.549    -634.919       -1695.575    -634.853              24              24
   83         674.216    -849.272         674.161    -849.355              83              83
  104         -55.082    -334.988         -55.102    -335.072             104             104
  156        2232.732    1522.292        2232.854    1522.093             156             156
  215        -568.831    2225.306        -568.621    2225.313             215             215
   45       -1800.549     931.060       -1800.452     931.179              45              45
   11       -1558.358   -1861.976       -1558.467   -1861.941              11              11
  145       -1145.583    2406.153       -1145.507    2406.135             145             145
   36        1351.363    1444.474        1351.407    1444.364              36              36
  126         238.469    2914.954         238.634    2914.944             126             126
   42         282.852    1232.968         282.922    1232.991              42              42
  193        1567.621    1582.766        1567.763    1582.722             193             193
  165       -2519.614    1213.522       -2519.523    1213.741             165             165
  122        1303.588   -1120.295        1303.513   -1120.346             122             122
  212        -919.887    2086.738        -919.750    2086.789             212             212
  206        -129.104    2247.474        -128.996    2247.556             206             206
  131        1419.459     805.226        1419.520     805.254             131             131
  134        -427.277     615.345        -427.201     615.496             134             134
   23         -19.021    -409.935         -19.026    -409.793              23              23
   53         203.669   -2803.030         203.535   -2802.977              53              53
  218       -1844.402    -135.820       -1844.410    -135.695             218             218
   48         746.771     299.705         746.770     299.724              48              48
    0        -669.981   -2389.068        -670.144   -2388.985              -0               0
  200         681.661    -471.730         681.611    -471.785             200             200
  107        1615.760     157.043        1615.829     156.973             107             107
  179       -1784.478   -1985.270       -1784.548   -1985.112             179             179
   13        -622.789   -3304.899        -623.012   -3304.940              13              13
  181        -587.223    1027.597        -587.170    1027.527             181             181
  172         659.755    -503.542         659.733    -503.653             172             172
  226       -1580.833      32.323       -1580.829      32.338             226             226
    4         231.975    1140.503         232.026    1140.397               4               4
  196        -326.010    2388.428        -325.854    2388.436             196             196
   54        -115.156     827.623        -115.110     827.684              54              54
  108        -445.619    -964.614        -445.707    -964.578             108             108
   97         221.872    1019.367         221.927    1019.322              97              97
   13        -217.212     898.323        -217.153     898.346              13              13
  154        -712.949    1177.534        -712.896    1177.637             154             154
  108         459.879    -511.998         459.799    -511.978             108             108
  159         912.124     -95.342         912.135     -95.391             159             159
  190       -1867.253     -22.108       -1867.266     -21.945             190             190
  235          99.369   -1316.309          99.196   -1316.342             235             235
  201         399.017     670.991         399.020     670.897             201             201
  128        -222.951    1495.010        -222.894    1495.025             128             128
  145        1316.690     519.254        1316.690     519.205             145             145
   68         222.581   -1318.716         222.481   -1318.742              68              68
   84        -656.600    1556.490        -656.516    1556.516              84              84
   95         -76.164     858.999         -76.195     859.053              95              95
  199        1711.781      86.537        1711.702      86.465             199             199
  219        1602.951    -886.961        1602.853    -887.061             219             219
  119        1739.546     -99.840        1739.567     -99.984             119             119
  253         459.015    -712.926         459.000    -713.000             253             253
  182         705.090     637.461         705.171     637.345             182             182
  168         748.997    1073.513         749.121    1073.428             168             168
  253        1436.029    1665.161        1436.262    1665.097             253             253
  126       -1383.931   -1358.859       -1383.970   -1358.712             126             126
   19        -370.762    1474.690        -370.638    1474.719              19              19
  176        -110.734     -72.537        -110.759     -72.500             176             176
  139         681.198     974.171         681.290     974.127             139             139
  201        -917.154    1795.591        -917.007    1795.780             201             201
   92         406.737   -1034.236         406.595   -1034.147              92              92
  110          12.456    -445.939          12.356    -445.874             110             110
  205        1252.654    -612.319        1252.545    -612.386             205             205
   33         868.364     289.163         868.358     289.158              33              33
  164        2172.276   -1747.635        2172.137   -1747.770             164             164
   58         443.619   -1173.420         443.573   -1173.466              58              58
  130         504.207   -1017.418         504.135   -1017.500             130             130
  178        1481.525    -450.847        1481.536    -451.022             178             178
  212          24.890   -1555.850          24.806   -1555.932             212             212
  239         883.616    -266.572         883.638    -266.802             239             239
   82         -20.546    1521.265         -20.375    1521.181              82              82
  147        2173.666     114.901        2173.751     114.662             147             147
  219        -482.715    -313.221        -482.652    -313.270             219             219
   28        2091.838    2759.867        2092.242    2759.641              28              28
   19       -1869.101       0.590       -1868.958       0.852              19              19
  108        -797.869   -1576.270        -798.018   -1576.222             108             108
   96        1071.376      -5.249        1071.406      -5.496              96              96
  104        -154.181    1552.181        -153.949    1552.062             104             104
  203        -612.634    3389.870        -612.273    3389.943             203             203
   40        1282.036    1129.170        1282.204    1129.186              40              40
   67        -907.527   -1469.602        -907.610   -1469.475              67              67
   67         354.815    1799.410         355.025    1799.355              67              67
   37          88.678    1791.115          88.916    1791.230              37              37
  249        -663.598   -1122.290        -663.708   -1122.112             249             249
  235         977.269     638.151         977.318     638.113             235             235
   35        2223.883    -912.357        2223.895    -912.540              35              35
  120         654.213     524.095         654.513     524.061             120             120
  254       -2408.586    -581.481       -2408.469    -581.175             254             254
  211       -1868.617    -403.225       -1868.638    -403.005             211             211
    3        -981.252   -1326.711        -981.442   -1326.663               3               3
  200        -641.814     691.768        -641.836     691.739             200             200
   48        1186.154     824.702        1186.153     824.518              48              48
  114        2902.165    1563.655        2902.429    1563.351             114             114
  149        -790.623     -45.362        -790.463     -45.265             149             149
   82         -93.129    2531.879         -92.763    2531.962              82              82
   22         853.485     -54.096         853.650     -54.025              22              22
  207       -3136.874    -755.590       -3136.860    -755.150             207             207
  213        -686.961      48.869        -687.024      49.006             213             213
  201         795.121    -611.434         795.051    -611.475             201             201
  164       -1055.181    -163.806       -1055.207    -163.659             164             164
  197        1689.874    -269.286        1689.868    -269.446             197             197
   28        -533.637    -980.667        -533.669    -980.618              28              28
   55        1584.027    -112.837        1584.163    -113.083              55              55
  160       -1863.076     152.132       -1862.860     152.269             160             160
   56       -2386.083    1851.469       -2385.827    1851.741              56              56
   74       -1453.747     945.910       -1453.711     946.201              74              74
   12        -690.210    -663.083        -690.410    -662.883              12              12
  152         745.808    -929.618         745.612    -929.657             152             152
  178         478.516   -1564.597         478.315   -1564.719             178             178
  216           4.344     807.213           4.430     807.125             216             216
  192         696.038    -110.241         696.020    -110.386             192             192
  246         960.000    1867.943         960.293    1867.845             246             246
   27         462.084   -1454.236         462.054   -1454.282              27              27
  230       -1989.920     880.410       -1989.751     880.575             230             230
  239          24.258    1097.857          24.345    1097.856             239             239
    7         925.557     485.972         925.644     485.879               7               7
    9         164.147    1482.713         164.419    1482.789               9               9
  103         553.946   -1575.830         553.891   -1575.872             103             103
    6       -1192.609    3036.533       -1192.062    3036.784               6               6
  221       -2681.423   -2198.295       -2681.718   -2197.778             221             221
  107         490.883   -1774.610         490.573   -1774.747             107             107
  206         -63.798    1302.139         -63.641    1302.069             206             206
   14         745.573     616.784         745.698     616.755              14              14
  222         -59.752   -1803.412         -59.855   -1803.424             222             222
   99       -2211.039     774.405       -2210.910     774.596              99              99
   96         473.055     327.834         473.094     327.733              96              96
  245       -2530.317     323.251       -2530.362     323.540             245             245
   51        2372.633     104.297        2372.574     103.892              51              51
   54        -932.683    2053.975        -932.379    2054.057              54              54
  190         865.832    1152.345         865.978    1152.298             190             190
  215        1049.053     542.296        1049.241     542.224             215             215
  251        -155.659     784.447        -155.345     784.531             251             251
  218       -2559.145     819.370       -2558.943     819.803             218             218
   14        -805.713     930.251        -805.623     930.501              14              14
  156       -1130.901     166.912       -1130.954     167.255             156             156
   19         409.913   -1578.714         409.628   -1578.677              19              19
   89        -284.410    -441.994        -284.508    -442.005              89              89
  168        1099.238    2121.216        1099.559    2121.155             168             168
  171        -718.117   -1978.615        -718.328   -1978.406             171             171
   11          35.957    -170.148          35.959    -170.198              11              11
  129         301.259     710.097         301.451     710.069             129             129
  108       -1138.712    -412.893       -1138.681    -412.702             108             108
    1        -939.134     287.744        -939.081     287.895               1               1
  156        -606.293    -388.192        -606.368    -388.092             156             156
   82        -118.120    -155.293        -118.148    -155.308              82              82
  241        -252.885    -268.898        -252.902    -268.965             241             241
  163         -84.087    2052.568         -83.744    2052.537             163             163
   91         -63.004    1349.540         -62.692    1349.676              91              91
   89       -1162.378     624.197       -1162.135     624.601              89              89
  169       -2584.285   -2816.080       -2584.644   -2815.620             169             169
   57       -2707.066     -98.865       -2707.231     -98.567              57              57
  197         -68.538    -264.380         -68.753    -264.470             197             197
  119       -1214.249    1032.966       -1214.229    1033.080             119             119
   71         -52.150      25.595         -52.254      25.568              71              71
  163       -2359.914     590.935       -2360.014     591.230             163             163
  219        -315.720    -136.216        -316.096    -136.302             219             219
  168        1928.945    2780.845        1929.123    2780.475             168             168
  152        1437.316    1128.248        1437.446    1128.053             152             152
   14        -122.619    3610.437        -122.077    3610.659              14              14
  222        -222.294   -1449.303        -222.597   -1449.055             222             222
   87         505.692    1806.872         505.880    1806.917              87              87
  230         245.311    -383.600         245.180    -383.478             230             230
  218         544.709    1431.395         544.861    1431.489             218             218
   50        1159.390    -851.224        1159.279    -851.195              50              50
  245        -564.301   -1060.784        -564.433   -1060.658             245             245
  119          22.883     982.812          23.011     982.835             119             119
   69         121.465     345.599         121.532     345.696              69              69
   78       -1930.214    -557.334       -1930.437    -556.972              78              78
   31        2073.236     481.951        2073.189     481.617              31              31
  241        -685.383    1092.683        -685.224    1092.828             241             241
   90        -770.429    2148.320        -770.292    2148.656              90              90
  160        2457.289    -766.254        2457.008    -766.381             160             160
   93        1665.511    -716.866        1665.465    -717.021              93              93
   92         147.290     398.530         147.466     398.604              92              92
   61        -470.801    -345.585        -470.848    -345.406              61              61
  176        1041.136    -290.122        1041.107    -290.285             176             176
   77        -505.532    2678.402        -505.063    2678.659              77              77
  225         355.897   -1130.885         355.703   -1130.644             225             225
   12        -456.891   -1402.361        -457.176   -1402.201              12              12
  167        1580.000       0.280        1580.000       0.000             167             167
  139        -457.469    1402.033        -457.179    1402.197             139             139
   69         355.502    1130.400         355.700    1130.645              69              69
  109        -504.568   -2678.929        -505.053   -2678.663             109             109
    3        1041.077     290.457        1041.106     290.288               3               3
  141        -470.900     345.214        -470.850     345.402             141             141
   17         147.653    -398.681         147.467    -398.604              17              17
  222        1665.416     717.187        1665.465     717.023             222             222
   53        2456.705     766.522        2457.005     766.385              53              53
  169        -770.139   -2149.023        -770.288   -2148.661             169             169
  237        -685.050   -1092.988        -685.222   -1092.830             237             237
   20        2073.138    -481.248        2073.189    -481.613              20              20
    1       -1930.683     556.568       -1930.438     556.968               1               1
  212         121.607    -345.804         121.532    -345.698             212             212
  239          23.157    -982.858          23.013    -982.833             239             239
   51        -564.585    1060.513        -564.437    1060.654              51              51
  201        1159.149     851.164        1159.277     851.196             201             201
  102         545.041   -1431.597         544.865   -1431.490             102             102
  121         245.028     383.339         245.179     383.479             121             121
   23         506.102   -1806.968         505.883   -1806.917              23              23
  134        -222.956    1448.764        -222.599    1449.055             134             134
  106        -121.428   -3610.923        -122.070   -3610.661             106             106
  113        1437.603   -1127.818        1437.448   -1128.050             113             113
   38        1929.344   -2780.025        1929.130   -2780.470              38              38
  200        -316.548     136.406        -316.096     136.303             200             200
  205       -2360.136    -591.595       -2360.015    -591.235             205             205
  100         -52.382     -25.533         -52.254     -25.567             100             100
  121       -1214.199   -1033.225       -1214.226   -1033.083             121             121
   27         -69.021     264.582         -68.754     264.470              27              27
   69       -2707.438      98.183       -2707.232      98.559              69              69
  134       -2585.105    2815.032       -2584.651    2815.614             134             134
  195       -1161.821    -625.120       -1162.132    -624.604             195             195
  208         -62.289   -1349.850         -62.691   -1349.676             208             208
  203         -83.289   -2052.498         -83.739   -2052.537             203             203
   48        -252.925     269.048        -252.902     268.963              48              48
  211        -118.185     155.327        -118.148     155.308             211             211
   89        -606.469     387.958        -606.368     388.091              89              89
   65        -939.008    -288.099        -939.080    -287.897              65              65
  178       -1138.639     412.438       -1138.682     412.697             178             178
  142         301.715    -710.031         301.453    -710.069             142             142
  235          35.960     170.267          35.958     170.199             235             235
  159        -718.628    1978.112        -718.334    1978.403             159             159
  162        1100.011   -2121.066        1099.563   -2121.153             162             162
  236        -284.649     442.018        -284.510     442.003             236             236
  115         409.221    1578.626         409.625    1578.678             115             115
  146       -1131.028    -167.751       -1130.953    -167.260             146             146
   32        -805.491    -930.862        -805.620    -930.503              32              32
   61       -2558.647    -820.439       -2558.940    -819.811              61              61
  248        -154.885    -784.653        -155.344    -784.531             248             248
  154        1049.521    -542.115        1049.244    -542.221             154             154
   84         866.195   -1152.223         865.980   -1152.295              84              84
  126        -931.918   -2054.182        -932.374   -2054.059             126             126
    4        2372.486    -103.276        2372.575    -103.888               4               4
  198       -2530.429    -323.989       -2530.360    -323.547             198             198
  165         473.156    -327.577         473.095    -327.732             165             165
  205       -2210.704    -774.897       -2210.904    -774.601             205             205
  148         -60.018    1803.445         -59.858    1803.425             148             148
    9         745.898    -616.709         745.700    -616.754               9               9
   70         -63.391   -1301.959         -63.639   -1302.068              70              70
  176         490.072    1774.969         490.569    1774.749             176             176
   79       -2682.198    2196.936       -2681.723    2197.771              79              79
  204       -1191.163   -3037.195       -1192.052   -3036.788             204             204
  115         553.796    1575.940         553.888    1575.872             115             115
   31         164.871   -1482.913         164.425   -1482.787              31              31
  152         925.790    -485.727         925.644    -485.880             152             152
  164          24.499   -1097.849          24.349   -1097.854             164             164
  243       -1989.458    -880.866       -1989.748    -880.581             243             243
  241         461.997    1454.365         462.051    1454.284             241             241
  229         960.803   -1867.673         960.296   -1867.844             229             229
  165         695.990     110.642         696.021     110.388             165             165
  128           4.584    -806.968           4.432    -807.124             128             128
  209         477.956    1564.936         478.313    1564.720             209             209
   69         745.257     929.726         745.609     929.657              69              69
   35        -690.774     662.516        -690.412     662.879              35              35
  190       -1453.640    -946.735       -1453.709    -946.204             190             190
  184       -2385.354   -1852.250       -2385.822   -1851.748             184             184
  181       -1862.460    -152.530       -1862.859    -152.274             181             181
  223        1584.419     113.547        1584.165     113.087             223             223
  245        -533.733     980.526        -533.671     980.618             245             245
  174        1689.855     269.754        1689.868     269.450             174             174
  121       -1055.256     163.376       -1055.207     163.657             121             121
   74         794.914     611.557         795.049     611.477              74              74
   44        -687.143     -49.275        -687.023     -49.008              44              44
  126       -3136.836     754.274       -3136.861     755.142             126             126
   17         853.976      53.887         853.650      54.026              17              17
  210         -92.021   -2532.127         -92.754   -2531.962             210             210
   75        -790.140      45.067        -790.462      45.263              75              75
  166        2902.972   -1562.723        2902.434   -1563.342             166             166
  219        1186.153    -824.138        1186.154    -824.516             219             219
  146        -641.879    -691.680        -641.835    -691.740             146             146
   86        -981.840    1326.560        -981.443    1326.661              86              86
   43       -1868.681     402.538       -1868.638     403.001              43              43
   94       -2408.217     580.520       -2408.468     581.170              94              94
  202         655.160    -523.986         654.516    -524.060             202             202
   74        2223.921     912.940        2223.895     912.543              74              74
  247         977.429    -638.026         977.321    -638.109             247             247
  111        -663.952    1121.722        -663.709    1122.112             111             111
   61          89.452   -1791.483          88.920   -1791.229              61              61
  233         355.510   -1799.231         355.031   -1799.354             233             233
   84        -907.798    1469.182        -907.611    1469.472              84              84
  227        1282.592   -1129.218        1282.206   -1129.184             227             227
  105        -611.425   -3390.112        -612.264   -3389.944             105             105
   38        -153.402   -1551.785        -153.945   -1552.062              38              38
   40        1071.476       6.080        1071.406       5.500              40              40
  140        -798.381    1576.106        -798.023    1576.220             140             140
  228       -1868.614      -1.486       -1868.957      -0.857             228             228
  225        2093.228   -2759.084        2092.249   -2759.635             225             225
   66        -482.494     313.391        -482.650     313.269              66              66
  195        2173.960    -114.066        2173.752    -114.657             195             195
  215         -19.941   -1520.970         -20.369   -1521.179             215             215
  240         883.693     267.383         883.637     266.805             240             240
   60          24.588    1556.140          24.803    1555.933              60              60
   33        1481.563     451.472        1481.536     451.024              33              33
   29         503.950    1017.715         504.134    1017.502              29              29
  187         443.449    1173.591         443.570    1173.469             187             187
   51        2171.769    1748.131        2172.134    1747.775              51              51
  239         868.339    -289.142         868.357    -289.156             239             239
    6        1252.249     612.572        1252.544     612.390               6               6
  217          12.086     445.702          12.355     445.875             217             217
  203         406.204    1033.903         406.593    1034.147             203             203
  152        -916.597   -1796.305        -917.004   -1795.782             152             152
   48         681.550    -974.004         681.292    -974.126              48              48
  246        -110.830      72.394        -110.759      72.500             246             246
  247        -370.278   -1474.806        -370.633   -1474.721             247             247
  251       -1384.085    1358.287       -1383.972    1358.709             251             251
   65        1436.947   -1664.907        1436.267   -1665.093              65              65
  239         749.487   -1073.178         749.122   -1073.427             239             239
  106         705.412    -637.000         705.172    -637.343             106             106
  127         458.954     713.221         459.000     713.000             127             127
  216        1739.629     100.440        1739.566      99.990             216             216
  191        1602.551     887.384        1602.852     887.066             191             191
   98        1711.461     -86.233        1711.703     -86.462              98              98
   66         -76.291    -859.223         -76.194    -859.054              66              66
  229        -656.240   -1556.598        -656.513   -1556.516             229             229
  138         222.147    1318.829         222.476    1318.743             138             138
  206        1316.694    -519.041        1316.691    -519.202             206             206
  201        -222.704   -1495.080        -222.892   -1495.026             201             201
  107         399.032    -670.582         399.020    -670.896             107             107
   16          98.604    1316.454          99.191    1316.342              16              16
  141       -1867.312      21.378       -1867.267      21.939             141             141
   67         912.175      95.561         912.136      95.392              67              67
    1         459.514     511.917         459.796     511.980               1               1
  202        -712.711   -1178.000        -712.896   -1177.639             202             202
  100        -216.939    -898.431        -217.151    -898.348             100             100
   30         222.127   -1019.162         221.928   -1019.322              30              30
  133        -446.040     964.448        -445.712     964.578             133             133
  152        -114.937    -827.909        -115.109    -827.685             152             152
   13        -325.259   -2388.467        -325.847   -2388.436              13              13
  140         232.223   -1140.001         232.028   -1140.397             140             140
  113       -1580.817     -32.397       -1580.830     -32.339             113             113
  216         659.645     504.079         659.732     503.654             216             216
   37        -586.962   -1027.254        -587.168   -1027.526              37              37
  162        -623.905    3305.102        -623.018    3304.941             162             162
  207       -1784.838    1984.474       -1784.552    1985.108             207             207
   29        1616.111    -156.683        1615.830    -156.970              29              29
  157         681.408     472.016         681.612     471.788             157             157
   16        -670.822    2388.638        -670.148    2388.983              16              16
   12         746.771    -299.797         746.771    -299.721              12              12
    7       -1844.441     135.153       -1844.410     135.689               7               7
  143         202.948    2802.749         203.528    2802.977             143             143
  229         -19.051     409.179         -19.027     409.793             229             229
  198        -426.866    -616.163        -427.200    -615.498             198             198
  242        1419.798    -805.365        1419.521    -805.251             242             242
   39        -128.488   -2247.927        -128.989   -2247.557              39              39
  172        -919.109   -2087.025        -919.746   -2086.790             172             172
  125        1303.159    1120.601        1303.510    1120.351             125             125
  245       -2519.086   -1214.783       -2519.520   -1213.747             245             245
  118        1568.448   -1582.499        1567.767   -1582.718             118             118
  233         283.264   -1233.105         282.923   -1232.992             233             233
    6         239.468   -2914.894         238.642   -2914.944               6               6
    3        1351.627   -1443.804        1351.408   -1444.360               3               3
   44       -1145.105   -2406.049       -1145.499   -2406.137              44              44
    7       -1559.024    1861.749       -1558.469    1861.937               7               7
  206       -1799.944    -931.799       -1800.450    -931.181             206             206
  145        -567.510   -2225.344        -568.616   -2225.312             145             145
   38        2233.516   -1521.018        2232.858   -1522.086              38              38
   84         -55.214     335.529         -55.103     335.073              84              84
   41         673.848     849.825         674.158     849.358              41              41
   51       -1695.726     634.477       -1695.577     634.850              51              51
  224        -874.714      37.610        -875.085      37.811             224             224
  155        1358.594    -634.897        1358.098    -635.454             155             155
   12         110.842     750.803         110.828     750.572              12              12
    5        1827.273     537.404        1827.267     536.794               5               5
   61        1691.640     642.794        1692.000     642.277              61              61
  219        -653.490     787.577        -653.078     787.827             219             219
   34         -24.704     442.274         -24.558     442.457              34              34
  219        -280.196    -407.186        -280.368    -406.928             219             219
  236         989.683    -995.564         989.426    -995.854             236             236
   47        -419.187     846.654        -418.817     846.806              47              47
  227        -821.145    -420.336        -821.313    -419.896             227             227
  124         348.811   -1758.162         348.261   -1758.282             124             124
   20       -1764.518     171.191       -1764.701     171.592              20              20
  169        1812.938   -1141.205        1812.357   -1141.879             169             169
  110        -289.463     505.392        -289.424     505.280             110             110
   59        1989.057     285.970        1989.168     285.322              59              59
   86       -1317.920     282.374       -1317.833     282.774              86              86
  235        2127.260    -753.275        2127.058    -753.976             235             235
   48        -519.945     346.541        -519.601     346.503              48              48
  204        -914.379    1125.854        -914.050    1126.029             204             204
  213         533.440    2628.142         534.207    2628.353             213             213
   55        -961.780   -1386.081        -962.243   -1385.222              55              55
  208         921.995   -2726.725         921.142   -2726.951             208             208
    1        -541.438     302.360        -541.292     302.396               1               1
   63        -762.289    -188.977        -762.499    -188.644              63              63
  158        1410.985   -1817.978        1410.399   -1818.454             158             158
  146        -321.770    -361.905        -321.718    -362.089             146             146
  101       -1376.740    1389.203       -1376.411    1389.601             101             101
  243        1006.670   -1323.557        1006.191   -1323.822             243             243
  187        -601.058     632.691        -600.784     632.862             187             187
  153       -1498.995    -427.565       -1499.305    -426.921             153             153
  211         439.220   -2999.871         438.023   -3000.226             211             211
   87         103.540    1531.366         103.778    1531.007              87              87
  165        1806.691    -220.024        1806.616    -220.598             165             165
  217         214.588   -1121.443         214.556   -1121.776             217             217
  148       -2248.323    1754.890       -2247.724    1755.346             148             148
  129        -784.025     876.972        -784.020     877.291             129             129
  251        -878.089     765.451        -878.272     765.947             251             251
  111        1079.536    -120.222        1079.049    -120.212             111             111
  109        2980.787   -1961.644        2980.282   -1962.469             109             109
   42       -1324.758     317.387       -1324.362     317.773              42              42
   82       -1553.537    -314.476       -1553.830    -313.811              82              82
  233        1406.769   -1757.264        1406.048   -1757.609             233             233
   62          54.172   -2319.836          53.550   -2320.196              62              62
  252        -836.445    1199.877        -836.063    1199.798             252             252
   88        -314.369    -461.960        -314.573    -461.995              88              88
  122       -1380.059     518.371       -1380.104     518.678             122             122
   83          15.203     338.322          14.955     338.356              83              83
   68         300.667    -240.977         300.277    -240.959              68              68
  171        1841.250    -769.008        1840.965    -769.498             171             171
   31         431.411   -1416.025         431.300   -1416.210              31              31
   25       -2443.919   -1125.957       -2444.158   -1125.403              25              25
  226       -1048.151    -718.550       -1048.606    -718.486             226             226
  240        -975.916   -1694.968        -976.746   -1695.166             240             240
   26        -863.143     971.289        -863.243     970.970              26              26
   34         432.857    1156.314         432.871    1155.848              34              34
  143        -198.658     999.749        -198.555     999.655             143             143
  173        -343.832     671.639        -343.826     671.672             173             173
  135        -587.312     734.448        -587.266     734.629             135             135
  130       -2170.859     678.703       -2171.114     679.559             130             130
  105         235.073   -1888.998         233.805   -1889.164             105             105
   32         531.733    1235.216         531.695    1234.829              32              32
   85        -197.086    -200.560        -197.466    -200.545              85              85
  192       -1330.628     143.986       -1331.063     144.297             192             192
  198        -765.602     420.960        -766.217     421.170             198             198
   46         472.031   -1130.646         470.872   -1130.990              46              46
   85        1324.127     611.907        1323.818     611.116              85              85
   71       -1460.841     875.072       -1461.138     875.284              71              71
   42          75.345    1566.390          74.970    1566.270              42              42
  197         852.107     752.184         851.574     751.912             197             197
  181        -155.011    1565.581        -155.203    1565.751             181             181
   85       -2031.277     640.914       -2032.202     641.851              85              85
   24        -113.455     663.849        -114.856     664.247              24              24
  159         396.669    -952.923         394.476    -952.755             159             159
  148        1705.469    -943.330        1703.059    -943.879             148             148
   21       -1118.675     429.979       -1121.630     430.362              21              21
  247       -1452.829    -714.680       -1459.962    -714.180             247             247
