SINAL     NFT                         FFT                         NFT INVERSA     FFT INVERSA
-----     -----------------------     -----------------------     -----------     -----------
   77       66261.000       0.000       66261.000       0.000              77              77
  117         825.591   -1253.393         825.605   -1253.393             117             117
  195         733.330    1572.583         733.346    1572.583             195             195
  189        -963.841    -790.024        -963.828    -790.020             189             189
  249        1286.450    -806.080        1286.463    -806.079             249             249
  158        -789.215    -378.395        -789.199    -378.389             158             158
   92        -935.317   -1527.808        -935.310   -1527.800              92              92
   95        1739.103   -2170.050        1739.110   -2170.055              95              95
  246        -568.882     235.274        -568.862     235.280             246             246
  249        -667.339   -2867.224        -667.337   -2867.219             249             249
   99       -1712.483   -1367.710       -1712.478   -1367.708              99              99
   16         -16.835    1606.332         -16.818    1606.330              16              16
  204         990.100    -620.884         990.110    -620.887             204             204
  225       -1048.611    -457.276       -1048.597    -457.267             225             225
   11        -288.014    -592.153        -288.004    -592.151              11              11
  227       -2594.242     411.099       -2594.232     411.121             227             227
  134         441.143     -33.937         441.141     -33.936             134             134
  117         180.633    -194.361         180.632    -194.354             117             117
  198        1465.682   -1684.351        1465.668   -1684.362             198             198
  241         468.361   -1218.336         468.354   -1218.347             241             241
   40        1816.330    -519.826        1816.334    -519.859              40              40
  182        1240.251    1557.894        1240.293    1557.876             182             182
  201        1152.150     134.404        1152.184     134.399             201             201
  236       -1916.745    -179.350       -1916.724    -179.313             236             236
  198          -4.058    -389.924          -4.058    -389.907             198             198
  214        1211.066   -2515.978        1211.040   -2515.993             214             214
  173        1124.214    -444.846        1124.241    -444.868             173             173
   20       -3051.732   -2078.956       -3051.748   -2078.916              20              20
  193         360.143     -79.001         360.133     -79.026             193             193
  243        2009.590    -222.495        2009.600    -222.547             243             243
  255          18.058     294.106          18.087     294.091             255             255
   14        -290.375     638.255        -290.349     638.252              14              14
  105        1329.231     170.599        1329.247     170.565             105             105
  195        2050.154    1764.392        2050.233    1764.358             195             195
  204       -1888.395    -701.060       -1888.371    -700.996             204             204
   99         230.147   -2297.806         230.115   -2297.820              99              99
   97         281.028    1176.044         281.085    1176.023              97              97
   40          63.739    -669.373          63.768    -669.379              40              40
  195       -3019.493     164.652       -3019.473     164.711             195             195
   88         868.451     146.188         868.454     146.149              88              88
   33          29.113    2780.110          29.205    2780.123              33              33
   38       -1245.444   -1211.534       -1245.470   -1211.467              38              38
  104        1229.327   -2035.374        1229.276   -2035.415             104             104
  237         148.564    -297.905         148.574    -297.946             237             237
    8         303.465    1813.393         303.525    1813.359               8               8
  115        2990.349    1733.864        2990.448    1733.790             115             115
  209       -2056.033     728.817       -2055.951     728.906             209             209
  142         393.007    -503.325         393.031    -503.315             142             142
  233        -983.215      76.627        -983.161      76.670             233             233
  152       -2427.100    -473.174       -2427.100    -473.091             152             152
  128         983.032      -6.943         983.045      -6.973             128             128
   17       -1419.669     -62.318       -1419.645     -62.277              17              17
   78        -124.151    1373.740        -124.091    1373.754              78              78
   74        -588.518     -71.288        -588.499     -71.242              74              74
  254       -1090.150    -128.860       -1090.150    -128.804             254             254
   21        1212.026      -7.674        1212.047      -7.700              21              21
   33        -888.977     211.866        -888.926     211.921              33              33
  171        -883.701    -816.134        -883.699    -816.081             171             171
   41       -1764.719    -686.212       -1764.730    -686.150              41              41
  226       -1612.486    1300.533       -1612.464    1300.610             226             226
  159        1027.024   -1359.213        1026.950   -1359.231             159             159
   41         891.943     133.569         891.974     133.535              41              41
  241        -782.676    -167.352        -782.646    -167.314             241             241
    9        -618.580     465.611        -618.538     465.649               9               9
  236       -1352.503      70.811       -1352.494      70.895             236             236
  189        -517.781     -85.849        -517.797     -85.797             189             189
  108         114.290     529.810         114.311     529.862             108             108
   78        -503.331   -2592.093        -503.440   -2592.034              78              78
  230          77.245    -278.658          77.234    -278.656             230             230
   47         130.313   -1419.655         130.270   -1419.657              47              47
  166        -996.737     326.735        -996.706     326.791             166             166
    8        -928.301   -1354.084        -928.377   -1354.015               8               8
   86         625.464   -2117.754         625.360   -2117.804              86              86
   15       -1004.704     629.262       -1004.683     629.293              15              15
  246         588.111   -1654.240         588.012   -1654.272             246             246
   94         949.668    -596.083         949.652    -596.161              94              94
  131         351.698    -264.631         351.722    -264.672             131             131
  199        -580.129    -832.864        -580.139    -832.869             199             199
  237         196.984     278.840         197.032     278.796             237             237
  108       -1296.782    -167.567       -1296.765    -167.527             108             108
   96        -154.484     420.277        -154.455     420.268              96              96
  109         -22.129    -248.361         -22.108    -248.377             109             109
  126       -1704.234     626.884       -1704.174     626.961             126             126
  175       -2063.401     286.701       -2063.424     286.812             175             175
  184         281.609    1369.669         281.629    1369.701             184             184
  124        -270.523   -1871.723        -270.661   -1871.660             124             124
  196         252.373   -1222.326         252.266   -1222.360             196             196
  217         955.984     825.390         956.013     825.343             217             217
   39         744.105   -1526.286         744.036   -1526.300              39              39
  238        -438.607   -1965.313        -438.704   -1965.319             238             238
  188          92.544    -909.863          92.488    -909.937             188             188
  199         334.156    -582.798         334.125    -582.905             199             199
   24         152.772    1749.803         152.877    1749.757              24              24
  174        1089.712   -1633.493        1089.646   -1633.581             174             174
  208        -571.671    -676.070        -571.675    -676.141             208             208
    4         738.477    1779.352         738.619    1779.220               4               4
  108          48.101    1787.464          48.277    1787.452             108             108
   60        -419.711     150.143        -419.633     150.192              60              60
   82        -231.355   -1283.474        -231.343   -1283.501              82              82
   82       -2389.761    1166.389       -2389.599    1166.465              82              82
  108       -4104.733    1949.002       -4104.636    1949.258             108             108
  249       -1356.515     425.121       -1356.602     425.241             249             249
   90        -268.788    -660.667        -268.926    -660.667              90              90
  194       -1131.991    1260.725       -1132.017    1260.765             194             194
    8         571.912     954.332         571.838     954.289               8               8
   80        2546.755    2032.956        2546.831    2032.841              80              80
   33        1265.392   -1328.311        1265.330   -1328.356              33              33
  139        -409.706    1669.368        -409.570    1669.425             139             139
   24         329.121   -1186.349         329.043   -1186.342              24              24
   14        -760.328    1539.304        -760.237    1539.387              14              14
  247         674.331    -619.695         674.264    -619.664             247             247
  120        -401.985   -2077.246        -402.156   -2077.230             120             120
  124        1319.022     732.178        1319.066     732.039             124             124
  117         -74.746    -554.301         -74.758    -554.327             117             117
   40        -452.125    1004.500        -452.050    1004.496              40              40
   52        -214.463     886.189        -214.415     886.216              52              52
  241        -253.863    -487.426        -253.932    -487.419             241             241
  236        -198.273    1306.710        -198.232    1306.701             236             236
   14         362.817    1083.279         362.817    1083.265              14              14
   25        2392.744    2003.944        2392.874    2003.845              25              25
  219         753.047   -1005.911         753.020   -1005.898             219             219
  202          -5.035    2088.131          -4.835    2088.215             202             202
  225        -161.405    -536.550        -161.435    -536.386             225             225
  243        -681.856   -1326.178        -682.006   -1326.023             243             243
  120        1231.249   -1760.164        1231.040   -1760.233             120             120
  177        2238.641     298.884        2238.673     298.751             177             177
  248        1678.637   -3498.402        1678.455   -3498.557             248             248
  228        -274.668     600.716        -274.514     600.644             228             228
  238          70.980    -573.931          71.000    -574.000             238             238
   75         431.913     886.784         432.089     886.680              75              75
   55       -2539.048    1595.513       -2538.886    1595.738              55              55
   90          59.042     275.090          58.980     275.145              90              90
   68        3177.043    -646.688        3177.046    -646.948              68              68
  146       -1393.081    1344.278       -1392.833    1344.419             146             146
   29       -1170.756     519.342       -1170.686     519.535              29              29
   76        -381.210     -42.509        -381.232     -42.358              76              76
  226         178.749   -1827.837         178.571   -1827.791             226             226
   62         780.014     350.012         780.069     349.994              62              62
  216         247.547   -2406.838         247.407   -2406.837             216             216
  251       -1436.534    -107.793       -1436.513    -107.706             251             251
   76         -76.711      90.471         -76.730      90.492              76              76
  207         274.850    -750.221         274.771    -750.216             207             207
  116         391.189   -1343.105         391.074   -1343.162             116             116
  201         694.934    -153.948         694.956    -154.069             201             201
   68        1152.379    1407.484        1152.630    1407.428              68              68
  156       -1452.311   -2355.784       -1452.402   -2355.580             156             156
  253       -1937.779   -1914.530       -1937.955   -1914.418             253             253
   54         601.116    -344.212         601.080    -344.377              54              54
  137        -268.786     121.175        -268.694     121.137             137             137
   11       -2019.409    -712.574       -2019.437    -712.437              11              11
   80       -1969.608    -321.237       -1969.719    -321.119              80              80
  100         163.102   -1165.486         162.887   -1165.630             100             100
  214        -775.264     210.123        -775.354     210.004             214             214
   49        2155.389    2524.303        2155.589    2523.981              49              49
   87         212.935    1281.873         213.130    1281.869              87              87
   79       -1036.761    -622.231       -1036.790    -622.162              79              79
  227       -1435.645    1411.390       -1435.575    1411.463             227             227
   80         569.851    1206.219         569.871    1206.128              80              80
   51         521.372    3199.790         521.636    3199.847              51              51
  209        1764.310   -1380.556        1764.199   -1380.599             209             209
  155        -456.626     371.862        -456.485     371.960             155             155
  107       -2993.458    -802.980       -2993.622    -802.638             107             107
   44        1747.882     456.307        1747.785     456.138              44              44
  223         855.587    -929.292         855.471    -929.400             223             223
  253        -206.170    1299.546        -206.078    1299.551             253             253
   74        1598.044     108.344        1598.017     108.209              74              74
   44        1255.983     462.743        1256.080     462.641              44              44
  224         772.913     297.087         773.046     297.059             224             224
  136        -562.293     221.728        -562.181     221.871             136             136
    4        -958.593   -1257.162        -958.740   -1257.032               4               4
  219         554.763     791.139         554.804     791.095             219             219
  213         669.260    -962.453         669.139    -962.510             213             213
  212        1912.753    1364.435        1912.986    1364.274             212             212
   79        -260.088   -1315.055        -260.090   -1314.937              79              79
  158       -1011.209    -950.983       -1011.266    -950.871             158             158
   25        1025.657    -478.224        1025.672    -478.365              25              25
  235       -1366.657   -1079.063       -1366.712   -1078.998             235             235
  156         796.625    1900.058         796.915    1899.938             156             156
   80       -2014.074    -883.079       -2014.117    -882.815              80              80
  117        -884.368      64.004        -884.436      64.074             117             117
  168         742.992    1013.366         743.053    1013.331             168             168
  160         973.903   -1988.076         973.717   -1988.185             160             160
  217          30.325     743.081          30.524     743.021             217             217
  126        -525.719     136.836        -525.573     136.925             126             126
  210       -2642.170    -941.912       -2642.264    -941.597             210             210
   49        -568.271    -929.321        -568.472    -929.346              49              49
  205        -297.919     280.131        -297.940     280.032             205             205
  181       -1271.170    1351.063       -1271.113    1351.144             181             181
  129         761.801    1085.540         761.812    1085.464             129             129
    1         183.948     433.825         183.927     433.849               1               1
  135        1412.272     921.271        1412.384     921.197             135             135
   29        -923.503    -841.579        -923.601    -841.352              29              29
  108         576.662   -1007.085         576.494   -1007.104             108             108
  179         335.083   -2353.437         334.804   -2353.564             179             179
  253        -887.109    -412.679        -887.189    -412.788             253             253
  105        -105.965    1386.928        -105.907    1386.778             105             105
  253        1287.626     970.892        1287.657     970.649             253             253
   41        1493.514    1194.312        1493.676    1194.092              41              41
   73         561.570     -31.794         561.620     -31.943              73              73
  134         638.336    3634.611         638.856    3634.575             134             134
   46         597.471    -333.921         597.491    -333.818              46              46
   37        1198.923    -780.649        1198.967    -780.777              37              37
   92       -1874.997     760.551       -1874.833     760.787              92              92
    2        1838.265     351.757        1838.358     351.527               2               2
  116        -242.419    1319.352        -242.077    1319.447             116             116
  250       -1077.068    -274.808       -1077.009    -274.590             250             250
   28        -718.611     919.555        -718.483     919.719              28              28
   96         934.079      85.306         934.150      85.289              96              96
  151        -577.888     127.917        -577.749     128.117             151             151
  108        -197.962   -1849.583        -198.086   -1849.552             108             108
  213       -1309.123    1057.783       -1308.843    1057.899             213             213
   63       -2321.780     706.736       -2321.665     707.073              63              63
   12       -1046.619    1560.538       -1046.461    1560.795              12              12
  175       -2333.219     235.623       -2333.355     236.140             175             175
  189        1137.169     100.037        1137.007     100.110             189             189
  223         229.086   -2031.309         228.781   -2031.177             223             223
  224       -1178.617   -1430.097       -1178.899   -1429.917             224             224
  139         766.118    -392.995         765.965    -393.118             139             139
  148        -177.459     155.242        -177.488     155.336             148             148
   98         773.351   -1537.287         773.131   -1537.320              98              98
  140       -1100.797   -1791.688       -1101.057   -1791.577             140             140
   27        -989.077   -1233.376        -989.395   -1233.382              27              27
  127         366.337    -440.156         366.069    -440.413             127             127
  249        1867.907    1284.137        1867.990    1283.742             249             249
  207         810.950     135.243         810.959     135.073             207             207
  124        1801.455     941.310        1801.678     941.037             124             124
   98        -405.236    -339.052        -405.157    -338.971              98              98
  205        -444.640    -913.927        -444.748    -913.961             205             205
  166         606.724    1476.416         606.976    1476.245             166             166
  172          50.051     447.646          50.208     447.691             172             172
   83        -266.211   -1666.536        -266.351   -1666.586              83              83
  212       -1754.680    1358.488       -1754.458    1358.569             212             212
  209        -570.367    1983.823        -570.158    1983.903             209             209
  175        -256.435     347.857        -256.474     347.954             175             175
  215        -505.929     460.292        -506.011     460.372             215             215
   70        2236.789    1449.833        2236.979    1449.548              70              70
  170        -868.462     276.016        -868.368     276.245             170             170
  243         486.689     528.792         486.789     528.781             243             243
  167       -1805.214    1526.485       -1805.047    1526.927             167             167
   65         526.607    -690.116         526.319    -689.996              65              65
   96        1025.459    -767.749        1025.241    -767.835              96              96
  124         861.623     482.875         861.657     482.819             124             124
  128        1091.652    -246.793        1091.607    -246.819             128             128
  109        1944.388   -1827.509        1944.241   -1827.798             109             109
   44        -419.805     526.891        -419.514     526.905              44              44
   62        -709.204     -13.852        -709.088     -13.736              62              62
   76       -1166.847     827.225       -1166.698     827.460              76              76
   12        -737.699     501.892        -737.724     502.168              12              12
  202        1467.371    -976.175        1467.185    -976.257             202             202
  224        -162.106    -836.806        -162.159    -836.693             224             224
  110        -592.287   -1503.567        -592.518   -1503.444             110             110
   86         364.668   -2674.061         364.254   -2674.361              86              86
  252        -878.897    2449.958        -878.485    2449.857             252             252
  238        -295.899    1499.620        -295.704    1499.727             238             238
   80        -553.222     -91.907        -553.328     -91.710              80              80
  204        -759.294    -246.077        -759.591    -245.907             204             204
  106        4693.000       0.765        4693.000       0.000             106             106
  179        -759.893     245.732        -759.592     245.905             179             179
  153        -553.432      91.507        -553.326      91.709             153             153
   16        -295.499   -1499.835        -295.700   -1499.726              16              16
   95        -878.052   -2449.759        -878.480   -2449.861              95              95
  236         363.814    2674.674         364.248    2674.362             236             236
  229        -592.765    1503.313        -592.521    1503.443             229             229
   49        -162.219     836.570        -162.162     836.691              49              49
  156        1466.984     976.351        1467.183     976.261             156             156
  189        -737.750    -502.469        -737.724    -502.171             189             189
  120       -1166.534    -827.717       -1166.696    -827.462             120             120
   70        -708.962      13.608        -709.088      13.735              70              70
  177        -419.193    -526.923        -419.513    -526.908             177             177
   31        1944.070    1828.127        1944.236    1827.803              31              31
  135        1091.555     246.852        1091.606     246.822             135             135
   18         861.696    -482.751         861.659    -482.816              18              18
  156        1024.992     767.932        1025.240     767.836             156             156
    8         525.987     689.862         526.317     689.998               8               8
  127       -1804.848   -1527.442       -1805.043   -1526.931             127             127
  200         486.906    -528.765         486.790    -528.779             200             200
   71        -868.256    -276.517        -868.366    -276.248              71              71
  203        2237.209   -1449.205        2236.983   -1449.543             203             203
  212        -506.105    -460.468        -506.009    -460.372             212             212
   17        -256.520    -348.071        -256.473    -347.954              17              17
  172        -569.901   -1984.001        -570.155   -1983.903             172             172
   67       -1754.186   -1358.676       -1754.456   -1358.575              67              67
  104        -266.526    1666.647        -266.354    1666.586             104             104
  168          50.400    -447.741          50.208    -447.688             168             168
   49         607.291   -1476.031         606.979   -1476.245              49              49
  184        -444.885     914.002        -444.750     913.959             184             184
  117        -405.056     338.867        -405.158     338.970             117             117
  155        1801.964    -940.685        1801.680    -941.031             155             155
  107         810.972    -134.853         810.959    -135.073             107             107
   14        1868.104   -1283.219        1867.994   -1283.736              14              14
  172         365.718     440.751         366.068     440.414             172             172
  203        -989.821    1233.387        -989.400    1233.381             203             203
  251       -1101.406    1791.424       -1101.060    1791.573             251             251
  146         772.827    1537.367         773.125    1537.322             146             146
  253        -177.526    -155.462        -177.487    -155.336             253             253
  151         765.757     393.285         765.964     393.119             151             151
   80       -1179.288    1429.669       -1178.901    1429.916              80              80
  117         228.349    2030.995         228.775    2031.177             117             117
  221        1136.781    -100.208        1137.007    -100.108             221             221
    2       -2333.544    -236.874       -2333.355    -236.146               2               2
  148       -1046.231   -1561.164       -1046.457   -1560.800             148             148
  101       -2321.498    -707.564       -2321.663    -707.081             101             101
   20       -1308.440   -1058.067       -1308.842   -1057.900              20              20
   48        -198.270    1849.507        -198.091    1849.553              48              48
  109        -577.546    -128.409        -577.749    -128.118             109             109
  147         934.256     -85.261         934.150     -85.287             147             147
  248        -718.289    -919.964        -718.481    -919.719             248             248
  180       -1076.919     274.260       -1077.008     274.587             180             180
   94        -241.553   -1319.594        -242.072   -1319.449              94              94
  205        1838.499    -351.172        1838.358    -351.523             205             205
  197       -1874.576    -761.152       -1874.829    -760.790             197             197
   11        1199.034     780.976        1198.966     780.779              11              11
   16         597.521     333.661         597.490     333.821              16              16
   45         639.683   -3634.515         638.864   -3634.573              45              45
  180         561.698      32.184         561.620      31.946             180             180
   65        1493.940   -1193.733        1493.680   -1194.085              65              65
  230        1287.708    -970.256        1287.660    -970.648             230             230
   41        -105.811   -1386.532        -105.904   -1386.777              41              41
  221        -887.323     412.966        -887.191     412.786             221             221
   81         334.337    2353.777         334.796    2353.566              81              81
   55         576.214    1007.138         576.493    1007.105              55              55
  138        -923.772     840.967        -923.605     841.350             138             138
   28        1412.580    -921.063        1412.387    -921.193              28              28
   50         183.892    -433.888         183.928    -433.848              50              50
   29         761.837   -1085.333         761.815   -1085.464              29              29
   25       -1271.009   -1351.292       -1271.111   -1351.147              25              25
  201        -297.973    -279.860        -297.939    -280.032             201             201
  110        -568.829     929.386        -568.474     929.343             110             110
  143       -2642.437     941.027       -2642.267     941.592             143             143
  167        -525.309    -137.085        -525.572    -136.925             167             167
  113          30.885    -742.908          30.524    -743.019             113             113
   35         973.370    1988.388         973.712    1988.187              35              35
   12         743.169   -1013.265         743.055   -1013.331              12              12
  133        -884.561     -64.208        -884.435     -64.076             133             133
   83       -2014.202     882.313       -2014.119     882.811              83              83
  121         797.468   -1899.706         796.918   -1899.935             121             121
   25       -1366.819    1078.871       -1366.713    1078.996              25              25
   76        1025.699     478.645        1025.671     478.369              76              76
   46       -1011.378     950.651       -1011.267     950.870              46              46
  120        -260.101    1314.705        -260.094    1314.937             120             120
   25        1913.451   -1363.950        1912.989   -1364.271              25              25
  243         668.890     962.629         669.135     962.513             243             243
  131         554.893    -791.004         554.808    -791.093             131             131
   42        -959.041    1256.760        -958.743    1257.028              42              42
   33        -561.954    -222.165        -562.182    -221.872              33              33
   55         773.321    -296.997         773.047    -297.056              55              55
  107        1256.283    -462.426        1256.080    -462.638             107             107
    7        1597.956    -107.920        1598.015    -108.204               7               7
   96        -205.880   -1299.562        -206.076   -1299.551              96              96
   73         855.217     929.635         855.467     929.403              73              73
   89        1747.576    -455.767        1747.785    -456.133              89              89
  152       -2993.983     801.884       -2993.625     802.628             152             152
  212        -456.174    -372.178        -456.484    -371.962             212             212
  118        1763.944    1380.705        1764.195    1380.603             118             118
  203         522.240   -3199.966         521.642   -3199.843             203             203
  242         569.922   -1205.919         569.875   -1206.127             242             242
  144       -1435.409   -1411.630       -1435.571   -1411.464             144             144
  149       -1036.861     621.999       -1036.792     622.160             149             149
   96         213.589   -1281.852         213.132   -1281.865              96              96
   31        2156.069   -2523.217        2155.597   -2523.975              31              31
   60        -775.565    -209.725        -775.351    -210.005              60              60
  210         162.367    1165.972         162.883    1165.630             210             210
   66       -1969.992     320.833       -1969.721     321.117              66              66
   72       -2019.509     712.095       -2019.440     712.431              72              72
   87        -268.468    -121.044        -268.693    -121.137              87              87
  150         600.991     344.788         601.080     344.379             150             150
  194       -1938.401    1914.133       -1937.959    1914.415             194             194
  112       -1452.641    2355.061       -1452.409    2355.576             112             112
  226        1153.273   -1407.284        1152.632   -1407.427             226             226
  240         695.009     154.382         694.954     154.070             240             240
  233         390.769    1343.316         391.071    1343.165             233             233
  252         274.564     750.203         274.769     750.216             252             252
  228         -76.778     -90.546         -76.729     -90.491             228             228
  108       -1436.458     107.465       -1436.514     107.701             108             108
   38         247.021    2406.837         247.403    2406.839              38              38
    6         780.221    -349.947         780.071    -349.995               6               6
  164         178.076    1827.665         178.568    1827.792             164             164
  146        -381.293      41.932        -381.232      42.356             146             146
   14       -1170.490    -520.082       -1170.686    -519.537              14              14
    5       -1392.123   -1344.827       -1392.831   -1344.422               5               5
  220        3177.051     647.702        3177.044     646.954             220             220
  103          58.802    -275.308          58.981    -275.146             103             103
  157       -2538.406   -1596.404       -2538.882   -1595.744             157             157
  177         432.613    -886.371         432.093    -886.680             177             177
  221          71.061     574.206          71.000     574.000             221             221
  104        -274.045    -600.432        -274.512    -600.646             104             104
  163        1677.872    3499.050        1678.448    3498.563             163             163
  109        2238.771    -298.322        2238.673    -298.745             109             109
  254        1230.374    1760.459        1231.036    1760.235             254             254
    4        -682.490    1325.523        -682.010    1326.020               4               4
  141        -161.534     535.862        -161.436     536.386             141             141
   58          -4.174   -2088.488          -4.830   -2088.216              58              58
  214         752.928    1005.860         753.018    1005.899             214             214
  207        2393.317   -2003.499        2392.879   -2003.839             207             207
  131         362.818   -1083.217         362.818   -1083.264             131             131
   46        -198.087   -1306.670        -198.230   -1306.700              46              46
  102        -254.171     487.391        -253.935     487.418             102             102
   69        -214.252    -886.311        -214.415    -886.216              69              69
  159        -451.782   -1004.483        -452.047   -1004.496             159             159
   73         -74.806     554.425         -74.760     554.328              73              73
   54        1319.226    -731.541        1319.067    -732.038              54              54
  136        -402.799    2077.165        -402.164    2077.228             136             136
   69         674.013     619.558         674.262     619.667              69              69
   27        -759.888   -1539.705        -760.233   -1539.390              27              27
  245         328.747    1186.313         329.040    1186.342             245             245
  108        -409.043   -1669.644        -409.566   -1669.426             108             108
   34        1265.088    1328.539        1265.328    1328.361              34              34
  153        2547.134   -2032.377        2546.835   -2032.833             153             153
  255         571.554    -954.119         571.840    -954.288             255             255
   48       -1132.116   -1260.936       -1132.015   -1260.768              48              48
  158        -269.487     660.664        -268.929     660.667             158             158
  219       -1356.960    -425.731       -1356.603    -425.241             219             219
  151       -4104.228   -1950.332       -4104.632   -1949.267             151             151
   60       -2388.913   -1166.797       -2389.595   -1166.471              60              60
  140        -231.300    1283.614        -231.346    1283.501             140             140
  117        -419.298    -150.403        -419.632    -150.192             117             117
  164          49.046   -1787.403          48.279   -1787.452             164             164
   48         739.255   -1778.627         738.623   -1779.216              48              48
  227        -571.704     676.449        -571.678     676.139             227             227
  163        1089.333    1633.992        1089.641    1633.586             163             163
   52         153.377   -1749.547         152.883   -1749.757              52              52
  112         333.975     583.408         334.123     582.907             112             112
  221          92.216     910.291          92.485     909.938             221             221
   11        -439.180    1965.345        -438.710    1965.319              11              11
   64         743.699    1526.373         744.035    1526.302              64              64
   97         956.156    -825.104         956.013    -825.340              97              97
   57         251.725    1222.527         252.263    1222.359              57              57
  167        -271.366    1871.344        -270.666    1871.660             167             167
  167         281.739   -1369.862         281.633   -1369.700             167             167
  216       -2063.543    -287.398       -2063.423    -286.816             216             216
  240       -1703.858    -627.370       -1704.172    -626.964             240             240
  222         -21.995     248.458         -22.109     248.376             222             222
   97        -154.298    -420.215        -154.455    -420.267              97              97
   54       -1296.679     167.297       -1296.766     167.524              54              54
  249         197.300    -278.548         197.032    -278.795             249             249
   86        -580.198     832.890        -580.140     832.867              86              86
  162         351.866     264.914         351.723     264.674             162             162
   27         949.547     596.622         949.649     596.164              27              27
  239         587.411    1654.469         588.008    1654.274             239             239
  161       -1004.549    -629.485       -1004.682    -629.295             161             161
   76         624.711    2118.112         625.355    2117.805              76              76
  141        -928.865    1353.579        -928.381    1354.014             141             141
  125        -996.515    -327.150        -996.707    -326.793             125             125
  228         129.983    1419.674         130.266    1419.659             228             228
  201          77.164     278.638          77.235     278.655             201             201
    9        -504.182    2591.642        -503.446    2592.033               9               9
   89         114.456    -530.216         114.313    -529.862              89              89
  110        -517.903      85.437        -517.797      85.795             110             110
   57       -1352.427     -71.486       -1352.494     -70.896              57              57
   61        -618.232    -465.937        -618.537    -465.652              61              61
   18        -782.440     167.030        -782.648     167.313              18              18
  110         892.205    -133.287         891.974    -133.534             110             110
  173        1026.382    1359.368        1026.948    1359.231             173             173
  239       -1612.278   -1301.220       -1612.461   -1300.614             239             239
  121       -1764.826     685.653       -1764.732     686.147             121             121
  238        -883.684     815.654        -883.699     816.079             238             238
   81        -888.511    -212.387        -888.926    -211.925              81              81
  179        1212.214       7.929        1212.046       7.703             179             179
  149       -1090.151     128.319       -1090.150     128.802             149             149
  248        -588.330      70.831        -588.499      71.239             248             248
  139        -123.544   -1373.885        -124.088   -1373.755             139             139
  133       -1419.428      61.894       -1419.645      62.275             133             133
  214         983.167       7.266         983.046       6.977             214             214
  237       -2427.105     472.276       -2427.100     473.084             237             237
  188        -982.642     -77.096        -983.161     -76.671             188             188
  208         393.266     503.216         393.030     503.315             208             208
   67       -2055.116    -729.832       -2055.949    -728.910              67              67
   94        2991.503   -1732.973        2990.453   -1733.781              94              94
  235         304.185   -1813.001         303.529   -1813.358             235             235
   50         148.681     298.414         148.573     297.949              50              50
    0        1228.689    2035.884        1229.271    2035.417               0               0
   56       -1245.787    1210.691       -1245.473    1211.465              56              56
  192          30.309   -2780.273          29.208   -2780.123             192             192
  125         868.479    -145.666         868.453    -146.147             125             125
   28       -3019.222    -165.480       -3019.472    -164.718              28              28
  138          64.112     669.459          63.765     669.378             138             138
  135         281.845   -1175.736         281.088   -1176.021             135             135
  117         229.658    2298.008         230.110    2297.820             117             117
  249       -1888.039     700.080       -1888.372     700.991             249             249
  193        2051.401   -1763.848        2050.240   -1764.353             193             193
  179        1329.488    -170.045        1329.248    -170.563             179             179
   11        -289.962    -638.214        -290.349    -638.253              11              11
   47          18.577    -293.843          18.088    -294.090              47              47
   97        2009.724     223.450        2009.597     222.553              97              97
  251         359.960      79.484         360.134      79.029             251             251
  169       -3052.094    2078.140       -3051.754    2078.909             169             169
   79        1124.735     445.303        1124.240     444.871              79              79
   77        1210.508    2516.283        1211.034    2515.996              77              77
   92          -4.059     389.578          -4.057     389.908              92              92
  229       -1916.288     178.448       -1916.724     179.306             229             229
   69        1152.933    -134.255        1152.185    -134.396              69              69
  232        1241.291   -1557.419        1240.297   -1557.873             232             232
  107        1816.442     520.724        1816.334     519.864             107             107
   28         468.154    1218.629         468.352    1218.348              28              28
  213        1465.245    1684.696        1465.664    1684.366             213             213
   39         180.581     194.153         180.630     194.354              39              39
  236         441.062      33.908         441.140      33.936             236             236
   25       -2593.893    -411.997       -2594.231    -411.129              25              25
  133        -287.658     592.079        -288.005     592.150             133             133
  216       -1048.105     456.870       -1048.600     457.264             216             216
   76         990.522     621.056         990.109     620.890              76              76
  134         -15.892   -1606.214         -16.812   -1606.329             134             134
   16       -1712.294    1367.513       -1712.481    1367.702              16              16
   13        -667.324    2866.903        -667.343    2867.217              13              13
    3        -567.613    -235.637        -568.863    -235.281               3               3
   44        1739.451    2170.516        1739.104    2170.058              44              44
  151        -934.749    1527.065        -935.313    1527.797             151             151
  139        -787.711     377.685        -789.203     378.386             139             139
  162        1288.049     806.091        1286.462     806.081             162             162
  145        -961.678     789.118        -963.828     790.015             145             145
   76         737.585   -1572.702         733.350   -1572.583              76              76
   86         832.241    1253.397         825.601    1253.394              86              86
