SINAL     NFT                         FFT                         NFT INVERSA     FFT INVERSA
-----     -----------------------     -----------------------     -----------     -----------
    1       62703.000       0.000       62703.000       0.000               1               1
  134        -706.978    1394.735        -706.965    1394.734             134             134
   75        -658.323    1714.514        -658.309    1714.515              75              75
   12       -1278.854   -1343.769       -1278.844   -1343.767              12              12
  100         302.745     776.415         302.757     776.413             100             100
   92        1358.627    1537.027        1358.644    1537.025              92              92
  113        -167.807   -1375.833        -167.796   -1375.831             113             113
   80         451.601     704.727         451.619     704.725              80              80
  124       -1374.016   -1404.059       -1374.006   -1404.053             124             124
   53       -1159.046      84.819       -1159.032      84.820              53              53
  227       -2422.695     325.095       -2422.687     325.105             227             227
   61         462.436     835.277         462.441     835.271              61              61
   53        1968.089     146.737        1968.098     146.720              53              53
   86         541.550     149.826         541.566     149.814              86              86
  129         807.780    1932.704         807.815    1932.697             129             129
  187        -205.255     194.109        -205.234     194.113             187             187
  239       -1604.312    1159.807       -1604.287    1159.827             239             239
   90         509.008    -327.495         509.013    -327.494              90              90
    4        1207.059    -804.661        1207.072    -804.674               4               4
   15       -1339.895     156.100       -1339.868     156.111              15              15
  246       -1569.030      74.714       -1569.013      74.732             246             246
  100       -1947.740    -556.332       -1947.744    -556.314             100             100
   42         717.662     766.111         717.679     766.092              42              42
  194       -2643.954    1141.788       -2643.936    1141.823             194             194
  206         166.161     650.910         166.158     650.915             206             206
  129         451.202    -292.496         451.191    -292.496             129             129
   43        1482.187    -740.768        1482.181    -740.799              43              43
   46        -856.347    2521.126        -856.301    2521.146              46              46
  110         923.479   -1110.988         923.454   -1110.982             110             110
  160        2373.565   -1629.610        2373.553   -1629.651             160             160
   77        -456.791    -393.547        -456.770    -393.546              77              77
  111        -459.733   -1332.614        -459.745   -1332.623             111             111
   39         656.243     528.614         656.266     528.577              39              39
  152         560.018     218.287         560.052     218.259             152             152
  123       -2212.449     704.923       -2212.419     704.958             123             123
  140        -318.807     386.502        -318.811     386.500             140             140
  245        1052.227     328.350        1052.233     328.315             245             245
  237         131.252     533.812         131.270     533.798             237             237
  220         526.208     289.049         526.218     289.020             220             220
  114        1025.912    1580.949        1025.962    1580.910             114             114
   34         814.530    2229.055         814.611    2229.051              34              34
  192         526.044    -412.597         526.068    -412.588             192             192
  175        -792.057     583.790        -792.015     583.825             175             175
   88        -111.145    -811.595        -111.154    -811.590              88              88
   23        1173.129    1461.901        1173.200    1461.876              23              23
   49       -1187.354    -807.218       -1187.339    -807.174              49              49
   19        -985.890    1581.039        -985.828    1581.089              19              19
    6        -607.963   -2153.876        -608.016   -2153.842               6               6
  140        -799.445     605.084        -799.422     605.106             140             140
   24        -542.712    -744.871        -542.737    -744.845              24              24
   21        -859.259    -677.010        -859.301    -676.982              21              21
  131        1680.777   -1881.785        1680.710   -1881.874             131             131
  124         166.558    1905.958         166.645    1905.922             124             124
   63       -1410.061    -376.878       -1410.078    -376.835              63              63
   69        1339.703      38.576        1339.691      38.510              69              69
   74        1142.511    -176.750        1142.529    -176.826              74              74
  193        -105.779    1811.136        -105.682    1811.107             193             193
  113         316.195    2467.920         316.325    2467.925             113             113
  120       -1940.149    1005.650       -1940.084    1005.779             120             120
   47       -2014.928   -1733.854       -2015.025   -1733.747              47              47
   17        1119.140    -786.407        1119.069    -786.469              17              17
  198         686.097    1347.234         686.143    1347.200             198             198
  158         602.352     279.946         602.372     279.946             158             158
   57         -13.471   -1189.926         -13.505   -1189.928              57              57
   95        -680.541    1130.736        -680.502    1130.753              95              95
   26         143.510     791.822         143.516     791.843              26              26
  197         693.881    -744.671         693.822    -744.672             197             197
   85        1698.344   -1395.020        1698.283   -1395.110              85              85
    7         254.609    1767.649         254.700    1767.638               7               7
  162        -190.608   -1501.677        -190.698   -1501.652             162             162
  199        2892.469    -225.833        2892.452    -225.979             199             199
   42        1416.275    -384.426        1416.303    -384.510              42              42
   99         616.640     233.636         616.692     233.584              99              99
  119        1245.402     202.106        1245.448     202.032             119             119
  130        1996.258     250.825        1996.343     250.720             130             130
  122        1072.745     227.139        1072.882     227.090             122             122
  169       -1939.360    -987.900       -1939.306    -987.822             169             169
  150       -1393.771    -106.065       -1393.742    -106.042             150             150
  128         388.771     278.874         388.827     278.803             128             128
   53       -2187.972    1605.586       -2187.872    1605.678              53              53
  174         452.282    -937.941         452.216    -937.991             174             174
  150        1202.258    1254.035        1202.360    1253.918             150             150
  184        -760.153    1499.829        -760.027    1499.850             184             184
   42        -196.339     982.848        -196.267     982.853              42              42
  214         731.404    2103.904         731.561    2103.898             214             214
  254        -990.552    -724.302        -990.547    -724.210             254             254
  117        -281.544     256.422        -281.518     256.433             117             117
  151         953.073     252.073         953.133     252.010             151             151
  112       -1410.982     530.395       -1410.909     530.449             112             112
  238         -69.528    2133.091         -69.398    2133.107             238             238
  198         628.532     475.526         628.599     475.543             198             198
  129         -70.087    -407.760         -70.030    -407.730             129             129
  180       -2468.139    -452.762       -2468.129    -452.649             180             180
  101       -1476.220    2671.284       -1476.117    2671.373             101             101
  187        2360.316      33.490        2360.316      33.391             187             187
   19       -1350.619    1207.281       -1350.500    1207.403              19              19
  127        -856.877   -1058.923        -856.966   -1058.861             127             127
  128         636.220    1654.819         636.292    1654.758             128             128
  104        1689.925    2125.328        1690.093    2125.269             104             104
  135         -69.596    1417.406         -69.432    1417.518             135             135
   35        -370.051    -420.731        -370.016    -420.607              35              35
   48       -1081.930     502.897       -1081.867     503.054              48              48
  177         220.173    -623.750         220.156    -623.682             177             177
  134        -659.050     364.495        -658.984     364.630             134             134
  167       -1390.905   -2284.388       -1391.062   -2284.242             167             167
   52         695.095     553.654         695.139     553.629              52              52
    0       -2149.361   -1049.378       -2149.460   -1049.203              -0              -0
   80        1275.841    1158.838        1275.859    1158.800              80              80
  202         556.694    -464.883         556.637    -464.812             202             202
  129        3037.975   -2274.950        3037.876   -2275.111             129             129
  134        -267.968     -76.477        -267.847     -76.426             134             134
  121          22.555   -2333.745          22.502   -2333.729             121             121
   24       -1773.274    -855.807       -1773.261    -855.710              24              24
   63        -128.666   -1154.148        -128.700   -1154.185              63              63
  164       -1669.917    -270.678       -1669.899    -270.614             164             164
  238        -646.932     360.205        -646.909     360.226             238             238
   62        -263.114    -741.127        -263.158    -741.128              62              62
   26        -728.351    -727.813        -728.393    -727.826              26              26
  133        -574.015     621.101        -573.970     621.067             133             133
  174        -448.070    1346.155        -447.976    1346.169             174             174
    8         -61.203     -12.456         -61.206     -12.453               8               8
   76        -289.020     940.942        -288.939     940.968              76              76
   48        -390.074    -515.229        -390.109    -515.213              48              48
  189        -898.409    1782.041        -898.298    1782.106             189             189
  177         421.245     634.170         421.257     634.190             177             177
  235         -35.645    1010.264         -35.595    1010.352             235             235
  208        1752.666     -63.705        1752.679     -63.715             208             208
   49        -342.397   -2602.657        -342.544   -2602.588              49              49
  108        -562.011     110.974        -562.000     111.000             108             108
   57        1733.532    -887.907        1733.506    -888.069              57              57
  184        -965.039      50.565        -964.953      50.600             184             184
  143        -126.110    1013.243        -125.987    1013.243             143             143
  105          30.121    1165.822          30.276    1165.893             105             105
  105        -509.969   -1123.161        -510.006   -1123.047             105             105
   22        -250.687     616.985        -250.568     617.086              22              22
   17       -1376.558   -2923.778       -1376.762   -2923.634              17              17
  158       -1181.845     209.615       -1181.824     209.670             158             158
   23       -1649.437    -672.222       -1649.572    -672.104              23              23
   97        1272.905     734.370        1272.900     734.259              97              97
  105        1101.956   -1030.750        1101.914   -1030.824             105             105
  152        -958.882   -1399.760        -958.951   -1399.736             152             152
  232         -63.790    1137.721         -63.653    1137.692             232             232
  227       -1456.030   -1998.026       -1456.223   -1997.948             227             227
  177        1069.176     728.779        1069.251     728.557             177             177
   39       -1297.368     814.348       -1297.258     814.387              39              39
  135         -83.425    1455.130         -83.286    1455.089             135             135
  159       -1198.260    2449.135       -1198.040    2449.308             159             159
  101        -742.497     622.692        -742.517     622.921             101             101
  161         955.348   -1788.421         955.123   -1788.432             161             161
   37        -157.893     152.753        -157.897     152.790              37              37
   19        -173.488   -1178.070        -173.676   -1178.050              19              19
  170        2229.760     -95.708        2229.726     -95.968             170             170
  113        1458.590     -35.334        1458.692     -35.531             113             113
   68           5.851    1328.216           6.127    1328.198              68              68
  103       -1348.164     807.188       -1348.012     807.379             103             103
   34        -159.192     131.393        -159.168     131.490              34              34
   47         222.824    -949.158         222.761    -949.154              47              47
   56        -247.771    1081.206        -247.627    1081.271              56              56
   83         830.394   -1472.338         830.314   -1472.403              83              83
  156        -858.379    1571.056        -858.138    1571.159             156             156
  113         537.416      75.680         537.516      75.738             113             113
   12       -1387.512   -1090.631       -1387.531   -1090.422              12              12
   44        -200.325     896.689        -200.150     896.816              44              44
  219       -1917.356   -2620.730       -1917.569   -2620.436             219             219
  118       -1829.137   -1419.223       -1829.342   -1419.067             118             118
   66         723.439    -782.763         723.334    -782.906              66              66
  236       -2056.185    -149.305       -2056.235    -149.123             236             236
   20         727.348   -1832.636         727.083   -1832.822              20              20
   89        -382.592    1284.369        -382.474    1284.278              89              89
   78         704.711    1348.125         704.860    1348.053              78              78
  125          66.855      24.533          66.920      24.595             125             125
  242        -974.561   -1220.120        -974.664   -1220.004             242             242
   54        -184.301    -430.190        -184.352    -430.236              54              54
   96        -107.253     410.563        -107.191     410.522              96              96
  164          87.344    -166.911          87.386    -166.972             164             164
   94       -2215.173    1243.868       -2215.061    1244.101              94              94
  232        1547.628     505.645        1547.654     505.547             232             232
   67        -345.718   -2018.370        -345.875   -2018.359              67              67
  196        -252.878    1713.911        -252.600    1713.887             196             196
  138       -2021.161    -154.129       -2021.171    -153.863             138             138
  104         210.002      10.169         209.971      10.136             104             104
  215        -570.256     870.615        -570.133     870.702             215             215
   52        -995.350     213.989        -995.340     214.175              52              52
  218        -299.048     104.364        -299.059     104.490             218             218
   28        -975.425    -994.642        -975.588    -994.462              28              28
  155         111.122    -242.644         111.049    -242.612             155             155
  253        -762.765   -1370.724        -762.982   -1370.594             253             253
   76         731.581   -2639.302         731.236   -2639.532              76              76
  211        -572.123    1376.975        -571.951    1376.864             211             211
   81         354.144     661.301         354.259     661.202              81              81
  232       -2523.053     995.073       -2522.992     995.403             232             232
   69         536.724   -1087.757         536.415   -1087.830              69              69
   93        2344.509    -124.824        2344.502    -125.246              93              93
   21        -126.603    2600.798        -126.123    2600.801              21              21
   32       -2288.069      27.616       -2288.045      28.013              32              32
  211        -156.933    -663.036        -157.106    -662.993             211             211
   87         442.792      69.924         442.782      69.817              87              87
   13          89.401    1418.009          89.660    1417.993              13              13
  231       -3017.084    1594.213       -3016.928    1594.738             231             231
  177        -177.352     -92.367        -177.556     -92.131             177             177
   92        -738.869   -1081.387        -739.263   -1081.114              92              92
  101        4108.176   -2175.856        4107.803   -2176.336             101             101
  164         157.684   -1653.478         157.585   -1653.613             164             164
  147         222.983    1775.237         223.283    1775.179             147             147
  198         290.967   -1058.708         290.932   -1058.667             198             198
   72       -1834.153   -1146.663       -1834.267   -1146.455              72              72
  241        -981.363     583.542        -981.414     583.665             241             241
  174        1513.515    -778.316        1513.346    -778.454             174             174
  139        -386.577   -2415.589        -386.896   -2415.632             139             139
  181         103.057    1168.603         103.186    1168.479             181             181
   56        -498.149   -1200.230        -498.402   -1200.229              56              56
  244        2074.425     679.878        2074.498     679.495             244             244
  141        -407.229     682.408        -407.107     682.479             141             141
  109        2346.674   -1112.624        2346.645   -1112.943             109             109
  206       -2450.250   -1139.587       -2450.307   -1139.404             206             206
  169        1072.544    2690.192        1072.930    2690.019             169             169
    8       -1707.387   -2015.982       -1707.677   -2015.708               8               8
  203        1121.595     -73.131        1121.519     -73.416             203             203
  245        1062.966    1105.169        1063.206    1104.997             245             245
  220        -422.457   -1626.199        -422.571   -1626.200             220             220
   28        -328.769     604.046        -328.605     603.937              28              28
  222        -630.464     953.418        -630.264     953.444             222             222
   33       -1424.521     -12.780       -1424.566     -12.631              33              33
  122         845.531    1074.168         845.631    1074.000             122             122
  243         427.025     627.216         427.183     627.175             243             243
   66        -700.511     -10.642        -700.449     -10.533              66              66
   77        -429.739     669.634        -429.624     669.719              77              77
   75        -660.854    -775.302        -660.996    -775.223              75              75
   80         356.679     719.392         356.750     719.273              80              80
   52        1004.702    1129.854        1004.963    1129.748              52              52
  252       -1710.346    -732.075       -1710.392    -731.790             252             252
  173         267.609     553.094         267.680     553.035             173             173
  154        -348.194     260.674        -348.114     260.751             154             154
  161        -509.041    -118.449        -509.041    -118.365             161             161
   64          61.632     -18.365          61.677     -18.420              64              64
   96        -994.056    2053.870        -993.676    2054.110              96              96
  233       -2139.843   -1023.682       -2140.093   -1023.170             233             233
   50         615.826   -2040.616         615.373   -2040.728              50              50
   15         144.141    -213.698         144.084    -213.846              15              15
  117        -811.495    -521.129        -811.637    -521.157             117             117
  231         165.179    1269.779         165.256    1269.651             231             231
   72        1621.840    -545.519        1621.773    -545.866              72              72
  106        -918.341    1239.015        -918.084    1239.031             106             106
  117         105.598    1135.838         105.782    1135.785             117             117
  181        -998.217     731.188        -998.150     731.329             181             181
   57        1050.550    1371.607        1050.732    1371.465              57              57
   31         -35.788     381.999         -35.658     382.036              31              31
  190       -1042.751    2084.139       -1042.423    2084.423             190             190
    4        -258.143    -646.579        -258.346    -646.393               4               4
   21        1035.069     676.354        1035.144     676.253              21              21
  155         216.707     615.426         216.866     615.534             155             155
   33        -321.464    -841.849        -321.555    -841.699              33              33
  243        -382.018    -121.335        -382.044    -121.280             243             243
  189         527.203     509.879         527.317     509.775             189             189
  156        -652.369    1587.693        -652.055    1587.888             156             156
  231        -987.064     590.661        -987.034     591.027             231             231
    0        1373.000       0.008        1373.000       0.000              -0               0
  233        -987.000    -591.402        -987.032    -591.030             233             233
   50        -651.727   -1588.089        -652.050   -1587.890              50              50
   80         527.434    -509.666         527.318    -509.774              80              80
   30        -382.072     121.220        -382.044     121.278              30              30
   47        -321.653     841.541        -321.557     841.697              47              47
  253         217.036    -615.646         216.868    -615.534             253             253
  184        1035.226    -676.144        1035.147    -676.251             184             184
  208        -258.565     646.197        -258.348     646.394             208             208
   62       -1042.063   -2084.733       -1042.418   -2084.427              62              62
   25         -35.517    -382.074         -35.658    -382.035              25              25
  186        1050.935   -1371.306        1050.736   -1371.462             186             186
  112        -998.074    -731.485        -998.148    -731.330             112             112
   41         105.990   -1135.724         105.785   -1135.784              41              41
   48        -917.793   -1239.050        -918.081   -1239.032              48              48
   88        1621.696     546.264        1621.771     545.872              88              88
  114         165.346   -1269.503         165.258   -1269.649             114             114
  154        -811.801     521.184        -811.639     521.155             154             154
  205         144.018     214.018         144.084     213.847             205             205
   39         614.840    2040.860         615.367    2040.729              39              39
  211       -2140.388    1022.565       -2140.095    1023.166             211             211
  236        -993.220   -2054.396        -993.671   -2054.113             236             236
  230          61.731      18.488          61.677      18.422             230             230
  216        -509.041     118.262        -509.041     118.362             216             216
    2        -348.017    -260.843        -348.114    -260.750               2               2
  130         267.770    -552.962         267.683    -553.034             130             130
  250       -1710.451     731.436       -1710.395     731.786             250             250
  246        1005.290   -1129.613        1004.967   -1129.744             246             246
   63         356.838    -719.124         356.751    -719.272              63              63
  150        -661.179     775.121        -660.998     775.221             150             150
  221        -429.479    -669.828        -429.623    -669.720             221             221
   63        -700.370      10.391        -700.449      10.530              63              63
  127         427.387    -627.121         427.184    -627.174             127             127
   16         845.766   -1073.778         845.634   -1073.998              16              16
  144       -1424.624      12.433       -1424.565      12.629             144             144
  157        -629.998    -953.479        -630.262    -953.445             157             157
   63        -328.384    -603.793        -328.603    -603.938              63              63
  141        -422.729    1626.199        -422.574    1626.199             141             141
   86        1063.534   -1104.759        1063.209   -1104.993              86              86
   16        1121.416      73.807        1121.520      73.418              16              16
  204       -1708.079    2015.330       -1707.680    2015.706             204             204
  112        1073.476   -2689.775        1072.938   -2690.016             112             112
  202       -2450.390    1139.143       -2450.310    1139.400             202             202
   60        2346.599    1113.401        2346.641    1112.951              60              60
  153        -406.931    -682.580        -407.104    -682.479             153             153
  250        2074.602    -678.939        2074.498    -679.489             250             250
  148        -498.768    1200.227        -498.405    1200.228             148             148
   11         103.374   -1168.299         103.188   -1168.479              11              11
  149        -387.367    2415.695        -386.899    2415.632             149             149
   97        1513.090     778.668        1513.342     778.460              97              97
   51        -981.486    -583.852        -981.412    -583.667              51              51
  104       -1834.444    1146.135       -1834.271    1146.449             104             104
   78         290.879    1058.608         290.932    1058.669              78              78
   26         223.748   -1775.088         223.288   -1775.177              26              26
   64         157.428    1653.821         157.581    1653.613              64              64
   80        4107.219    2177.088        4107.797    2176.345              80              80
  156        -739.880    1080.687        -739.264    1081.114             156             156
   58        -177.880      91.759        -177.558      92.131              58              58
   70       -3016.675   -1595.579       -3016.924   -1594.745              70              70
  219          90.077   -1417.966          89.662   -1417.992             219             219
  208         442.766     -69.645         442.782     -69.816             208             208
   36        -157.388     662.924        -157.108     662.994              36              36
   26       -2288.005     -28.669       -2288.045     -28.019              26              26
   79        -125.326   -2600.806        -126.118   -2600.801              79              79
   52        2344.489     125.952        2344.501     125.247              52              52
  171         535.887    1087.958         536.411    1087.832             171             171
  237       -2522.879    -995.971       -2522.987    -995.407             237             237
  116         354.458    -661.032         354.260    -661.201             116             116
   56        -571.648   -1376.675        -571.947   -1376.865              56              56
   68         730.620    2639.935         731.227    2639.535              68              68
  133        -763.367    1370.362        -762.985    1370.592             133             133
    5         110.913     242.551         111.045     242.610               5               5
  180        -975.879     994.137        -975.589     994.460             180             180
   80        -299.083    -104.718        -299.061    -104.491              80              80
   65        -995.318    -214.517        -995.338    -214.178              65              65
   77        -569.907    -870.865        -570.132    -870.703              77              77
   75         209.913     -10.070         209.971     -10.133              75              75
  213       -2021.192     153.362       -2021.172     153.859             213             213
   88        -252.072   -1713.840        -252.595   -1713.887              88              88
  224        -346.179    2018.338        -345.881    2018.359             224             224
   55        1547.701    -505.355        1547.653    -505.544              55              55
  140       -2214.837   -1244.561       -2215.057   -1244.107             140             140
   72          87.472     167.094          87.388     166.974              72              72
  134        -107.066    -410.443        -107.189    -410.523             134             134
  166        -184.452     430.327        -184.352     430.236             166             166
  137        -974.874    1219.769        -974.667    1220.002             137             137
  215          67.050     -24.719          66.920     -24.595             215             215
   66         705.166   -1347.905         704.863   -1348.052              66              66
  195        -382.227   -1284.091        -382.471   -1284.278             195             195
   30         726.529    1833.211         727.078    1832.825              30              30
   30       -2056.334     148.737       -2056.233     149.118              30              30
  148         723.110     783.209         723.330     782.909             148             148
   66       -1829.780    1418.733       -1829.345    1419.064              66              66
   57       -1918.031    2619.796       -1917.575    2620.429              57              57
  228        -199.769    -897.092        -200.148    -896.817             228             228
  119       -1387.573    1089.961       -1387.534    1090.417             119             119
  228         537.737     -75.864         537.516     -75.737             228             228
  210        -857.591   -1571.393        -858.133   -1571.162             210             210
  236         830.136    1472.556         830.314    1472.406             236             236
   29        -247.295   -1081.421        -247.623   -1081.273              29              29
   22         222.618     949.148         222.760     949.155              22              22
  113        -159.111    -131.717        -159.167    -131.492             113             113
   34       -1347.655    -807.830       -1348.010    -807.382              34              34
  202           6.776   -1328.157           6.130   -1328.199             202             202
  193        1458.933      36.004        1458.692      35.534             193             193
   99        2229.645      96.602        2229.726      95.974              99              99
   23        -174.134    1178.001        -173.678    1178.050              23              23
   12        -157.906    -152.879        -157.897    -152.790              12              12
   57         954.564    1788.462         955.119    1788.434              57              57
  112        -742.566    -623.492        -742.516    -622.924             112             112
  236       -1197.482   -2449.744       -1198.034   -2449.310             236             236
  112         -82.930   -1454.984         -83.282   -1455.089             112             112
  253       -1296.980    -814.490       -1297.258    -814.389             253             253
   53        1069.447    -727.974        1069.252    -728.552              53              53
  247       -1456.727    1997.740       -1456.225    1997.945             247             247
  163         -63.287   -1137.613         -63.649   -1137.690             163             163
  190        -959.140    1399.668        -958.953    1399.733             190             190
  206        1101.795    1031.029        1101.911    1030.827             206             206
  230        1272.890    -733.952        1272.903    -734.255             230             230
  130       -1649.944     671.775       -1649.574     672.100             130             130
  236       -1181.766    -209.822       -1181.824    -209.670             236             236
    4       -1377.344    2923.227       -1376.769    2923.630               4               4
   23        -250.226    -617.370        -250.564    -617.086              23              23
   47        -510.115    1122.721        -510.009    1123.046              47              47
   61          30.726   -1166.098          30.279   -1165.894              61              61
  251        -125.625   -1013.244        -125.983   -1013.245             251             251
  166        -964.700     -50.704        -964.952     -50.601             166             166
   33        1733.427     888.554        1733.503     888.074              33              33
  205        -561.966    -111.077        -562.000    -111.000             205             205
  146        -343.012    2602.372        -342.551    2602.586             146             146
   62        1752.725      63.762        1752.681      63.720              62              62
  228         -35.438   -1010.628         -35.594   -1010.354             228             228
    4         421.303    -634.249         421.259    -634.189               4               4
   96        -897.931   -1782.323        -898.293   -1782.110              96              96
  174        -390.225     515.159        -390.110     515.212             174             174
  197        -288.674    -941.054        -288.938    -940.969             197             197
  196         -61.218      12.445         -61.207      12.454             196             196
  198        -447.659   -1346.216        -447.973   -1346.170             198             198
  209        -573.813    -620.953        -573.967    -621.068             209             209
  253        -728.538     727.867        -728.395     727.825             253             253
   54        -263.312     741.129        -263.159     741.128              54              54
  190        -646.823    -360.302        -646.906    -360.227             190             190
  109       -1669.838     270.389       -1669.899     270.613             109             109
   51        -128.825    1154.311        -128.702    1154.184              51              51
  243       -1773.219     855.361       -1773.263     855.709             243             243
  100          22.294    2333.669          22.497    2333.729             100             100
  215        -267.400      76.236        -267.845      76.425             215             215
  178        3037.494    2275.726        3037.870    2275.118             178             178
   51         556.419     464.552         556.636     464.813              51              51
  189        1275.933   -1158.646        1275.861   -1158.797             189             189
   52       -2149.843    1048.519       -2149.461    1049.198              52              52
   31         695.308    -553.529         695.139    -553.629              31              31
  193       -1391.688    2283.663       -1391.066    2284.240             193             193
   76        -658.719    -365.180        -658.983    -364.634              76              76
   78         220.092     623.406         220.158     623.682              78              78
  255       -1081.610    -503.700       -1081.867    -503.058             255             255
   71        -369.874     420.093        -370.017     420.605              71              71
  245         -68.737   -1417.990         -69.427   -1417.519             245             245
   32        1690.811   -2125.010        1690.099   -2125.265              32              32
   21         636.610   -1654.497         636.296   -1654.758              21              21
  136        -857.351    1058.586        -856.967    1058.859             136             136
   95       -1349.967   -1207.953       -1350.498   -1207.406              95              95
  249        2360.319     -32.929        2360.317     -33.385             249             249
  140       -1475.636   -2671.783       -1476.111   -2671.376             140             140
  192       -2468.080     452.122       -2468.129     452.645             192             192
  168         -69.769     407.596         -70.031     407.731             168             168
   81         628.918    -475.618         628.600    -475.541              81              81
  132         -68.763   -2133.186         -69.392   -2133.107             132             132
  110       -1410.549    -530.721       -1410.907    -530.452             110             110
   35         953.427    -251.688         953.134    -252.007              35              35
  129        -281.384    -256.492        -281.516    -256.434             129             129
  165        -990.529     723.745        -990.550     724.208             165             165
  225         732.370   -2103.867         731.565   -2103.898             225             225
  239        -195.889    -982.879        -196.264    -982.853             239             239
  217        -759.355   -1499.961        -760.022   -1499.850             217             217
  213        1202.904   -1253.289        1202.362   -1253.914             213             213
   84         451.858     938.263         452.215     937.991              84              84
  176       -2187.310   -1606.199       -2187.869   -1605.682             176             176
  135         389.142    -278.407         388.829    -278.802             135             135
  135       -1393.573     105.901       -1393.741     106.039             135             135
  110       -1938.993     987.363       -1939.306     987.818             110             110
  188        1073.683    -226.788        1072.883    -227.085             188             188
  167        1996.851    -250.088        1996.344    -250.715             167             167
   48        1245.728    -201.581        1245.449    -202.028              48              48
    8         617.010    -233.263         616.693    -233.583               8               8
  246        1416.478     385.058        1416.303     384.515             246             246
   47        2892.345     226.930        2892.451     225.988              47              47
   80        -191.294    1501.495        -190.704    1501.652              80              80
  235         255.305   -1767.568         254.705   -1767.638             235             235
   80        1697.872    1395.721        1698.280    1395.115              80              80
  102         693.420     744.682         693.820     744.675             102             102
  116         143.561    -791.986         143.516    -791.843             116             116
  175        -680.222   -1130.869        -680.501   -1130.754             175             175
   96         -13.766    1189.952         -13.507    1189.929              96              96
    1         602.510    -279.935         602.371    -279.943               1               1
  111         686.492   -1346.936         686.145   -1347.198             111             111
    8        1118.535     786.949        1119.069     786.471               8               8
   82       -2015.791    1732.893       -2015.029    1733.741              82              82
  243       -1939.563   -1006.807       -1940.081   -1005.783             243             243
  119         317.391   -2467.952         316.331   -2467.923             119             119
  118        -104.871   -1810.867        -105.679   -1811.107             118             118
  117        1142.672     177.476        1142.527     176.829             117             117
   29        1339.588     -37.933        1339.690     -38.507              29              29
   88       -1410.231     376.459       -1410.079     376.833              88              88
  100         167.434   -1905.599         166.649   -1905.922             100             100
  246        1680.077    1882.703        1680.705    1881.880             246             246
   45        -859.695     676.733        -859.303     676.982              45              45
  184        -542.992     744.597        -542.740     744.845             184             184
  167        -799.197    -605.330        -799.423    -605.107             167             167
  181        -608.575    2153.495        -608.021    2153.840             181             181
   64        -985.171   -1581.608        -985.824   -1581.091              64              64
   22       -1187.186     806.696       -1187.340     807.170              22              22
  113        1173.983   -1461.594        1173.205   -1461.873             113             113
  231        -111.269     811.518        -111.157     811.587             231             231
   70        -791.534    -584.222        -792.014    -583.826              70              70
  122         526.328     412.492         526.067     412.588             122             122
  221         815.579   -2228.994         814.614   -2229.048             221             221
  118        1026.595   -1580.429        1025.966   -1580.909             118             118
  203         526.356    -288.653         526.219    -289.018             203             203
  201         131.520    -533.613         131.272    -533.797             201             201
  198        1052.310    -327.845        1052.234    -328.312             198             198
   49        -318.851    -386.475        -318.810    -386.501              49              49
   61       -2211.998    -705.464       -2212.417    -704.962              61              61
  118         560.533    -217.841         560.052    -218.257             118             118
  146         656.618    -528.028         656.267    -528.577             146             146
   62        -459.976    1332.748        -459.749    1332.623              62              62
  230        -456.449     393.534        -456.770     393.546             230             230
  154        2373.319    1630.392        2373.548    1629.658             154             154
  145         923.006    1110.894         923.453    1110.984             145             145
  218        -855.419   -2521.540        -856.295   -2521.150             218             218
   18        1482.047     741.407        1482.180     740.804              18              18
    8         450.955     292.519         451.188     292.498               8               8
   79         166.100    -651.003         166.158    -650.913              79              79
   47       -2643.535   -1142.647       -2643.935   -1141.831              47              47
   96         718.068    -765.646         717.680    -766.090              96              96
  180       -1947.853     555.851       -1947.744     556.309             180             180
   37       -1568.592     -75.190       -1569.013     -74.734              37              37
  142       -1339.147    -156.442       -1339.867    -156.115             142             142
  109        1207.401     805.076        1207.069     804.678             109             109
  205         509.152     327.456         509.010     327.495             205             205
   67       -1603.504   -1160.478       -1604.285   -1159.829              67              67
  173        -204.471    -194.252        -205.232    -194.115             173             173
  227         809.078   -1932.351         807.818   -1932.693             227             227
  181         542.183    -149.389         541.567    -149.814             181             181
  148        1968.483    -145.951        1968.099    -146.715             148             148
   41         462.722    -834.950         462.443    -835.270              41              41
   48       -2422.280    -325.627       -2422.687    -325.109              48              48
  114       -1158.260     -84.881       -1159.031     -84.823             114             114
  159       -1373.444    1403.711       -1374.009    1404.053             159             159
  251         453.009    -704.522         451.622    -704.723             251             251
   59        -167.016    1375.726        -167.801    1375.832              59              59
  102        1360.450   -1536.662        1358.648   -1537.021             102             102
   44         304.354    -776.052         302.759    -776.411              44              44
  121       -1277.291    1343.378       -1278.846    1343.765             121             121
  220        -654.438   -1714.770        -658.303   -1714.515             220             220
  190        -699.797   -1394.588        -706.962   -1394.736             190             190
