SINAL     NFT                         FFT                         NFT INVERSA     FFT INVERSA
-----     -----------------------     -----------------------     -----------     -----------
  199       62896.000       0.000       62896.000       0.000             199             199
  246          41.602    1026.221          41.615    1026.221             246             246
  106        -591.892    -182.360        -591.879    -182.358             106             106
  157        -545.606      62.407        -545.594      62.410             157             157
  157        -179.194    -191.000        -179.183    -190.995             157             157
  127          98.504   -2269.426          98.509   -2269.423             127             127
   86         271.304      75.706         271.314      75.707              86              86
  226         642.863    -222.486         642.871    -222.483             226             226
  234        2330.533   -1957.724        2330.535   -1957.729             234             234
   61          95.945   -1452.506          95.950   -1452.505              61              61
  254        2021.408    -281.825        2021.421    -281.834             254             254
   66         560.989   -2476.885         560.992   -2476.889              66              66
  237        1190.486     241.008        1190.508     240.997             237             237
  133       -1254.203    -703.405       -1254.193    -703.393             133             133
  238        2226.873   -1093.127        2226.881   -1093.146             238             238
  240        -118.517    -464.429        -118.495    -464.431             240             240
  120         391.591     168.734         391.620     168.731             120             120
   59       -2419.308   -2095.451       -2419.309   -2095.431              59              59
   78        -293.306     546.584        -293.291     546.571              78              78
  254        -175.548    2862.657        -175.503    2862.663             254             254
   99        -159.311    -355.475        -159.305    -355.451              99              99
   30         633.244   -2434.263         633.230   -2434.266              30              30
  130       -1356.561    -725.445       -1356.558    -725.435             130             130
  247         478.938    -946.079         478.934    -946.099             247             247
   74        -486.276     837.135        -486.253     837.130              74              74
   72        -220.843    -111.311        -220.840    -111.319              72              72
    6         639.618    2182.460         639.661    2182.447               6               6
   46        -288.840     501.193        -288.823     501.209              46              46
  143         109.515     767.389         109.527     767.405             143             143
   18        1663.085   -1229.805        1663.069   -1229.824              18              18
   85        1300.439     849.625        1300.479     849.606              85              85
   86       -1063.918    -547.251       -1063.915    -547.218              86              86
    8        3265.876    -898.822        3265.884    -898.886               8               8
  191       -1797.388    -611.759       -1797.365    -611.731             191             191
  244         528.436     534.952         528.463     534.931             244             244
  166        -159.636    -434.721        -159.626    -434.734             166             166
   63        1084.389    3407.755        1084.498    3407.738              63              63
   74       -1454.625    -764.069       -1454.614    -764.003              74              74
  136        -732.659   -1034.048        -732.679   -1034.031             136             136
   41         441.206     526.791         441.222     526.766              41              41
  135        1201.757    1935.474        1201.829    1935.450             135             135
  134        -897.211     768.378        -897.166     768.428             134             134
  108        -815.505    -215.091        -815.517    -215.053             108             108
  117        2892.301    1236.839        2892.352    1236.779             117             117
   12        -148.508     829.478        -148.430     829.522              12              12
   90       -1780.995    -341.324       -1780.981    -341.227              90              90
  102         488.069   -1261.468         488.042   -1261.455             102             102
  133        -470.225    -811.026        -470.233    -811.007             133             133
  150         693.079     138.251         693.100     138.233             150             150
  180        -221.897     759.358        -221.850     759.389             180             180
  131         450.064   -1315.378         450.044   -1315.375             131             131
  249         606.352      78.270         606.397      78.248             249             249
  211       -1530.966     551.696       -1530.921     551.755             211             211
    6        1429.607    1036.024        1429.674    1036.012               6               6
  241       -1065.585   -1639.425       -1065.587   -1639.364             241             241
   29        -588.885     235.788        -588.828     235.807              29              29
   79       -2732.012     764.518       -2731.960     764.633              79              79
  247       -1664.704     -59.732       -1664.726     -59.648             247             247
   75        -109.494      -5.921        -109.516      -5.902              75              75
  223        -114.990    1293.755        -114.943    1293.788             223             223
    9       -1132.139     661.328       -1132.125     661.437               9               9
  160        -246.916   -1216.940        -246.989   -1216.869             160             160
   53         183.806   -1285.284         183.729   -1285.265              53              53
   18        1644.935      53.980        1644.947      53.935              18              18
   96        -953.243     506.100        -953.202     506.200              96              96
   41         468.448   -3314.345         468.323   -3314.340              41              41
  185       -1789.099     167.861       -1789.094     167.916             185             185
  160        -130.695     452.148        -130.715     452.167             160             160
  115        1183.420    -101.320        1183.402    -101.340             115             115
   65        -213.576    -809.395        -213.607    -809.364              65              65
  201        -438.464     207.015        -438.477     207.055             201             201
  251        1455.496    -245.102        1455.475    -245.137             251             251
  200        -217.967       3.150        -217.961       3.200             200             200
   53         334.227    -901.743         334.172    -901.724              53              53
  113        1062.805     473.029        1062.833     473.031             113             113
  213        -113.863   -1954.299        -113.948   -1954.239             213             213
  143         711.074   -1828.532         710.987   -1828.567             143             143
  215         526.629    -207.903         526.634    -207.935             215             215
   90         151.281    -717.352         151.254    -717.356              90              90
   38        1453.109     194.474        1453.148     194.421              38              38
  139          83.014   -1094.814          83.017   -1094.787             139             139
  222       -1126.943   -1384.175       -1126.986   -1384.115             222             222
   31           2.363    -787.174           2.330    -787.192              31              31
   94        -906.764    -580.282        -906.804    -580.255              94              94
  229         956.005    -476.304         955.976    -476.385             229             229
   16        -990.006     247.388        -990.006     247.412              16              16
  123        1561.498    1231.105        1561.549    1231.028             123             123
   52         879.677     158.168         879.721     158.169              52              52
    8         -47.189    -612.791         -47.184    -612.744               8               8
  199         -38.824    -892.044         -38.843    -892.021             199             199
   19        -668.199    -338.687        -668.214    -338.637              19              19
   17        1107.244     -84.351        1107.256     -84.377              17              17
  104        -638.109   -2305.679        -638.216   -2305.641             104             104
   73         126.387     619.622         126.433     619.606              73              73
   36         463.704   -2023.253         463.616   -2023.296              36              36
  200        -635.841     713.991        -635.762     713.999             200             200
  115        -309.089    -151.849        -309.072    -151.807             115             115
  221       -1101.677   -2021.663       -1101.784   -2021.614             221             221
  104       -2298.859    -155.613       -2298.934    -155.535             104             104
  231        1222.723     304.949        1222.650     304.822             231             231
   31        1442.782     493.131        1442.802     493.004              31              31
   50          75.711    1000.357          75.784    1000.352              50              50
  227         787.368      84.445         787.390      84.417             227             227
  231        -467.319    -779.894        -467.350    -779.879             231             231
  104        -704.513     587.556        -704.502     587.556             104             104
   84         703.309    2471.002         703.438    2470.981              84              84
  188         706.975     258.175         706.994     258.219             188             188
  248        -750.469    -643.747        -750.539    -643.639             248             248
   44         894.337     918.303         894.343     918.324              44              44
   22        1226.585   -2135.752        1226.398   -2135.765              22              22
   30        2866.663    -704.094        2866.654    -704.281              30              30
  183         669.728   -1292.626         669.754   -1292.675             183             183
  245        -831.197   -1189.332        -831.200   -1189.334             245             245
   61       -1421.235    1686.217       -1421.123    1686.298              61              61
   22        1232.725    -397.303        1232.665    -397.355              22              22
  218         984.405    -597.859         984.381    -597.916             218             218
   78        1973.819    -933.837        1973.846    -933.999              78              78
  146        -895.655    -901.181        -895.595    -901.184             146             146
   14       -1308.300     989.587       -1308.176     989.611              14              14
   86        -322.375    1528.911        -322.242    1528.928              86              86
   90        -358.405    1376.243        -358.281    1376.342              90              90
   34         680.677   -1195.472         680.656   -1195.480              34              34
  104       -3027.084    1524.147       -3026.941    1524.436             104             104
  194        -638.956   -1278.052        -639.139   -1277.923             194             194
  108         543.768    -544.464         543.678    -544.478             108             108
  140        -406.447   -1411.150        -406.578   -1411.127             140             140
  139        -569.767    -237.253        -569.840    -237.262             139             139
  223         491.992     291.693         491.965     291.609             223             223
  105       -1063.934     345.948       -1064.000     346.000             105             105
  243        2453.442    1374.913        2453.477    1374.710             243             243
  199        1253.360      42.468        1253.396      42.384             199             199
  136        -481.265     648.314        -481.203     648.348             136             136
   38         997.935    2043.792         998.094    2043.758              38              38
  170         238.663    1402.401         238.781    1402.537             170             170
  112        1057.644    -792.241        1057.583    -792.171             112             112
  142         111.977    -391.877         111.961    -391.751             142             142
  254         458.301   -2649.720         458.067   -2649.715             254             254
   44         192.224     958.901         192.288     958.906              44              44
  134        1575.528    -886.914        1575.447    -886.976             134             134
   42        1503.959    -229.391        1504.026    -229.440              42              42
   67       -1182.905   -2311.022       -1183.069   -2310.866              67              67
  165        1370.573   -1573.433        1370.435   -1573.617             165             165
  226        1080.831     411.805        1080.952     411.655             226             226
   56         226.878    -683.498         226.933    -683.553              56              56
  227       -1177.885     686.327       -1177.759     686.396             227             227
  249         656.123    2264.309         656.387    2264.361             249             249
   18       -1072.953   -3235.932       -1073.201   -3235.746              18              18
   49        -638.395    -242.338        -638.420    -242.337              49              49
  140        -349.179     537.793        -349.159     537.816             140             140
   33         214.347      -3.317         214.309      -3.316              33              33
  136         710.328     480.804         710.358     480.782             136             136
  230        1211.674    -465.886        1211.678    -465.951             230             230
   68        -129.876     690.652        -129.722     690.751              68              68
  240        -546.270   -1307.468        -546.347   -1307.315             240             240
  169        -606.889   -1360.300        -607.014   -1360.231             169             169
  177         398.480    1089.472         398.620    1089.510             177             177
  124       -1710.748   -3573.850       -1711.110   -3573.653             124             124
   52        -632.998     194.339        -633.087     194.309              52              52
  145        1117.798     526.970        1117.765     526.855             145             145
  230         641.940    -219.897         641.883    -219.921             230             230
   40        1270.320    -184.949        1270.314    -185.022              40              40
   88         164.680   -1108.838         164.605   -1108.803              88              88
  110         181.131   -1152.521         181.033   -1152.535             110             110
   78        -347.527   -1288.667        -347.692   -1288.689              78              78
    2        2038.828     341.856        2038.896     341.575               2               2
  222       -1346.890     901.880       -1346.771     902.066             222             222
  221        2115.093   -1059.120        2114.993   -1059.273             221             221
    1         318.432    -963.594         318.461    -963.610               1               1
   11       -1138.703    -542.670       -1138.673    -542.527              11              11
   99       -2118.480   -1514.520       -2118.738   -1514.305              99              99
   44        2542.203     401.873        2542.168     401.622              44              44
   79         665.156   -3419.204         664.859   -3419.307              79              79
    8        -889.740    -721.116        -889.816    -721.195               8               8
   15        2663.886     930.804        2664.076     930.439              15              15
  136       -2040.036   -2267.833       -2040.165   -2267.693             136             136
  235        -664.857    -220.298        -664.892    -220.440             235             235
    8       -1093.489    1799.121       -1093.365    1799.114               8               8
  155         742.524     997.407         742.522     997.321             155             155
   29        1618.921    -670.300        1618.820    -670.511              29              29
  149        1025.902     918.427        1026.080     918.273             149             149
  189        -543.505      31.913        -543.461      31.994             189             189
  165        1138.345    -876.575        1138.288    -876.752             165             165
  123       -1209.079     903.245       -1208.959     903.342             123             123
    1         985.020     -15.748         984.975     -15.848               1               1
  150         818.738    -421.293         818.708    -421.384             150             150
   36         784.293   -1730.868         784.136   -1731.060              36              36
  179         888.163    -338.341         888.219    -338.693             179             179
   19        -226.770    3198.655        -226.293    3198.553              19              19
   89         654.092    1200.231         654.337    1200.189              89              89
   68        -820.184    1052.083        -819.970    1052.243              68              68
  249         379.246     811.517         379.412     811.570             249             249
  129         -33.079     668.803         -32.863     668.980             129             129
  156       -2146.577   -2178.184       -2146.797   -2177.800             156             156
  104        -620.251   -1762.805        -620.529   -1762.794             104             104
  207        -835.024    -943.256        -835.245    -943.329             207             207
  159         962.042     347.509         961.990     347.164             159             159
   71        1041.086    2143.126        1041.362    2142.849              71              71
  172         688.899    2023.049         689.241    2022.956             172             172
  160        -920.517    1182.614        -920.303    1182.784             160             160
   83       -1067.987    1283.328       -1067.901    1283.528              83              83
   16        1812.415    2418.527        1812.689    2418.489              16              16
  205         377.483    -239.825         377.548    -239.584             205             205
  162       -1128.768   -1574.709       -1128.941   -1574.373             162             162
   25        -126.665   -1956.878        -126.966   -1956.843              25              25
  220         -88.292    -399.245         -88.401    -399.320             220             220
   43         292.098    1478.498         292.232    1478.472              43              43
    5         344.235    -159.115         344.150    -159.054               5               5
  229        1107.765      91.424        1107.747      91.400             229             229
  198         209.238   -1505.084         209.006   -1505.013             198             198
   35        1792.980   -1986.640        1792.722   -1986.958              35              35
  122         683.973    1291.727         684.242    1291.591             122             122
  131         446.188   -1411.694         446.097   -1411.744             131             131
  201        -882.533    -521.220        -882.588    -521.186             201             201
  246         684.438    -599.261         684.292    -599.506             246             246
  133        1477.389    1609.195        1477.613    1608.885             133             133
   95        1374.865     319.414        1374.991     319.183              95              95
   27         979.506    1734.343         979.868    1734.205              27              27
   56        1632.943    1374.689        1633.344    1374.588              56              56
  114        -385.212     845.787        -384.852     846.072             114             114
  116        -162.346    -963.543        -162.296    -963.276             116             116
  124        -851.181   -2184.573        -851.351   -2184.344             124             124
  108        -326.766   -1873.281        -326.932   -1873.304             108             108
  245        -554.761      59.203        -554.659      59.193             245             245
   25        -861.386    -814.106        -861.471    -814.053              25              25
  213         472.858    -231.898         472.874    -232.104             213             213
  197       -1336.386    1971.403       -1336.102    1971.604             197             197
  184        1515.152    -955.724        1514.994    -955.843             184             184
   28        1388.311   -1667.254        1388.242   -1667.529              28              28
  114        -381.929     459.236        -381.634     459.186             114             114
   88         129.094   -1434.054         129.136   -1434.260              88              88
  111       -2622.582    3008.273       -2621.964    3008.550             111             111
  130        -705.015      99.209        -704.940      99.384             130             130
   38       -2110.368     389.041       -2110.299     389.418              38              38
   18       -1634.170   -1563.563       -1634.598   -1563.355              18              18
  156        2920.178     -28.936        2920.134     -29.567             156             156
    2         -43.331     941.551         -42.965     941.364               2               2
   62       -1668.247    2847.108       -1667.678    2847.325              62              62
  162        -674.493    1510.412        -674.193    1510.672             162             162
  231       -1747.193      72.219       -1747.147      72.654             231             231
    4       -1647.661    -751.676       -1647.871    -751.383               4               4
  197        -114.509    1179.267        -114.421    1179.313             197             197
   98       -1791.023      -3.771       -1791.201      -3.407              98              98
  136        2201.258     113.643        2201.161     113.344             136             136
  142        -482.090      78.952        -482.036      79.055             142             142
   88        -446.235     387.580        -446.225     387.668              88              88
   14         877.012     884.990         877.148     884.932              14              14
  237        -172.180    -915.353        -172.241    -915.318             237             237
  116       -1388.746    2535.621       -1388.348    2535.929             116             116
   70        -620.593    -809.098        -620.867    -808.798              70              70
   96        1597.831    -706.397        1597.668    -706.610              96              96
  233          17.510     447.840          17.674     447.855             233             233
  195        -952.982     575.211        -952.867     575.459             195             195
  205        -279.474    -435.283        -279.593    -435.160             205             205
  223        -347.800    1049.120        -347.715    1049.300             223             223
  220        1558.010    -473.880        1557.974    -473.912             220             220
  162       -2546.321   -2928.828       -2546.869   -2928.418             162             162
  164        3360.000       0.801        3360.000       0.000             164             164
  149       -2547.436    2927.992       -2546.877    2928.411             149             149
  191        1557.932     473.950        1557.971     473.915             191             191
   23        -347.623   -1049.486        -347.711   -1049.301              23              23
  238        -279.717     435.030        -279.594     435.158             238             238
   47        -952.746    -575.723        -952.866    -575.463              47              47
  153          17.848    -447.872          17.675    -447.856             153             153
   20        1597.494     706.840        1597.667     706.614              20              20
   65        -621.163     808.474        -620.869     808.796              65              65
   54       -1387.911   -2536.266       -1388.342   -2535.933              54              54
   22        -172.313     915.277        -172.245     915.316              22              22
  128         877.297    -884.865         877.149    -884.929             128             128
  216        -446.213    -387.767        -446.225    -387.670             216             216
  254        -481.977     -79.170        -482.036     -79.056             254             254
  132        2201.053    -113.008        2201.162    -113.340             132             132
  157       -1791.403       2.993       -1791.202       3.403             157             157
   96        -114.319   -1179.366        -114.419   -1179.313              96              96
   13       -1648.113     751.042       -1647.872     751.379              13              13
   43       -1747.094     -73.162       -1747.148     -72.659              43              43
  185        -673.836   -1510.974        -674.187   -1510.673             185             185
   27       -1667.004   -2847.583       -1667.672   -2847.328              27              27
   25         -42.531    -941.141         -42.962    -941.362              25              25
   46        2920.080      30.322        2920.133      29.572              46              46
   98       -1635.116    1563.101       -1634.602    1563.351              98              98
  122       -2110.215    -389.878       -2110.298    -389.422             122             122
   23        -704.845     -99.597        -704.938     -99.384              23              23
   38       -2621.197   -3008.898       -2621.957   -3008.557              38              38
   71         129.185    1434.515         129.134    1434.260              71              71
  246        -381.265    -459.121        -381.632    -459.185             246             246
    3        1388.150    1667.879        1388.238    1667.533               3               3
  234        1514.792     955.997        1514.991     955.847             234             234
  155       -1335.734   -1971.861       -1336.094   -1971.605             155             155
  152         472.894     232.367         472.874     232.103             152             152
  169        -861.583     813.981        -861.472     814.051             169             169
  178        -554.524     -59.183        -554.658     -59.195             178             178
  134        -327.157    1873.332        -326.936    1873.303             134             134
  216        -851.580    2184.037        -851.353    2184.343             216             216
   76        -162.231     962.917        -162.297     963.275              76              76
  154        -384.366    -846.458        -384.851    -846.073             154             154
   26        1633.895   -1374.444        1633.350   -1374.583              26              26
  130         980.372   -1734.014         979.873   -1734.204             130             130
  177        1375.169    -318.857        1374.993    -319.178             177             177
  154        1477.929   -1608.449        1477.616   -1608.882             154             154
   91         684.086     599.852         684.291     599.508              91              91
  175        -882.665     521.135        -882.587     521.183             175             175
   31         445.962    1411.816         446.093    1411.744              31              31
  248         684.632   -1291.392         684.244   -1291.587             248             248
   16        1792.342    1987.423        1792.717    1986.963              16              16
   45         208.664    1504.910         209.004    1505.013              45              45
   36        1107.722     -91.362        1107.748     -91.398              36              36
  202         344.020     158.966         344.148     159.055             202             202
   73         292.440   -1478.434         292.237   -1478.472              73              73
   62         -88.562     399.433         -88.400     399.320              62              62
  248        -127.432    1956.788        -126.971    1956.842             248             248
  171       -1129.212    1573.855       -1128.945    1574.371             171             171
  184         377.648     239.211         377.547     239.584             184             184
   15        1813.121   -2418.424        1812.693   -2418.484              15              15
  210       -1067.761   -1283.847       -1067.898   -1283.531             210             210
    0        -919.960   -1183.057        -920.300   -1182.786              -0               0
    6         689.797   -2022.807         689.248   -2022.955               6               6
  213        1041.813   -2142.400        1041.367   -2142.847             213             213
  235         961.906    -346.600         961.991    -347.162             235             235
  161        -835.609     943.445        -835.247     943.327             161             161
  109        -620.990    1762.775        -620.532    1762.793             109             109
  148       -2147.167    2177.160       -2146.799    2177.800             148             148
   83         -32.496    -669.279         -32.861    -668.981              83              83
  244         379.697    -811.655         379.414    -811.567             244             244
  109        -819.598   -1052.519        -819.967   -1052.245             109             109
  159         654.765   -1200.113         654.340   -1200.187             159             159
  142        -225.447   -3198.374        -226.284   -3198.553             142             142
  136         888.315     339.314         888.218     338.695             136             136
   34         783.851    1731.403         784.132    1731.063              34              34
   63         818.653     421.548         818.706     421.385              63              63
   34         984.896      16.037         984.975      15.852              34              34
  125       -1208.739    -903.521       -1208.957    -903.343             125             125
  239        1138.177     877.083        1138.284     876.755             239             239
   66        -543.381     -32.145        -543.461     -31.995              66              66
  117        1026.414    -917.983        1026.082    -918.270             117             117
  255        1618.627     670.913        1618.818     670.516             255             255
  112         742.521    -997.159         742.524    -997.320             112             112
  154       -1093.125   -1799.104       -1093.363   -1799.115             154             154
  202        -664.961     220.714        -664.893     220.440             202             202
  185       -2040.419    2267.415       -2040.168    2267.689             185             185
  216        2664.452    -929.707        2664.078    -930.429             216             216
  194        -889.968     721.350        -889.817     721.195             194             194
  101         664.252    3419.519         664.849    3419.310             101             101
  145        2542.102    -401.110        2542.170    -401.617             145             145
  210       -2119.268    1513.857       -2118.743    1514.297             210             210
   55       -1138.614     542.233       -1138.675     542.526              55              55
  146         318.516     963.645         318.458     963.611             146             146
  216        2114.783    1059.600        2114.992    1059.280             216             216
   13       -1346.519    -902.463       -1346.769    -902.070              13              13
  125        2039.041    -340.974        2038.896    -341.570             125             125
  122        -348.048    1288.733        -347.695    1288.687             122             122
  122         180.814    1152.565         181.028    1152.535             122             122
   18         164.439    1108.730         164.603    1108.804              18              18
  205        1270.299     185.184        1270.314     185.022             205             205
  111         641.758     219.977         641.883     219.923             111             111
  127        1117.695    -526.592        1117.766    -526.852             127             127
  109        -633.286    -194.241        -633.086    -194.310             109             109
  253       -1711.948    3573.198       -1711.117    3573.650             253             253
    8         398.950   -1089.595         398.624   -1089.509               8               8
  143        -607.314    1360.068        -607.018    1360.229             143             143
   61        -546.534    1306.952        -546.350    1307.313              61              61
   43        -129.356    -690.984        -129.720    -690.750              43              43
   12        1211.688     466.113        1211.678     465.954              12              12
   45         710.433    -480.728         710.358    -480.781              45              45
  109         214.216       3.314         214.309       3.316             109             109
  130        -349.104    -537.876        -349.156    -537.818             130             130
   45        -638.486     242.333        -638.422     242.334              45              45
  221       -1073.835    3235.273       -1073.209    3235.742             221             221
   28         657.059   -2264.492         656.393   -2264.359              28              28
  247       -1177.436    -686.573       -1177.758    -686.397             247             247
  151         227.072     683.695         226.933     683.554             151             151
  245        1081.271    -411.263        1080.954    -411.654             245             245
  185        1370.064    1574.108        1370.430    1573.622             185             185
  252       -1183.510    2310.446       -1183.072    2310.862             252             252
  134        1504.204     229.576        1504.025     229.443             134             134
  139        1575.225     887.146        1575.445     886.978             139             139
   51         192.469    -958.918         192.293    -958.906              51              51
   25         457.415    2649.702         458.063    2649.716              25              25
  100         111.912     391.399         111.958     391.751             100             100
   64        1057.409     791.980        1057.581     792.174              64              64
  150         239.118   -1402.922         238.784   -1402.535             150             150
  222         998.557   -2043.658         998.098   -2043.756             222             222
  187        -481.022    -648.451        -481.201    -648.350             187             187
  169        1253.502     -42.135        1253.394     -42.383             169             169
  172        2453.583   -1374.105        2453.480   -1374.702             172             172
   42       -1064.199    -346.155       -1064.000    -346.000              42              42
   40         491.887    -291.352         491.966    -291.608              40              40
   25        -570.067     237.283        -569.842     237.260              25              25
   40        -406.999    1411.060        -406.583    1411.128              40              40
   49         543.400     544.521         543.679     544.478              49              49
  169        -639.729    1277.511        -639.143    1277.922             169             169
  102       -3026.474   -1525.381       -3026.938   -1524.445             102             102
   92         680.578    1195.504         680.652    1195.480              92              92
  181        -357.871   -1376.669        -358.280   -1376.344             181             181
  147        -321.792   -1528.983        -322.239   -1528.928             147             147
  201       -1307.752    -989.700       -1308.173    -989.614             201             201
   56        -895.403     901.185        -895.599     901.180              56              56
  192        1973.933     934.560        1973.843     934.003             192             192
  167         984.290     598.117         984.379     597.918             167             167
   85        1232.452     397.537        1232.664     397.356              85              85
  183       -1420.718   -1686.590       -1421.120   -1686.301             183             183
   62        -831.211    1189.342        -831.201    1189.334              62              62
   74         669.837    1292.863         669.751    1292.678              74              74
  113        2866.620     704.990        2866.653     704.289             113             113
   59        1225.690    2135.825        1226.392    2135.769              59              59
  209         894.372    -918.395         894.346    -918.322             209             209
  253        -750.809     643.216        -750.541     643.634             253             253
  111         707.065    -258.389         706.993    -258.219             111             111
  234         703.957   -2470.899         703.445   -2470.979             234             234
   98        -704.451    -587.555        -704.500    -587.557              98              98
  176        -467.478     779.814        -467.352     779.877             176             176
  129         787.479     -84.297         787.389     -84.414             129             129
   64          76.088   -1000.329          75.787   -1000.351              64              64
  107        1442.881    -492.477        1442.801    -493.001             107             107
   42        1222.349    -304.285        1222.651    -304.819              42              42
  237       -2299.250     155.192       -2298.935     155.528             237             237
  150       -1102.253    2021.399       -1101.791    2021.613             150             150
   83        -308.994     151.622        -309.071     151.805              83              83
    7        -635.404    -714.042        -635.760    -714.001               7               7
  191         463.208    2023.488         463.611    2023.296             191             191
  132         126.647    -619.533         126.435    -619.605             132             132
  176        -638.714    2305.461        -638.219    2305.639             176             176
   37        1107.311      84.505        1107.256      84.380              37              37
  224        -668.286     338.391        -668.215     338.633             224             224
  102         -38.947     891.908         -38.847     892.021             102             102
  185         -47.162     612.518         -47.185     612.744             185             185
  170         879.937    -158.159         879.721    -158.165             170             170
  158        1561.810   -1230.639        1561.551   -1231.025             158             158
  122        -990.002    -247.538        -990.006    -247.414             122             122
   81         955.820     476.801         955.974     476.387              81              81
  243        -907.013     580.105        -906.806     580.251             243             243
   49           2.154     787.281           2.328     787.191              49              49
  144       -1127.220    1383.786       -1126.989    1384.113             144             144
   62          83.033    1094.645          83.017    1094.788              62              62
  163        1453.364    -194.114        1453.149    -194.417             163             163
  203         151.093     717.381         151.252     717.355             203             203
   16         526.658     208.124         526.632     207.937              16              16
  160         710.477    1828.764         710.984    1828.567             160             160
   58        -114.458    1953.885        -113.953    1954.237              58              58
  250        1063.001    -473.034        1062.834    -473.029             250             250
    2         333.840     901.609         334.170     901.725               2               2
  235        -217.927      -3.507        -217.962      -3.201             235             235
  124        1455.341     245.363        1455.473     245.140             124             124
   67        -438.566    -207.305        -438.478    -207.055              67              67
   86        -213.817     809.165        -213.609     809.365              86              86
  167        1183.284     101.472        1183.400     101.341             167             167
   48        -130.850    -452.296        -130.715    -452.168              48              48
  237       -1789.060    -168.295       -1789.093    -167.920             237             237
  250         467.450    3314.307         468.314    3314.341             250             250
   55        -952.917    -506.896        -953.202    -506.200              55              55
  173        1645.024     -53.592        1644.945     -53.932             173             173
  126         183.154    1285.128         183.726    1285.266             126             126
  232        -247.550    1216.334        -246.993    1216.867             232             232
  210       -1132.004    -662.277       -1132.123    -661.441             210             210
   95        -114.572   -1294.059        -114.941   -1293.791              95              95
   78        -109.686       5.755        -109.515       5.902              78              78
  140       -1664.905      58.947       -1664.726      59.641             140             140
    9       -2731.524    -765.591       -2731.958    -764.638               9               9
  237        -588.353    -235.970        -588.828    -235.809             237             237
    6       -1065.622    1638.835       -1065.591    1639.362               6               6
   91        1430.266   -1035.890        1429.676   -1036.009              91              91
  225       -1530.516    -552.290       -1530.920    -551.759             225             225
   56         606.801     -78.051         606.397     -78.248              56              56
  236         449.851    1315.342         450.041    1315.374             236             236
   31        -221.407    -759.681        -221.849    -759.390              31              31
  219         693.306    -138.053         693.100    -138.232             219             219
  184        -470.342     810.798        -470.237     811.005             184             184
   47         487.758    1261.315         488.040    1261.454              47              47
  123       -1780.838     340.204       -1780.983     341.222             123             123
  243        -147.590    -829.998        -148.427    -829.523             243             243
   42        2892.928   -1236.095        2892.356   -1236.773              42              42
  126        -815.646     214.603        -815.517     215.049             126             126
  222        -896.635    -769.011        -897.164    -768.430             222             222
  167        1202.699   -1935.144        1201.834   -1935.447             167             167
  193         441.412    -526.456         441.222    -526.766             193             193
   53        -732.941    1033.803        -732.681    1034.028              53              53
   78       -1454.476     763.149       -1454.616     764.002              78              78
  242        1085.960   -3407.496        1084.503   -3407.736             242             242
   35        -159.499     434.913        -159.629     434.733              35              35
   72         528.861    -534.639         528.466    -534.932              72              72
   42       -1797.033     611.304       -1797.367     611.726              42              42
  208        3265.994     899.868        3265.883     898.889             208             208
  199       -1063.898     546.668       -1063.917     547.215             199             199
   18        1301.144    -849.299        1300.481    -849.605              18              18
  163        1662.777    1230.189        1663.066    1229.828             163             163
   39         109.758    -767.664         109.531    -767.404              39              39
   97        -288.519    -501.516        -288.824    -501.211              97              97
   47         640.502   -2182.196         639.667   -2182.445              47              47
   49        -220.778     111.467        -220.840     111.319              49              49
   78        -485.757    -837.035        -486.250    -837.129              78              78
   53         478.816     946.530         478.930     946.100              53              53
  141       -1356.493     725.161       -1356.559     725.430             141             141
   47         632.837    2434.313         633.224    2434.266              47              47
  109        -159.144     354.868        -159.304     355.452             109             109
  121        -174.278   -2862.841        -175.496   -2862.665             121             121
   79        -292.852    -546.249        -293.288    -546.573              79              79
   73       -2419.392    2094.809       -2419.315    2095.425              73              73
   50         392.527    -168.639         391.621    -168.730              50              50
  127        -117.806     464.499        -118.497     464.431             127             127
  196        2227.134    1093.898        2226.879    1093.149             196             196
   37       -1253.799     702.902       -1254.194     703.389              37              37
  170        1191.444    -240.507        1190.509    -240.995             170             170
   67         561.000    2477.062         560.986    2476.888              67              67
    4        2022.048     282.330        2021.419     281.838               4               4
   82          96.226    1452.440          95.949    1452.505              82              82
    4        2330.643    1958.136        2330.532    1957.734               4               4
   57         643.419     222.243         642.869     222.482              57              57
  160         272.168     -75.820         271.314     -75.706             160             160
  246          98.836    2269.094          98.503    2269.422             246             246
   93        -177.803     190.335        -179.185     190.995              93              93
  233        -543.488     -63.075        -545.594     -62.414             233             233
   32        -588.603     181.675        -591.880     182.355              32              32
   45          48.685   -1026.566          41.618   -1026.223              45              45
