SINAL     NFT                         FFT                         NFT INVERSA     FFT INVERSA
-----     -----------------------     -----------------------     -----------     -----------
  172       66968.000       0.000       66968.000       0.000             172             172
  248         -14.568     229.229         -14.554     229.229             248             248
   81        1059.195     558.064        1059.209     558.065              81              81
  131         289.106   -1619.309         289.117   -1619.306             131             131
  243         899.573   -2793.187         899.579   -2793.189             243             243
  145        1203.351     449.222        1203.366     449.215             145             145
  175        1442.380    2346.177        1442.402    2346.174             175             175
   92        1928.225    -144.642        1928.244    -144.641              92              92
  239          67.052   -1444.394          67.068   -1444.388             239             239
  149       -1009.274   -2811.965       -1009.269   -2811.959             149             149
  158       -1179.441    -770.560       -1179.431    -770.559             158             158
   92         -60.691     -55.608         -60.680     -55.613              92              92
  162        1611.041    1500.355        1611.071    1500.345             162             162
   59       -2508.273    -888.812       -2508.263    -888.787              59              59
  224        -342.882   -1505.897        -342.892   -1505.896             224             224
  183        1876.735     -46.819        1876.742     -46.840             183             183
  135         688.653    -714.987         688.662    -715.003             135             135
  244        1203.390    1535.847        1203.425    1535.826             244             244
  159         651.399    1563.925         651.443    1563.923             159             159
  116        -947.141    -335.512        -947.118    -335.495             116             116
  233       -1503.819    1629.430       -1503.785    1629.460             233             233
  128        -422.605    -900.569        -422.608    -900.546             128             128
  247        -942.216    -674.746        -942.226    -674.723             247             247
   23        1254.381     -35.857        1254.377     -35.861              23              23
   97        1221.497   -2276.229        1221.471   -2276.239              97              97
  249        1085.101   -1478.293        1085.094   -1478.316             249             249
  225        -200.907   -1393.200        -200.919   -1393.214             225             225
  162        1440.332     158.226        1440.341     158.182             162             162
   18        1414.897      16.508        1414.914      16.465              18              18
  193        2023.814     661.276        2023.861     661.221             193             193
   50       -1042.796    1747.048       -1042.733    1747.063              50              50
  191         901.857     385.615         901.880     385.602             191             191
  186        1093.583     415.912        1093.621     415.885             186             186
  131         642.149    2914.569         642.252    2914.579             131             131
   66        -972.950   -1963.075        -972.960   -1963.022              66              66
  174         925.954   -1420.850         925.955   -1420.879             174             174
   21       -1352.503    1075.789       -1352.449    1075.808              21              21
  242         493.774     857.904         493.813     857.900             242             242
   10        1095.038     513.366        1095.097     513.359              10              10
    5       -2621.553    -606.749       -2621.533    -606.668               5               5
  136        -275.646    -856.644        -275.657    -856.637             136             136
  169        -597.432     266.371        -597.409     266.382             169             169
   97        -623.101     391.816        -623.082     391.837              97              97
   42        -312.298     246.496        -312.290     246.516              42              42
  228         423.935     -55.406         423.938     -55.399             228             228
   65         503.161   -1692.372         503.132   -1692.390              65              65
  225        -261.908     888.073        -261.863     888.070             225             225
  107         -58.310    -388.769         -58.308    -388.768             107             107
   53        -531.977     -61.122        -531.981     -61.117              53              53
  129        2543.583     309.533        2543.613     309.438             129             129
  223         -13.998    1313.597         -13.896    1313.597             223             223
   31       -1252.460      62.356       -1252.417      62.406              31              31
    2       -1221.548     435.445       -1221.525     435.489               2               2
  215         631.330     424.198         631.358     424.182             215             215
   54        -982.716     668.282        -982.674     668.324              54              54
  100        -233.492     320.394        -233.477     320.410             100             100
  209        -310.120    1535.686        -310.065    1535.723             209             209
   23         685.096    -329.014         685.090    -329.003              23              23
    7         562.989     472.722         563.040     472.731               7               7
  228       -1371.725    -481.830       -1371.719    -481.754             228             228
  217        -813.767     528.915        -813.758     528.969             217             217
   57         317.471      43.390         317.453      43.418              57              57
  163        1218.005   -1071.102        1217.968   -1071.124             163             163
  147         601.059     369.712         601.103     369.716             147             147
  189        -408.201   -2242.699        -408.272   -2242.683             189             189
  230         561.608     982.586         561.666     982.539             230             230
   65         650.913     782.700         650.987     782.687              65              65
  211        -902.060      89.971        -902.021      90.033             211             211
  216         342.635     697.702         342.698     697.721             216             216
   76        -773.662    -149.831        -773.628    -149.747              76              76
  216        -743.800    -848.559        -743.805    -848.488             216             216
   96       -2318.652   -1074.333       -2318.708   -1074.225              96              96
  245         206.556     987.125         206.567     987.126             245             245
   57         596.648     162.706         596.664     162.731              57              57
  139       -1624.880   -1206.564       -1624.941   -1206.446             139             139
  217          21.705    -306.027          21.661    -306.003             217             217
  123        -432.656     -88.749        -432.691     -88.676             123             123
  109         651.044   -2914.726         650.876   -2914.746             109             109
   69        -591.136     678.827        -591.133     678.855              69              69
  176        1094.447   -1960.795        1094.309   -1960.841             176             176
  239         982.403    -206.449         982.379    -206.509             239             239
   37        1058.622   -1898.772        1058.527   -1898.854              37              37
  207         634.749     244.138         634.778     244.057             207             207
  241         672.725     511.160         672.777     511.120             241             241
  253        -141.049    -891.226        -141.081    -891.221             253             253
    6         413.539     191.519         413.553     191.495               6               6
   86         793.865   -1363.532         793.813   -1363.581              86              86
  206        -442.380    -861.738        -442.415    -861.755             206             206
   30         995.543    -898.897         995.506    -899.030              30              30
   93        -190.624    1019.888        -190.540    1019.825              93              93
  179         480.443     988.812         480.528     988.746             179             179
  247       -1077.643    1412.934       -1077.551    1413.005             247             247
  150         220.775   -1254.238         220.687   -1254.269             150             150
   87        -685.648    1762.120        -685.582    1762.131              87              87
  139        1912.693      12.319        1912.674      12.196             139             139
   84        -128.061    2082.304        -127.928    2082.334              84              84
   61         448.309    -753.179         448.238    -753.172              61              61
  205        1482.373     477.509        1482.395     477.422             205             205
   39        1509.854    -980.536        1509.833    -980.669              39              39
   22         383.029    3161.010         383.296    3160.976              22              22
   25       -1303.386     991.189       -1303.324     991.363              25              25
    0        2361.790    -466.916        2361.755    -466.998              -0               0
  118        1198.853     562.619        1198.976     562.612             118             118
   15        -990.857   -1467.127        -990.889   -1467.005              15              15
   58        -230.164    -797.632        -230.217    -797.615              58              58
    2        1628.050      84.059        1628.087      83.957               2               2
  233        1026.012   -1060.738        1026.062   -1060.810             233             233
  181       -2806.244    -531.238       -2806.210    -531.094             181             181
  112        -655.452     140.179        -655.470     140.151             112             112
   46         112.300    2671.482         112.474    2671.473              46              46
  102       -1392.621    -218.474       -1392.695    -218.330             102             102
   95        1877.815    1440.185        1877.855    1440.111              95              95
   84        1080.437   -1460.007        1080.352   -1460.038              84              84
   54        -369.027      36.811        -369.033      36.812              54              54
   81        2435.748    1963.082        2435.918    1962.950              81              81
   81        -489.801   -1008.312        -489.805   -1008.197              81              81
   60        -586.359    -900.819        -586.442    -900.771              60              60
  167        2395.849     491.375        2395.914     491.189             167             167
   32        -521.421     242.951        -521.321     243.012              32              32
   90        -801.402     -69.815        -801.404     -69.743              90              90
    4         877.799    1053.254         877.880    1053.219               4               4
  211        -669.531     517.905        -669.507     518.048             211             211
   82        1032.153    -935.791        1032.032    -935.780              82              82
  155        1026.255   -1548.859        1026.100   -1548.911             155             155
   42        3116.489   -1521.888        3116.412   -1522.199              42              42
  222        1507.748    1510.307        1508.024    1510.142             222             222
  240        -701.077     198.563        -700.927     198.648             240             240
  104        -774.164    -205.975        -774.141    -205.900             104             104
  171        1494.901     493.108        1495.000     493.000             171             171
   24        -276.438     582.043        -276.295     582.135              24              24
  126          77.566    -900.343          77.562    -900.262             126             126
  197         -31.389   -2746.788         -31.543   -2746.809             197             197
   24        -575.165   -1165.783        -575.202   -1165.902              24              24
  245        -237.014    2014.178        -236.789    2014.039             245             245
  212       -1680.706    3796.426       -1680.397    3796.601             212             212
   82        1300.749     246.380        1300.722     246.391              82              82
  247        1387.213     469.298        1387.301     469.278             247             247
  189         583.845   -1594.917         583.802   -1594.945             189             189
    8        -269.251    2005.591        -268.980    2005.638               8               8
  103        -128.661     -16.136        -128.582     -16.023             103             103
  236        -940.256    -194.158        -940.210    -194.000             236             236
  110       -1930.930     608.893       -1930.931     609.170             110             110
  199        1954.700   -1149.089        1954.535   -1149.159             199             199
   64         979.917   -1411.258         979.843   -1411.315              64              64
  165        -319.435    -327.761        -319.424    -327.722             165             165
   24         630.406    -835.708         630.338    -835.760              24              24
  145         812.851    -906.943         812.785    -907.062             145             145
  225        2957.823     634.242        2958.039     633.922             225             225
  191       -1866.443     848.688       -1866.182     848.916             191             191
  177          46.484   -1416.347          46.433   -1416.321             177             177
   60        -410.995    -515.811        -410.933    -515.830              60              60
  196       -1698.056     910.319       -1697.927     910.446             196             196
  133        -174.538     230.282        -174.551     230.289             133             133
  143        1745.504    1367.793        1745.686    1367.644             143             143
   96         611.942    1205.304         612.235    1205.370              96              96
  175       -2074.297   -1230.359       -2074.300   -1230.027             175             175
  109        -578.690   -1126.205        -578.771   -1126.120             109             109
   80        -560.926     -59.398        -560.900     -59.336              80              80
   23           8.420    -276.319           8.456    -276.287              23              23
   25       -1823.140   -1326.415       -1823.251   -1326.252              25              25
  104        -475.969     176.752        -476.006     176.728             104             104
  150        1049.393     870.208        1049.501     870.074             150             150
  222       -1550.226      68.309       -1550.215      68.446             222             222
  129         790.298    2967.502         790.573    2967.511             129             129
  139         248.154   -1136.848         248.037   -1136.708             139             139
  179        1426.144     -72.825        1426.193     -72.871             179             179
  211         852.906   -1411.535         852.927   -1411.541             211             211
  131       -1493.794   -1692.234       -1493.818   -1692.101             131             131
  112       -1087.900     692.013       -1087.744     692.113             112             112
  220       -1150.444   -1445.805       -1150.545   -1445.692             220             220
  234       -1797.211    -616.956       -1797.275    -616.887             234             234
   92       -1700.864    2096.791       -1700.734    2096.908              92              92
   75         628.833    1292.849         628.887    1292.848              75              75
  177        -990.056     264.394        -990.106     264.598             177             177
  157         906.194     793.272         906.194     793.308             157             157
  240          88.157   -1946.209          87.876   -1946.148             240             240
  202        1742.035    1443.120        1742.192    1443.000             202             202
   46         379.965   -2690.420         379.731   -2690.415              46              46
  210        -531.915     756.839        -531.807     756.858             210             210
  137         896.474     273.579         896.527     273.527             137             137
  224        -379.186     -43.236        -379.164     -43.103             224             224
   14         833.313   -1453.094         833.165   -1453.166              14              14
   78         271.897     488.199         272.023     488.169              78              78
  102        -692.738    -161.960        -692.759    -161.818             102             102
  158        2733.736    -370.757        2733.793    -371.017             158             158
  174       -1365.359   -1037.289       -1365.296   -1037.088             174             174
   22        -993.214    -845.242        -993.254    -845.145              22              22
   11        -874.640     128.228        -874.627     128.322              11              11
  254         -41.795    -323.291         -41.857    -323.255             254             254
   46        -108.540   -1391.425        -108.736   -1391.451              46              46
   37        1140.738     755.362        1140.855     755.170              37              37
  103        -180.780     595.385        -180.643     595.484             103             103
  196         382.408   -1534.704         382.274   -1534.682             196             196
    4        -219.346   -1821.676        -219.521   -1821.723               4               4
  232         676.501    -598.101         676.502    -598.365             232             232
   79        -581.412    1637.774        -581.135    1637.760              79              79
  183        1411.372    -314.681        1411.468    -314.873             183             183
  188       -1777.985    -255.778       -1777.874    -255.638             188             188
  210        -177.003    1349.768        -176.766    1349.734             210             210
   40        -934.506     924.804        -934.324     924.988              40              40
  152         -68.387   -1408.430         -68.499   -1408.432             152             152
  189       -1314.551    1184.521       -1314.332    1184.642             189             189
  133        -944.800    -457.041        -944.852    -456.951             133             133
  228       -1559.661     864.529       -1559.630     864.661             228             228
  111         884.134     958.932         884.179     958.774             111             111
   34        -254.278    1854.194        -254.069    1854.259              34              34
  212        1580.577    1200.136        1580.755    1200.045             212             212
   57         845.507     960.517         845.810     960.575              57              57
   81        -865.078    -187.704        -864.896    -187.423              81              81
  166       -2288.757     122.340       -2288.660     122.779             166             166
  195       -1946.471     426.657       -1946.530     427.092             195             195
   50        1026.068    -676.675        1025.860    -676.634              50              50
  181         458.790    -528.636         458.711    -528.529             181             181
   17        1645.019   -1983.362        1644.876   -1983.487              17              17
  152        -991.188   -1254.217        -991.154   -1254.093             152             152
   83       -1680.426    -672.425       -1680.439    -672.238              83              83
  192         100.898     -37.798         100.996     -37.843             192             192
  174       -3169.002     231.699       -3168.936     232.186             174             174
   95       -1074.982   -1603.756       -1075.354   -1603.637              95              95
  191         146.504    1750.008         146.655    1750.000             191             191
  220        -410.483    -974.311        -410.682    -974.120             220             220
  133         201.321   -1954.971         200.992   -1955.034             133             133
   38        1049.845     236.752        1049.960     236.499              38              38
  160       -1872.615     215.614       -1872.513     215.841             160             160
  137         105.954    1137.723         106.146    1137.785             137             137
   15       -1343.824   -2049.293       -1344.036   -2049.075              15              15
  239       -3492.368    1336.846       -3492.314    1337.366             239             239
   64         655.774   -1629.604         655.302   -1629.649              64              64
  203         -75.197    -885.604         -75.421    -885.695             203             203
  194        -778.280     589.111        -778.305     589.140             194             194
  105        -848.195     -79.984        -848.440     -79.915             105             105
  100        2266.512    1399.983        2266.580    1399.660             100             100
  127         -62.575     -71.169         -62.609     -71.054             127             127
  238         791.209    -394.781         791.114    -394.815             238             238
   73         -19.093   -1119.492         -19.294   -1119.464              73              73
  238        1232.532    -892.592        1232.399    -892.855             238             238
   16         505.573     242.744         505.699     242.578              16              16
   29         789.581     967.460         789.925     967.384              29              29
   40       -2153.194   -1861.135       -2153.318   -1860.794              40              40
   97       -2030.779    -793.984       -2030.949    -793.858              97              97
  196        -857.415    1593.492        -857.285    1593.499             196             196
  235       -1890.189    1148.663       -1890.247    1149.043             235             235
  147        1428.391   -2248.771        1427.805   -2249.027             147             147
  122         302.424     376.450         302.381     376.177             122             122
  253         611.058    1975.424         611.297    1975.217             253             253
   44         -18.835    1785.580         -18.617    1785.660              44              44
  205         549.322     276.620         549.324     276.664             205             205
  189       -1388.242     312.916       -1388.343     313.244             189             189
  218        1962.957    -144.474        1962.765    -144.702             218             218
   45         339.618     127.051         339.565     127.083              45              45
  124        1433.060   -1056.499        1432.802   -1056.708             124             124
  182        2785.447     -65.538        2785.584     -66.064             182             182
  178       -1371.840     651.745       -1371.561     651.901             178             178
  163         284.605    2063.877         284.984    2063.935             163             163
   87        -745.007    -725.670        -745.106    -725.380              87              87
   60        -935.723    -142.011        -935.904    -141.793              60              60
  178        3174.000       0.475        3174.000       0.000             178             178
   71        -936.087     141.569        -935.904     141.790              71              71
  124        -745.208     725.084        -745.107     725.380             124             124
  126         285.379   -2063.994         284.989   -2063.935             126             126
    9       -1371.272    -652.067       -1371.560    -651.905               9               9
  229        2785.726      66.622        2785.584      66.071             229             229
  227        1432.531    1056.931        1432.801    1056.712             227             227
  137         339.506    -127.117         339.563    -127.083             137             137
  212        1962.559     144.949        1962.764     144.705             212             212
   44       -1388.455    -313.599       -1388.345    -313.247              44              44
  120         549.326    -276.706         549.324    -276.660             120             120
  228         -18.372   -1785.747         -18.612   -1785.660             228             228
   74         611.565   -1974.988         611.301   -1975.215              74              74
  160         302.334    -375.872         302.381    -376.176             160             160
   70        1427.142    2249.314        1427.797    2249.030              70              70
   14       -1890.309   -1149.476       -1890.244   -1149.047              14              14
  140        -857.134   -1593.510        -857.282   -1593.501             140             140
  218       -2031.143     793.706       -2030.949     793.853             218             218
  136       -2153.466    1860.393       -2153.322    1860.788             136             136
  137         790.325    -967.292         789.927    -967.381             137             137
    6         505.848    -242.380         505.700    -242.576               6               6
   86        1232.236     893.170        1232.395     892.859              86              86
   71         -19.539    1119.433         -19.299    1119.465              71              71
  225         791.000     394.857         791.113     394.818             225             225
  132         -62.651      70.914         -62.610      71.053             132             132
  196        2266.666   -1399.260        2266.582   -1399.654             196             196
  152        -848.739      79.827        -848.441      79.912             152             152
   54        -778.335    -589.177        -778.305    -589.140              54              54
  103         -75.703     885.808         -75.423     885.695             103             103
  239         654.703    1629.707         655.297    1629.650             239             239
  115       -3492.242   -1338.032       -3492.311   -1337.375             115             115
   26       -1344.312    2048.793       -1344.042    2049.072              26              26
   55         106.396   -1137.867         106.148   -1137.786              55              55
  239       -1872.379    -216.144       -1872.512    -215.846             239             239
  153        1050.114    -236.164        1049.963    -236.496             153             153
   65         200.548    1955.117         200.985    1955.034              65              65
  213        -410.946     973.866        -410.683     974.120             213             213
  125         146.859   -1749.990         146.657   -1750.001             125             125
  202       -1075.862    1603.471       -1075.358    1603.634             202             202
  170       -3168.848    -232.855       -3168.937    -232.193             170             170
  169         101.129      37.905         100.996      37.843             169             169
   66       -1680.459     671.976       -1680.441     672.235              66              66
  142        -991.110    1253.916        -991.156    1254.090             142             142
  244        1644.670    1983.669        1644.872    1983.492             244             244
  227         458.598     528.378         458.710     528.529             227             227
  213        1025.561     676.577        1025.858     676.634             213             213
    2       -1946.613    -427.724       -1946.528    -427.098               2               2
  111       -2288.517    -123.420       -2288.658    -122.785             111             111
  176        -864.630     187.009        -864.895     187.421             176             176
  139         846.262    -960.659         845.814    -960.574             139             139
  248        1581.027   -1199.906        1580.760   -1200.042             248             248
  182        -253.751   -1854.357        -254.065   -1854.260             182             182
  225         884.250    -958.533         884.181    -958.772             225             225
   64       -1559.583    -864.866       -1559.630    -864.666              64              64
  152        -944.932     456.811        -944.853     456.949             152             152
  101       -1313.988   -1184.831       -1314.327   -1184.644             101             101
    4         -68.677    1408.434         -68.502    1408.431               4               4
   48        -934.035    -925.278        -934.322    -924.988              48              48
  156        -176.385   -1349.682        -176.763   -1349.735             156             156
  108       -1777.697     255.412       -1777.874     255.635             108             108
   32        1411.620     315.184        1411.467     314.876              32              32
   15        -580.679   -1637.737        -581.130   -1637.761              15              15
  134         676.502     598.797         676.501     598.366             134             134
   87        -219.812    1821.800        -219.523    1821.723              87              87
  255         382.047    1534.645         382.272    1534.683             255             255
   32        -180.407    -595.648        -180.640    -595.483              32              32
  152        1141.058    -754.841        1140.857    -755.168             152             152
  213        -109.079    1391.497        -108.740    1391.451             213             213
  157         -41.966     323.193         -41.858     323.255             157             157
   98        -874.604    -128.488        -874.627    -128.323              98              98
  127        -993.327     844.971        -993.255     845.142             127             127
   71       -1365.188    1036.730       -1365.297    1037.086              71              71
  165        2733.892     371.486        2733.792     371.020             165             165
   14        -692.796     161.562        -692.758     161.817              14              14
   59         272.254    -488.112         272.024    -488.168              59              59
  136         832.890    1453.300         833.163    1453.168             136             136
  227        -379.125      42.858        -379.165      43.103             227             227
   62         896.624    -273.426         896.527    -273.525              62              62
  247        -531.600    -756.897        -531.805    -756.860             247             247
  147         379.280    2690.407         379.725    2690.415             147             147
  201        1742.497   -1442.765        1742.195   -1442.997             201             201
  240          87.324    1946.030          87.871    1946.148             240             240
   74         906.199    -793.375         906.196    -793.305              74              74
  171        -990.203    -265.007        -990.106    -264.603             171             171
   48         628.996   -1292.843         628.888   -1292.846              48              48
  226       -1700.470   -2097.147       -1700.730   -2096.912             226             226
   17       -1797.406     616.743       -1797.276     616.883              17              17
   53       -1150.751    1445.459       -1150.546    1445.689              53              53
   19       -1087.424    -692.320       -1087.743    -692.116              19              19
  174       -1493.874    1691.821       -1493.821    1692.098             174             174
  161         852.966    1411.555         852.924    1411.542             161             161
   51        1426.299      72.971        1426.195      72.873              51              51
  190         247.783    1136.412         248.033    1136.709             190             190
   40         791.172   -2967.529         790.582   -2967.509              40              40
  139       -1550.188     -68.747       -1550.213     -68.450             139             139
  190        1049.739    -869.780        1049.505    -870.073             190             190
   72        -476.089    -176.679        -476.006    -176.729              72              72
   35       -1823.503    1325.879       -1823.254    1326.247              35              35
  147           8.535     276.216           8.455     276.287             147             147
  230        -560.837      59.188        -560.899      59.332             230             230
  134        -578.959    1125.925        -578.773    1126.120             134             134
   19       -2074.311    1229.252       -2074.302    1230.021              19              19
   45         612.924   -1205.525         612.240   -1205.370              45              45
   44        1746.119   -1367.288        1745.691   -1367.640              44              44
   33        -174.581    -230.307        -174.550    -230.289              33              33
  105       -1697.610    -910.758       -1697.923    -910.450             105             105
  180        -410.787     515.875        -410.935     515.829             180             180
    5          46.308    1416.256          46.431    1416.321               5               5
  167       -1865.537    -849.480       -1866.181    -848.920             167             167
  172        2958.580    -633.116        2958.042    -633.914             172             172
  153         812.620     907.363         812.785     907.064             153             153
  112         630.167     835.889         630.337     835.761             112             112
  157        -319.396     327.621        -319.424     327.721             157             157
  228         979.648    1411.466         979.841    1411.317             228             228
   28        1954.099    1149.347        1954.532    1149.162              28              28
  206       -1930.930    -609.909       -1930.929    -609.176             206             206
  199        -940.089     193.581        -940.210     193.999             199             199
   45        -128.367      15.718        -128.581      16.023              45              45
    3        -268.237   -2005.766        -268.975   -2005.638               3               3
  219         583.679    1595.021         583.799    1594.946             219             219
  219        1387.544    -469.224        1387.302    -469.277             219             219
  164        1300.648    -246.415        1300.723    -246.387             164             164
   15       -1679.514   -3797.098       -1680.389   -3796.605              15              15
  153        -236.140   -2013.647        -236.783   -2014.042             153             153
  204        -575.310    1166.241        -575.203    1165.900             204             204
  154         -32.000    2746.869         -31.550    2746.809             154             154
   87          77.549     900.026          77.561     900.263              87              87
   21        -275.867    -582.408        -276.292    -582.137              21              21
  190        1495.295    -492.675        1495.000    -493.000             190             190
  235        -774.069     205.662        -774.140     205.897             235             235
  251        -700.464    -198.914        -700.926    -198.649             251             251
   68        1508.892   -1509.622        1508.029   -1510.139              68              68
  254        3116.160    1523.189        3116.408    1522.205             254             254
   41        1025.597    1549.079        1026.096    1548.913              41              41
  113        1031.649     935.753        1032.033     935.783             113             113
   32        -669.423    -518.519        -669.505    -518.051              32              32
  146         878.145   -1053.104         877.880   -1053.219             146             146
   37        -801.409      69.498        -801.404      69.741              37              37
   38        -520.989    -243.216        -521.320    -243.012              38              38
   58        2396.136    -490.547        2395.915    -491.183              58              58
  210        -586.731     900.607        -586.445     900.770             210             210
  192        -489.831    1007.793        -489.809    1008.194             192             192
  170        2436.524   -1962.478        2435.923   -1962.945             170             170
  112        -369.050     -36.826        -369.031     -36.816             112             112
  165        1080.040    1460.151        1080.349    1460.039             165             165
  199        1878.019   -1439.831        1877.860   -1440.107             199             199
   62       -1392.962     217.796       -1392.695     218.327              62              62
  109         113.133   -2671.438         112.481   -2671.473             109             109
  244        -655.540    -140.048        -655.470    -140.152             244             244
   65       -2806.088     530.525       -2806.212     531.086              65              65
   72        1026.248    1061.093        1026.060    1060.813              72              72
  207        1628.231     -83.551        1628.089     -83.952             207             207
  230        -230.427     797.547        -230.218     797.615             230             230
   87        -991.023    1466.507        -990.892    1467.001              87              87
  105        1199.481    -562.576        1198.979    -562.609             105             105
  179        2361.614     467.344        2361.754     467.004             179             179
  241       -1303.067    -992.088       -1303.322    -991.367             241             241
  193         384.431   -3160.833         383.304   -3160.976             193             193
  200        1509.745     981.248        1509.832     980.674             200             200
  175        1482.494    -477.042        1482.396    -477.418             175             175
  172         447.929     753.141         448.237     753.172             172             172
  196        -127.321   -2082.459        -127.921   -2082.333             196             196
  244        1912.586     -11.629        1912.673     -12.191             244             244
  171        -685.270   -1762.179        -685.577   -1762.132             171             171
  238         220.272    1254.412         220.684    1254.270             238             238
  101       -1077.114   -1413.340       -1077.547   -1413.007             101             101
  204         480.934    -988.434         480.529    -988.745             204             204
  128        -190.134   -1019.517        -190.537   -1019.822             128             128
  139         995.324     899.675         995.505     899.031             139             139
  243        -442.588     861.843        -442.416     861.757             243             243
  186         793.543    1363.837         793.809    1363.584             186             186
   94         413.627    -191.370         413.554    -191.492              94              94
  180        -141.244     891.193        -141.082     891.220             180             180
  101         673.048    -510.906         672.778    -511.117             101             101
  206         634.932    -243.630         634.778    -244.056             206             206
   89        1058.017    1899.296        1058.523    1898.858              89              89
   44         982.247     206.834         982.379     206.510              44              44
   12        1093.531    1961.106        1094.303    1960.844              12              12
  198        -591.120    -679.009        -591.133    -678.856             198             198
   33         649.905    2914.865         650.868    2914.749              33              33
   78        -432.894      88.251        -432.692      88.674              78              78
   15          21.399     305.866          21.660     306.003              15              15
  241       -1625.306    1205.743       -1624.944    1206.443             241             241
   53         596.760    -162.873         596.663    -162.729              53              53
  102         206.640    -987.141         206.569    -987.127             102             102
   90       -2319.072    1073.532       -2318.712    1074.219              90              90
  232        -743.841     848.040        -743.807     848.487             232             232
   88        -773.412     149.205        -773.629     149.745              88              88
   28         343.109    -697.846         342.699    -697.721              28              28
  177        -901.755     -90.453        -902.020     -90.035             177             177
    8         651.498    -782.601         650.990    -782.687               8               8
  200         562.070    -982.216         561.670    -982.539             200             200
  117        -408.773    2242.563        -408.274    2242.682             117             117
  253         601.429    -369.726         601.104    -369.713             253             253
  116        1217.680    1071.301        1217.965    1071.126             116             116
   99         317.321     -43.623         317.453     -43.417              99              99
   99        -813.688    -529.395        -813.757    -528.973              99              99
   64       -1371.672     481.151       -1371.719     481.751              64              64
  228         563.447    -472.791         563.041    -472.730             228             228
  238         685.048     328.926         685.091     329.005             238             238
   52        -309.606   -1536.031        -310.063   -1535.724              52              52
  159        -233.343    -320.552        -233.475    -320.411             159             159
   77        -982.316    -668.699        -982.674    -668.327              77              77
  232         631.599    -424.036         631.359    -424.181             232             232
    5       -1221.312    -435.890       -1221.523    -435.492               5               5
   27       -1252.029     -62.874       -1252.416     -62.409              27              27
   65         -12.950   -1313.607         -13.894   -1313.598              65              65
   49        2543.910    -308.526        2543.615    -309.433              49              49
   40        -532.023      61.062        -531.981      61.116              40              40
    8         -58.290     388.754         -58.309     388.768               8               8
   83        -261.392    -888.036        -261.860    -888.070              83              83
  118         502.799    1692.583         503.126    1692.391             118             118
   23         423.976      55.336         423.938      55.400              23              23
   68        -312.192    -246.739        -312.289    -246.517              68              68
  171        -622.863    -392.073        -623.082    -391.837             171             171
  126        -597.153    -266.509        -597.409    -266.383             126             126
  159        -275.793     856.544        -275.658     856.636             159             159
  148       -2621.279     605.640       -2621.532     606.661             148             148
  215        1095.842    -513.257        1095.098    -513.356             215             215
  187         494.329    -857.841         493.817    -857.899             187             187
   69       -1351.720   -1076.071       -1352.446   -1075.811              69              69
  224         925.954    1421.291         925.952    1420.882             224             224
  132        -973.118    1962.276        -972.964    1963.020             132             132
  187         643.767   -2914.717         642.260   -2914.576             187             187
  222        1094.202    -415.487        1093.622    -415.884             222             222
  248         902.283    -385.377         901.884    -385.598             248             248
   31       -1041.679   -1747.307       -1042.729   -1747.064              31              31
   65        2024.648    -660.269        2023.863    -661.215              65              65
   57        1415.218     -15.702        1414.915     -16.462              57              57
    3        1440.529    -157.349        1440.343    -158.178               3               3
   48        -201.158    1393.483        -200.922    1393.214              48              48
  109        1084.933    1478.797        1085.089    1478.320             109             109
  163        1220.909    2276.448        1221.467    2276.241             163             163
  125        1254.308      35.968        1254.378      35.864             125             125
   85        -942.466     674.211        -942.227     674.721              85              85
  168        -422.738     900.002        -422.613     900.545             168             168
  153       -1502.905   -1630.229       -1503.780   -1629.462             153             153
  151        -946.545     335.019        -947.119     335.491             151             151
  217         652.694   -1563.862         651.446   -1563.921             217             217
  193        1204.492   -1535.202        1203.429   -1535.822             193             193
  159         688.919     715.505         688.661     715.004             159             159
   45        1876.999      47.641        1876.743      46.845              45              45
   56        -343.282    1505.849        -342.895    1505.895              56              56
  183       -2507.918     887.726       -2508.266     888.780             183             183
  113        1612.350   -1499.875        1611.074   -1500.341             113             113
  228         -60.184      55.853         -60.678      55.613             228             228
   54       -1178.938     770.458       -1179.432     770.556              54              54
   16       -1009.062    2811.595       -1009.275    2811.956              16              16
  120          68.017    1443.946          67.066    1444.386             120             120
   14        1929.586     144.705        1928.245     144.645              14              14
  203        1444.458   -2345.877        1442.407   -2346.172             203             203
  190        1204.912    -448.476        1203.367    -449.214             190             190
  239         900.329    2793.558         899.575    2793.191             239             239
   79         290.893    1618.921         289.114    1619.306              79              79
  121        1062.861    -558.192        1059.211    -558.062             121             121
  205          -7.481    -229.511         -14.554    -229.229             205             205
