SINAL     NFT                         FFT                         NFT INVERSA     FFT INVERSA
-----     -----------------------     -----------------------     -----------     -----------
  101       66559.000       0.000       66559.000       0.000             101             101
  208       -1353.696     143.662       -1353.682     143.664             208             208
  107        1074.961   -2329.719        1074.971   -2329.720             107             107
  206        1909.224    1783.424        1909.241    1783.423             206             206
   47        -649.638   -2619.382        -649.627   -2619.377              47              47
  197       -1421.301   -1683.118       -1421.292   -1683.114             197             197
    1         -35.935    -563.372         -35.925    -563.372               1               1
  162        -527.037   -1561.773        -527.031   -1561.772             162             162
   85        1275.476   -1816.320        1275.480   -1816.334              85              85
   87        -374.819    1892.487        -374.794    1892.482              87              87
  201        -408.203     454.021        -408.189     454.025             201             201
   92         786.323    -241.207         786.334    -241.213              92              92
  180         253.460    -327.789         253.472    -327.794             180             180
  255         618.558     275.197         618.576     275.188             255             255
   80         196.366    1365.695         196.399    1365.694              80              80
  177       -2939.372    -972.316       -2939.368    -972.291             177             177
  206         319.979    1728.204         319.996    1728.201             206             206
  137        1079.890     466.443        1079.901     466.443             137             137
   78        1440.495   -1896.158        1440.488   -1896.173              78              78
  165        1233.767    1031.304        1233.805    1031.288             165             165
  161        -860.276   -1352.092        -860.265   -1352.085             161             161
  241        -858.361    1415.878        -858.324    1415.882             241             241
   38       -1790.355     376.550       -1790.343     376.579              38              38
   76         318.115    -298.907         318.112    -298.911              76              76
  211          79.174     895.197          79.189     895.197             211             211
  209        1884.026    -516.714        1884.034    -516.743             209             209
  142        -877.315    1285.744        -877.270    1285.761             142             142
  199        -921.742    -429.230        -921.741    -429.208             199             199
   82         -25.857     345.066         -25.850     345.069              82              82
  188        -158.378     602.844        -158.371     602.858             188             188
  117        1189.169   -1012.636        1189.151   -1012.652             117             117
  183         575.898     310.879         575.911     310.867             183             183
  141        1481.940      -7.484        1481.955      -7.512             141             141
  225         -99.087     246.345         -99.064     246.353             225             225
  134         487.154    -596.365         487.147    -596.372             134             134
  188        2077.218    -463.306        2077.229    -463.358             188             188
  166         431.368    -800.235         431.388    -800.271             166             166
  135        -443.745    1958.996        -443.673    1958.976             135             135
   95         353.192    3700.630         353.298    3700.641              95              95
  251        1138.076    -119.781        1138.103    -119.767             251             251
  222        -582.788    -134.738        -582.758    -134.698             222             222
   41        -240.882    -214.167        -240.868    -214.146              41              41
   88        -421.043    1433.874        -420.998    1433.918              88              88
  147        1720.311   -2745.683        1720.251   -2745.712             147             147
   40        1464.374     842.865        1464.449     842.819              40              40
  169        -737.023    -568.957        -736.983    -568.934             169             169
   69       -1025.104    1110.533       -1025.037    1110.567              69              69
  246         -44.485     -96.552         -44.457     -96.537             246             246
   50       -1166.066    1405.894       -1165.995    1405.958              50              50
  147        -582.494   -1094.386        -582.515   -1094.337             147             147
  156          87.087     198.229          87.113     198.241             156             156
  212        -821.776     379.237        -821.749     379.294             212             212
  133         764.485    -796.557         764.484    -796.551             133             133
  194       -1671.656    -954.361       -1671.671    -954.293             194             194
   33        1611.990    -400.230        1612.007    -400.283              33              33
   89       -2531.125     317.726       -2531.082     317.825              89              89
  148        -333.650    -303.860        -333.664    -303.829             148             148
  175       -1060.117     -41.843       -1060.130     -41.784             175             175
   32        1085.945    -296.375        1085.932    -296.383              32              32
  230          58.606   -1795.278          58.565   -1795.269             230             230
  108        -693.650    -558.365        -693.655    -558.355             108             108
  150        -705.574     -60.086        -705.585     -60.073             150             150
  158        1166.827     800.345        1166.864     800.308             158             158
  249        -403.372    -938.851        -403.387    -938.826             249             249
  119         470.221    1328.023         470.300    1328.032             119             119
   36       -1069.346   -2011.900       -1069.412   -2011.823              36              36
  182          -8.202    -991.338          -8.244    -991.350             182             182
   30        -222.040    -355.802        -222.055    -355.810              30              30
  171         629.755    -182.056         629.755    -182.096             171             171
   21         493.308    -624.318         493.316    -624.364              21              21
   26       -1561.029    1203.314       -1560.964    1203.374              26              26
  138         764.696    -188.561         764.679    -188.577             138             138
   62         990.609    -847.809         990.608    -847.862              62              62
  114       -1147.453    -407.082       -1147.428    -407.075             114             114
   30       -1244.626    2959.635       -1244.487    2959.697              30              30
  103         177.008    -583.232         176.969    -583.197             103             103
   28        -248.621    1079.394        -248.570    1079.449              28              28
   99        -928.513   -1278.029        -928.611   -1277.935              99              99
   93        2194.512   -1080.846        2194.444   -1080.957              93              93
   78          28.177     237.165          28.214     237.158              78              78
  246         818.832     382.139         818.876     382.127             246             246
  250        -369.638   -2068.253        -369.729   -2068.239             250             250
   35        1421.144    1314.946        1421.237    1314.856              35              35
  124        1237.493    -640.877        1237.549    -640.928             124             124
  189       -1625.668     366.894       -1625.558     366.994             189             189
   68       -2112.646    -662.229       -2112.669    -662.097              68              68
  213          37.779    -850.248          37.723    -850.267             213             213
   81        -734.121     901.838        -734.062     901.872              81              81
  243       -1662.124     495.353       -1662.143     495.496             243             243
  246        1797.968   -2396.395        1797.793   -2396.489             246             246
   55         -68.924      69.919         -68.916      69.878              55              55
   96        1150.669     701.966        1150.726     701.900              96              96
  140        -502.001   -1018.224        -502.034   -1018.191             140             140
  213        -205.778    -252.230        -205.805    -252.234             213             213
   89        1455.419   -1943.352        1455.314   -1943.515              89              89
    4         161.706    1817.752         161.860    1817.646               4               4
  250         415.431    1656.614         415.584    1656.563             250             250
   15        -581.247    1451.862        -581.113    1451.908              15              15
   35         129.686    1826.547         129.838    1826.597              35              35
  165        -602.008     -60.609        -601.971     -60.498             165             165
   36        -974.097     812.065        -974.039     812.204              36              36
   61         137.521    -815.782         137.463    -815.710              61              61
   48        -380.413   -1021.076        -380.491   -1021.014              48              48
   99        1510.717   -1022.900        1510.674   -1023.013              99              99
  176        -425.311    1264.661        -425.158    1264.699             176             176
   78       -1828.422       0.962       -1828.437       1.159              78              78
  202        2221.598   -1782.530        2221.482   -1782.654             202             202
  204        -335.496      25.502        -335.411      25.517             204             204
  177       -1493.241    -158.074       -1493.224    -157.949             177             177
   40         -32.451   -1074.834         -32.538   -1074.828              40              40
   26         665.438       3.230         665.469       3.182              26              26
  168        -532.468   -1679.339        -532.532   -1679.333             168             168
   34        -923.295     -94.139        -923.270     -94.166              34              34
   62       -1283.695    2032.766       -1283.562    2032.832              62              62
   36         287.375      76.945         287.361      76.948              36              36
  223        -799.626     601.901        -799.601     601.987             223             223
  130         889.548    -641.000         889.500    -641.050             130             130
  250       -1034.877    -148.004       -1034.885    -147.952             250             250
   48         693.863     386.178         693.887     386.083              48              48
  118        -621.662    2232.855        -621.489    2232.919             118             118
  240         951.535     739.455         951.621     739.468             240             240
  104       -1875.256     315.890       -1875.228     316.128             104             104
  214        1530.901     201.914        1530.927     201.903             214             214
  125       -1969.319   -1148.340       -1969.384   -1148.091             125             125
   62        -488.354   -1102.090        -488.492   -1102.003              62              62
   47        -353.935   -1536.468        -354.119   -1536.452              47              47
  129          62.380     239.814          62.324     239.773             129             129
   56         573.972    1102.613         573.977    1102.612              56              56
   63        2302.129   -1262.863        2302.000   -1263.000              63              63
  164        1351.823     162.249        1351.905     162.178             164             164
  222          70.137   -1956.156          70.042   -1956.154             222             222
  100         682.211     292.737         682.309     292.655             100             100
  226        -734.223    -588.149        -734.217    -588.088             226             226
   14         314.411     670.083         314.496     670.095              14              14
  199         587.807   -1928.859         587.708   -1928.871             199             199
  146        -332.350   -2459.390        -332.477   -2459.480             146             146
   92        -372.897    1261.037        -372.704    1260.905              92              92
  146       -1084.589    2745.562       -1084.279    2745.647             146             146
   94       -1530.720     837.983       -1530.641     838.231              94              94
   14        -215.714   -1440.159        -215.862   -1440.078              14              14
  186        -160.087    -399.644        -160.104    -399.654             186             186
  121        -938.475     723.520        -938.383     723.600             121             121
  182       -2032.290     243.725       -2032.333     243.944             182             182
  221        1031.532     235.681        1031.488     235.629             221             221
  183        -864.623     369.081        -864.616     369.237             183             183
  219         122.409    -424.459         122.316    -424.371             219             219
  188         327.022   -1503.532         326.865   -1503.501             188             188
   57       -1301.533   -1454.847       -1301.731   -1454.729              57              57
  213         641.410   -1357.610         641.163   -1357.740             213             213
  237        2454.654    -698.638        2454.597    -699.006             237             237
  176        -636.243    1629.730        -636.012    1629.709             176             176
  197        -751.507     554.772        -751.472     554.845             197             197
   85         499.419     385.525         499.431     385.475              85              85
  134       -1078.752    1067.241       -1078.726    1067.380             134             134
   66        2832.587     663.760        2832.629     663.576              66              66
  148        -469.399    -660.898        -469.406    -660.755             148             148
  182         546.989    -107.118         547.003    -107.073             182             182
  196        -990.564   -2760.449        -990.875   -2760.335             196             196
  204        2146.516     -69.453        2146.499     -69.747             204             204
  245         378.918     -90.073         379.007     -90.144             245             245
  104        -948.796    -249.891        -948.789    -249.817             104             104
  170         744.854    -363.724         744.833    -363.847             170             170
   89        -505.850     592.565        -505.757     592.592              89              89
   75        -381.972    -391.036        -382.044    -391.013              75              75
  185         515.538     435.218         515.529     435.138             185             185
   33        1557.792     126.432        1557.808     126.260              33              33
  221        1003.955     515.058        1004.078     514.973             221             221
   21        1419.703   -1179.036        1419.719   -1179.215              21              21
  180        -532.125     769.363        -531.868     769.345             180             180
   59       -1454.219    1028.625       -1454.038    1028.762              59              59
   35         -52.911    1471.022         -52.752    1471.075              35              35
  110        1237.741     934.676        1237.917     934.660             110             110
  181         463.314     360.493         463.540     360.610             181             181
  218       -1199.072   -1526.517       -1199.040   -1526.275             218             218
   76       -2881.092     473.951       -2880.976     474.369              76              76
  108        -380.823   -1778.756        -381.019   -1778.613             108             108
  181       -1716.543   -1356.961       -1716.683   -1356.766             181             181
    8       -1045.410    -909.005       -1045.542    -908.938               8               8
  166       -1770.871     541.191       -1770.893     541.388             166             166
  138        -187.872    -880.719        -188.097    -880.655             138             138
  246         274.692   -1835.516         274.419   -1835.617             246             246
   86        -468.072     642.346        -468.022     642.309              86              86
   79       -1004.401      77.790       -1004.471      77.899              79              79
   76        -161.485    -682.451        -161.693    -682.454              76              76
  220        1104.653    -633.304        1104.520    -633.522             220             220
  146        -617.868     440.281        -617.847     440.259             146             146
  224         442.525    1110.311         442.611    1110.248             224             224
  147        -789.347    -216.630        -789.438    -216.481             147             147
   86          10.690   -2752.245          10.216   -2752.394              86              86
  173        1875.559    2430.460        1875.800    2430.018             173             173
  136        -372.852    2543.024        -372.558    2543.098             136             136
  191         933.768    -176.496         933.701    -176.539             191             191
   87         191.597    1086.008         191.699    1086.031              87              87
  226        1174.586    -238.765        1174.538    -238.866             226             226
   10         693.324     930.074         693.480     930.027              10              10
   16        -222.612    -176.716        -222.637    -176.643              16              16
    4         988.694    1052.712         988.796    1052.643               4               4
  231        1645.150     447.984        1645.258     447.915             231             231
   38        1653.523   -1752.678        1653.507   -1752.841              38              38
  184       -2006.361    -225.762       -2006.227    -225.600             184             184
   35        -383.600    1763.538        -383.347    1763.540              35              35
   74        -502.175    2551.354        -501.834    2551.592              74              74
   39         -56.018   -1135.845         -56.176   -1135.642              39              39
  216         371.262     844.370         371.395     844.484             216             216
   36         322.275   -1607.806         322.157   -1607.702              36              36
  115       -1918.159    -299.417       -1918.180    -299.101             115             115
   69        -244.447    -541.240        -244.614    -541.150              69              69
  217         199.402     207.108         199.351     207.164             217             217
  124         249.939    -737.221         249.755    -737.155             124             124
  235        1596.293    -490.941        1596.200    -491.079             235             235
  100        1687.065   -1064.064        1687.062   -1064.251             100             100
  115       -1102.916    -640.438       -1102.850    -640.303             115             115
   66       -1200.726     451.074       -1200.686     451.257              66              66
  180        1364.486    -107.632        1364.475    -107.738             180             180
  191        -358.449    -887.520        -358.496    -887.428             191             191
   31         -29.083    -105.133         -29.049    -105.143              31              31
   70        -264.770    1800.842        -264.460    1801.007              70              70
  160       -1294.754    -567.945       -1294.874    -567.501             160             160
  178        1113.270   -1460.617        1113.006   -1460.547             178             178
  157         795.022   -3078.748         794.655   -3078.782             157             157
   77         225.062   -2044.497         224.903   -2044.643              77              77
   59        -963.610     250.428        -963.471     250.480              59              59
   93       -1017.016    -659.583       -1017.103    -659.429              93              93
  165          22.253   -1379.166          22.063   -1379.229             165             165
   30       -1576.766     509.927       -1576.752     510.107              30              30
  104        1109.035     -77.093        1108.956     -77.188             104             104
  182        -280.450   -1521.428        -280.665   -1521.364             182             182
   34         217.548     -19.789         217.536     -19.801              34              34
   79         495.373   -2129.532         495.114   -2129.631              79              79
  220        -711.296     -95.312        -711.237     -95.304             220             220
  219       -1783.679     -93.473       -1783.784     -93.227             219             219
  115        1075.345      90.173        1075.227      90.095             115             115
   39         617.502   -2626.698         617.091   -2626.785              39              39
    2         634.804    -521.521         634.764    -521.709               2               2
   76        -204.630   -1513.884        -204.824   -1513.947              76              76
   75         526.168   -1259.070         526.019   -1259.355              75              75
  118         -87.410     974.081         -87.168     973.953             118             118
  145       -1285.092    -764.393       -1285.202    -764.259             145             145
   37        -160.095    -726.653        -160.289    -726.779              37              37
  242          35.979     509.571          35.943     509.424             242             242
  125        2289.884     163.834        2289.935     163.382             125             125
  137        -102.073    1415.411        -101.696    1415.462             137             137
  101         -25.507   -1837.249         -25.652   -1837.224             101             101
  191       -2536.458      12.350       -2536.500      12.660             191             191
   62        1582.440    -227.537        1582.279    -227.820              62              62
   37        1805.861   -1357.247        1805.818   -1357.649              37              37
  223       -2679.064     503.469       -2678.894     503.741             223             223
  133         701.268     427.024         701.280     426.854             133             133
  197        -513.804    -194.523        -513.844    -194.483             197             197
  145         -56.092     417.351         -56.123     417.362             145             145
   34        2432.264   -1332.702        2432.090   -1333.129              34              34
   19          10.352    -304.458          10.471    -304.588              19              19
  205        1069.060     549.973        1069.345     549.763             205             205
  127         408.753   -2413.201         408.703   -2413.431             127             127
  184       -1733.836    1684.065       -1733.205    1684.132             184             184
  235       -2756.383     382.705       -2756.116     383.118             235             235
  231       -3263.000      -0.517       -3263.000       0.000             231             231
  110       -2755.845    -383.545       -2756.115    -383.124             110             110
   13       -1732.560   -1684.206       -1733.202   -1684.135              13              13
   55         408.644    2413.668         408.699    2413.432              55              55
   75        1069.639    -549.540        1069.345    -549.759              75              75
  233          10.593     304.726          10.470     304.590             233             233
  171        2431.903    1333.586        2432.087    1333.135             171             171
  114         -56.157    -417.371         -56.123    -417.361             114             114
  235        -513.888     194.438        -513.845     194.482             235             235
  247         701.296    -426.668         701.283    -426.852             247             247
  190       -2678.709    -504.042       -2678.894    -503.745             190             190
   97        1805.764    1358.094        1805.813    1357.654              97              97
  137        1582.101     228.136        1582.278     227.824             137             137
  227       -2536.547     -13.010       -2536.500     -12.665             227             227
   84         -25.817    1837.198         -25.655    1837.225              84              84
    7        -101.269   -1415.517        -101.692   -1415.461               7               7
  109        2289.994    -162.862        2289.935    -163.378             109             109
  186          35.907    -509.253          35.946    -509.422             186             186
  199        -160.519     726.924        -160.293     726.779             199             199
  171       -1285.332     764.101       -1285.204     764.258             171             171
  223         -86.884    -973.801         -87.167    -973.951             223             223
  166         525.841    1259.696         526.017    1259.358             166             166
   48        -205.057    1514.021        -204.826    1513.946              48              48
  165         634.714     521.936         634.762     521.711             165             165
   56         616.588    2626.889         617.086    2626.784              56              56
   83        1075.086     -89.997        1075.228     -90.092              83              83
  184       -1783.912      92.921       -1783.784      93.224             184             184
    5        -711.164      95.294        -711.237      95.303               5               5
  211         494.784    2129.758         495.108    2129.633             211             211
  113         217.520      19.818         217.536      19.804             113             113
  241        -280.942    1521.281        -280.668    1521.362             241             241
  187        1108.854      77.311        1108.956      77.191             187             187
  223       -1576.734    -510.343       -1576.752    -510.109             223             223
  254          21.810    1379.313          22.059    1379.230             254             254
  243       -1017.217     659.224       -1017.103     659.427             243             243
   43        -963.285    -250.553        -963.470    -250.482              43              43
  231         224.685    2044.838         224.898    2044.644             231             231
  158         794.151    3078.831         794.647    3078.784             158             158
  157        1112.649    1460.454        1113.005    1460.548             157             157
  211       -1295.040     566.890       -1294.876     567.496             211             211
  150        -264.031   -1801.234        -264.457   -1801.008             150             150
   92         -29.001     105.157         -29.049     105.143              92              92
   53        -358.560     887.298        -358.496     887.427              53              53
   32        1364.456     107.890        1364.474     107.741              32              32
   63       -1200.628    -451.519       -1200.685    -451.259              63              63
  138       -1102.759     640.110       -1102.852     640.301             138             138
   39        1687.058    1064.523        1687.062    1064.254              39              39
  173        1596.063     491.285        1596.198     491.084             173             173
   68         249.486     737.061         249.753     737.156              68              68
  239         199.276    -207.246         199.351    -207.163             239             239
   89        -244.864     541.013        -244.616     541.148              89              89
   36       -1918.211     298.622       -1918.180     299.096              36              36
  149         321.974    1607.546         322.153    1607.703             149             149
  138         371.599    -844.656         371.397    -844.483             138             138
  202         -56.422    1135.327         -56.178    1135.639             202             202
  206        -501.299   -2551.958        -501.828   -2551.593             206             206
  221        -382.949   -1763.543        -383.344   -1763.541             221             221
  130       -2006.017     225.341       -2006.226     225.597             130             130
  211        1653.477    1753.099        1653.503    1752.843             211             211
  176        1645.434    -447.801        1645.260    -447.910             176             176
  243         988.962   -1052.528         988.798   -1052.640             243             243
  196        -222.677     176.524        -222.637     176.643             196             196
  108         693.737    -929.952         693.483    -930.029             108             108
  211        1174.458     239.036        1174.537     238.870             211             211
  195         191.871   -1086.070         191.700   -1086.032             195             195
   95         933.589     176.619         933.701     176.542              95              95
  254        -372.047   -2543.228        -372.552   -2543.101             254             254
  171        1876.222   -2429.250        1875.805   -2430.012             171             171
  253           9.385    2752.650          10.210    2752.394             253             253
  156        -789.598     216.219        -789.440     216.480             156             156
  127         442.768   -1110.138         442.614   -1110.248             127             127
  148        -617.812    -440.221        -617.848    -440.259             148             148
  248        1104.282     633.911        1104.520     633.523             248             248
  180        -162.070     682.460        -161.694     682.455             180             180
  180       -1004.596     -78.100       -1004.471     -77.901             180             180
   56        -467.931    -642.241        -468.022    -642.308              56              56
   62         273.911    1835.805         274.416    1835.618              62              62
  220        -188.518     880.539        -188.099     880.656             220             220
  230       -1770.934    -541.764       -1770.892    -541.393             230             230
  131       -1045.795     908.810       -1045.545     908.937             131             131
  203       -1716.955    1356.389       -1716.686    1356.763             203             203
   63        -381.405    1778.337        -381.023    1778.613              63              63
  167       -2880.744    -475.196       -2880.974    -474.377             167             167
   97       -1198.982    1525.799       -1199.043    1526.273              97              97
  201         463.987    -360.839         463.540    -360.609             201             201
  113        1238.272    -934.622        1237.920    -934.656             113             113
   47         -52.425   -1471.181         -52.747   -1471.075              47              47
  167       -1453.666   -1029.043       -1454.035   -1028.765             167             167
  244        -531.338    -769.310        -531.866    -769.346             244             244
    3        1419.746    1179.591        1419.716    1179.219               3               3
   88        1004.338    -514.791        1004.079    -514.971              88              88
  232        1557.842    -125.891        1557.808    -126.255             232             232
  200         515.511    -434.967         515.529    -435.137             200             200
  196        -382.200     390.962        -382.046     391.012             196             196
  188        -505.555    -592.654        -505.754    -592.593             188             188
  139         744.785     364.117         744.831     363.850             139             139
   35        -948.770     249.651        -948.788     249.815              35              35
  187         379.202      90.302         379.006      90.145             187             187
   55        2146.463      70.418        2146.501      69.753              55              55
   33        -991.590    2760.076        -990.883    2760.333              33              33
   87         547.032     106.974         547.002     107.075              87              87
  182        -469.430     660.424        -469.409     660.753             182             182
  182        2832.726    -663.138        2832.630    -663.569             182             182
   80       -1078.661   -1067.711       -1078.723   -1067.384              80              80
  107         499.461    -385.355         499.432    -385.474             107             107
  107        -751.383    -555.021        -751.470    -554.846             107             107
  137        -635.451   -1629.660        -636.010   -1629.710             137             137
  170        2454.455     699.911        2454.594     699.012             170             170
   71         640.551    1358.061         641.160    1357.742              71              71
  112       -1302.229    1454.431       -1301.735    1454.726             112             112
   46         326.469    1503.424         326.862    1503.502              46              46
   19         122.076     424.147         122.313     424.371              19              19
  175        -864.596    -369.635        -864.616    -369.238             175             175
  214        1031.374    -235.489        1031.488    -235.625             214             214
  116       -2032.444    -244.522       -2032.332    -243.948             116             116
  121        -938.139    -723.816        -938.381    -723.602             121             121
   71        -160.151     399.680        -160.106     399.653              71              71
  164        -216.266    1439.861        -215.866    1440.078             164             164
   32       -1530.422    -838.908       -1530.637    -838.234              32              32
   60       -1083.420   -2745.881       -1084.272   -2745.649              60              60
  167        -372.167   -1260.540        -372.701   -1260.905             167             167
  121        -332.843    2459.730        -332.483    2459.480             121             121
   37         587.424    1928.910         587.703    1928.872              37              37
  111         314.742    -670.125         314.497    -670.092             111             111
   61        -734.200     587.912        -734.219     588.087              61              61
  225         682.594    -292.416         682.309    -292.654             225             225
  251          69.759    1956.146          70.040    1956.153             251             251
   97        1352.149    -161.964        1351.904    -162.173              97              97
  156        2301.614    1263.412        2302.000    1263.000             156             156
   51         573.998   -1102.604         573.978   -1102.610              51              51
  130          62.153    -239.646          62.325    -239.773             130             130
  244        -354.699    1536.401        -354.124    1536.451             244             244
  234        -488.936    1101.726        -488.496    1102.001             234             234
   56       -1969.600    1147.287       -1969.388    1148.085              56              56
   69        1531.010    -201.860        1530.927    -201.901              69              69
   86       -1875.139    -316.905       -1875.229    -316.132              86              86
  164         951.907    -739.506         951.622    -739.467             164             164
  207        -620.897   -2233.130        -621.482   -2232.920             207             207
    0         693.973    -385.753         693.889    -386.080              -0              -0
  235       -1034.916     147.771       -1034.887     147.950             235             235
   63         889.331     641.225         889.498     641.051              63              63
   47        -799.504    -602.288        -799.598    -601.988              47              47
  255         287.318     -76.959         287.363     -76.948             255             255
  238       -1283.082   -2033.065       -1283.557   -2032.833             238             238
    5        -923.178      94.258        -923.269      94.165               5               5
  116        -532.772    1679.310        -532.536    1679.333             116             116
  104         665.586      -3.003         665.470      -3.180             104             104
   77         -32.863    1074.805         -32.540    1074.829              77              77
   24       -1493.167     157.471       -1493.226     157.945              24              24
  137        -335.084     -25.578        -335.410     -25.519             137             137
  137        2221.026    1783.142        2221.478    1782.659             137             137
  192       -1828.489      -1.927       -1828.435      -1.161             192             192
    2        -424.551   -1264.851        -425.156   -1264.699               2               2
  175        1510.497    1023.470        1510.672    1023.017             175             175
   48        -380.810    1020.760        -380.494    1021.011              48              48
   63         137.220     815.418         137.459     815.711              63              63
  144        -973.797    -812.781        -974.038    -812.206             144             144
   44        -601.819      60.031        -601.971      60.496              44              44
  160         130.492   -1826.813         129.843   -1826.599             160             160
   45        -580.530   -1452.107        -581.109   -1451.908              45              45
   95         416.255   -1656.339         415.586   -1656.562              95              95
   35         162.557   -1817.178         161.865   -1817.645              35              35
   34        1454.835    1944.252        1455.311    1943.518              34              34
   73        -205.929     252.248        -205.805     252.234              73              73
   92        -502.193    1018.033        -502.036    1018.189              92              92
  103        1151.003    -701.585        1150.730    -701.896             103             103
  159         -68.882     -69.690         -68.917     -69.880             159             159
    0        1796.947    2396.949        1797.787    2396.495              -0              -0
   54       -1662.233    -496.194       -1662.143    -495.498              54              54
  160        -733.771    -902.038        -734.061    -901.873             160             160
  236          37.444     850.361          37.722     850.267             236             236
  117       -2112.794     661.416       -2112.672     662.091             117             117
  207       -1624.993    -367.511       -1625.556    -366.997             207             207
  236        1237.833     641.204        1237.547     640.933             236             236
  100        1421.730   -1314.380        1421.240   -1314.853             100             100
  212        -370.225    2068.163        -369.736    2068.239             212             212
   96         819.116    -382.057         818.876    -382.125              96              96
  205          28.415    -237.118          28.214    -237.157             205             205
   33        2194.056    1081.581        2194.441    1080.961              33              33
  121        -929.176    1277.397        -928.614    1277.933             121             121
   86        -248.264   -1079.771        -248.567   -1079.451              86              86
  171         176.733     582.999         176.967     583.198             171             171
   58       -1243.652   -2960.074       -1244.481   -2959.700              58              58
   89       -1147.285     407.026       -1147.430     407.073              89              89
   90         990.603     848.193         990.607     847.865              90              90
  106         764.572     188.694         764.679     188.580             106             106
  152       -1560.546   -1203.767       -1560.961   -1203.380             152             152
  235         493.362     624.665         493.313     624.366             235             235
  151         629.749     182.358         629.754     182.098             151             151
   57        -222.160     355.860        -222.056     355.809              57              57
   24          -8.529     991.429          -8.244     991.351              24              24
  246       -1069.880    2011.285       -1069.419    2011.820             246             246
   93         470.856   -1328.087         470.301   -1328.031              93              93
   58        -403.516     938.640        -403.391     938.825              58              58
   64        1167.138    -800.036        1166.866    -800.307              64              64
  186        -705.659      59.964        -705.585      60.070             186             186
  162        -693.695     558.263        -693.655     558.352             162             162
  223          58.219    1795.198          58.560    1795.268             223             223
  186        1085.815     296.459        1085.930     296.385             186             186
  216       -1060.232      41.300       -1060.130      41.781             216             216
  128        -333.772     303.577        -333.664     303.828             128             128
  167       -2530.716    -318.674       -2531.080    -317.831             167             167
   78        1612.143     400.752        1612.005     400.287              78              78
   79       -1671.804     953.672       -1671.672     954.287              79              79
  147         764.470     796.499         764.483     796.552             147             147
  179        -821.490    -379.815        -821.746    -379.296             179             179
   36          87.350    -198.345          87.113    -198.241              36              36
  244        -582.720    1093.877        -582.517    1094.335             244             244
  128       -1165.292   -1406.577       -1165.993   -1405.959             128             128
   70         -44.166      96.395         -44.456      96.537              70              70
  109       -1024.341   -1110.934       -1025.035   -1110.571             109             109
  215        -736.556     568.688        -736.982     568.932             215             215
  242        1465.255    -842.316        1464.451    -842.816             242             242
  168        1719.566    2746.040        1720.245    2745.715             168             168
   48        -420.481   -1434.426        -420.995   -1433.919              48              48
   77        -240.697     213.907        -240.867     214.145              77              77
   19        -582.400     134.221        -582.758     134.698              19              19
  201        1138.440     119.598        1138.103     119.769             201             201
   56         354.659   -3700.769         353.306   -3700.640              56              56
  170        -442.725   -1958.733        -443.669   -1958.979             170             170
    3         431.635     800.754         431.385     800.272               3               3
   81        2077.368     464.100        2077.228     463.363              81              81
  161         487.044     596.478         487.146     596.375             161             161
   96         -98.735    -246.464         -99.063    -246.354              96              96
  139        1482.180       7.936        1481.956       7.514             139             139
  225         576.112    -310.670         575.911    -310.866             225             225
   26        1188.837    1012.930        1189.148    1012.655              26              26
   45        -158.222    -603.088        -158.368    -602.859              45              45
  193         -25.716    -345.120         -25.850    -345.070             193             193
  213        -921.736     428.780        -921.743     429.205             213             213
    6        -876.420   -1286.101        -877.268   -1285.762               6               6
   65        1884.178     517.327        1884.033     516.746              65              65
  124          79.528    -895.211          79.191    -895.197             124             124
   85         318.019     299.006         318.110     298.912              85              85
  145       -1790.064    -377.253       -1790.342    -376.581             145             145
   16        -857.403   -1416.017        -858.320   -1415.886              16              16
    9        -860.030    1351.901        -860.267    1352.084               9               9
  182        1234.808   -1030.834        1233.807   -1031.285             182             182
    4        1440.263    1896.593        1440.484    1896.177               4               4
  138        1080.215    -466.414        1079.901    -466.441             138             138
  253         320.542   -1728.081         319.998   -1728.200             253             253
  114       -2939.292     971.357       -2939.371     972.284             114             114
   97         197.646   -1365.657         196.402   -1365.694              97              97
  239         619.316    -274.798         618.578    -275.185             239             239
   27         253.975     328.000         253.471     327.793              27              27
  145         786.808     241.472         786.332     241.213             145             145
   60        -407.449    -454.176        -408.187    -454.023              60              60
   46        -373.321   -1892.228        -374.790   -1892.481              46              46
   91        1275.694    1817.232        1275.477    1816.336              91              91
  117        -526.728    1561.688        -527.035    1561.771             117             117
  217         -35.070     563.410         -35.925     563.372             217             217
   94       -1420.425    1682.668       -1421.297    1683.110              94              94
  198        -648.392    2618.729        -649.633    2619.374             198             198
  122        1912.357   -1783.086        1909.244   -1783.419             122             122
  191        1077.447    2329.879        1074.967    2329.722             191             191
   81       -1346.738    -144.597       -1353.682    -143.667              81              81
