SINAL     NFT                         FFT                         NFT INVERSA     FFT INVERSA
-----     -----------------------     -----------------------     -----------     -----------
   90       63773.000       0.000       63773.000       0.000              90              90
   11         196.338    -140.953         196.352    -140.953              11              11
   67         413.361    -435.792         413.374    -435.792              67              67
  231         318.816    -411.036         318.829    -411.036             231             231
  183         532.942    -350.735         532.956    -350.735             183             183
   49        -343.576    -451.652        -343.562    -451.649              49              49
  234        -561.897   -1967.610        -561.887   -1967.607             234             234
   27        -934.101   -1421.381        -934.090   -1421.382              27              27
  126       -1657.389    1286.696       -1657.370    1286.703             126             126
  141        -992.946   -1783.433        -992.946   -1783.428             141             141
  158         383.911      59.167         383.922      59.160             158             158
  134        -244.036    -597.709        -244.025    -597.712             134             134
   52        -996.755     780.138        -996.738     780.140              52              52
  155        -292.512     472.482        -292.501     472.484             155             155
  237        -150.080     224.080        -150.072     224.081             237             237
  202        1443.712     787.539        1443.731     787.529             202             202
   72        -999.613    -753.303        -999.606    -753.291              72              72
    2        -136.948     411.614        -136.935     411.612               2               2
  221        -367.083     542.593        -367.072     542.596             221             221
   12        1082.948    1775.078        1082.973    1775.077              12              12
  115         794.081   -1189.231         794.079   -1189.225             115             115
  205        1800.898   -1416.864        1800.902   -1416.886             205             205
  146         -84.865     518.462         -84.824     518.464             146             146
  254       -1746.137    -719.956       -1746.124    -719.927             254             254
  200        -800.840    -285.421        -800.833    -285.403             200             200
  141        -604.435   -1905.731        -604.458   -1905.724             141             141
  230        -222.581    -876.972        -222.594    -876.986             230             230
  209        1687.913       9.967        1687.924       9.918             209             209
  194        1019.269    1517.489        1019.329    1517.460             194             194
  232       -1911.193      22.514       -1911.167      22.546             232             232
  145         578.827     678.205         578.860     678.192             145             145
   28       -1551.265     -19.141       -1551.244     -19.115              28              28
  243          69.788     999.648          69.825     999.647             243             243
  213       -1236.204     -27.637       -1236.183     -27.606             213             213
    3       -2392.195     126.173       -2392.197     126.223               3               3
  171         617.256    1068.280         617.267    1068.271             171             171
    6         325.104     480.182         325.120     480.189               6               6
  238        -347.867     124.533        -347.858     124.557             238             238
  199          90.949     358.236          90.960     358.255             199             199
  132         479.562   -1283.035         479.540   -1283.036             132             132
  124         512.358     807.908         512.406     807.904             124             124
  101       -2119.064    -397.914       -2119.066    -397.836             101             101
   10         909.485   -1077.115         909.453   -1077.130              10              10
  176        -509.947     644.018        -509.922     644.051             176             176
    1          -3.081   -2365.767          -3.150   -2365.756               1               1
  248         803.914      52.929         803.921      52.904             248             248
  122         398.974   -1241.780         398.956   -1241.784             122             122
   74          45.399   -1942.914          45.359   -1942.937              74              74
  251        1123.878      16.413        1123.911      16.343             251             251
   88        -424.024     631.916        -423.953     631.914              88              88
   86       -2208.094    -366.733       -2208.081    -366.672              86              86
  111       -1302.976     443.721       -1302.975     443.756             111             111
   38         529.682     169.087         529.678     169.077              38              38
  233        -290.833   -1501.520        -290.878   -1501.520             233             233
  109        -406.055    1049.140        -406.024    1049.141             109             109
  239         802.305     334.441         802.318     334.440             239             239
  119         724.240   -3077.025         724.165   -3077.058             119             119
   84       -2451.125     -87.180       -2451.122     -87.145              84              84
  192        1194.044     185.581        1194.034     185.495             192             192
   57        1256.323    1210.275        1256.409    1210.211              57              57
   60       -1799.184    -579.213       -1799.164    -579.156              60              60
   82       -1599.765      52.863       -1599.771      52.893              82              82
   85           4.773     668.491           4.781     668.464              85              85
   48        -440.106     184.372        -440.114     184.360              48              48
   39         305.486    1805.442         305.545    1805.410              39              39
   89          89.244    2074.112          89.318    2074.149              89              89
  220        1140.529   -1615.655        1140.464   -1615.671             220             220
   45         114.736      -2.391         114.757      -2.409              45              45
   71         338.489     590.387         338.535     590.370              71              71
  163         655.895     102.085         655.945     102.060             163             163
  178       -1623.463    1029.076       -1623.383    1029.172             178             178
  195        -368.243    -991.291        -368.280    -991.253             195             195
    9       -1585.287     407.287       -1585.286     407.371               9               9
  189         704.136    -670.387         704.077    -670.400             189             189
  116         532.237   -1547.966         532.172   -1548.017             116             116
   10        -595.588    1388.757        -595.517    1388.767              10              10
  181         292.027   -1296.108         291.957   -1296.137             181             181
  239         328.415    1406.680         328.483    1406.643             239             239
   84        1836.861     334.211        1836.930     334.142              84              84
  177       -1919.319    -966.715       -1919.310    -966.625             177             177
   71        -901.702    1818.238        -901.613    1818.301              71              71
  170         607.581   -1140.642         607.536   -1140.626             170             170
   32        -976.333   -1783.761        -976.400   -1783.727              32              32
  110        -550.575     260.391        -550.547     260.384             110             110
  148       -1565.530    -842.980       -1565.588    -842.942             148             148
  141         380.613    2025.477         380.706    2025.437             141             141
   93        -271.345    -252.246        -271.340    -252.201              93              93
   11       -1380.471    -727.220       -1380.503    -727.146              11              11
  226       -1468.715     193.457       -1468.739     193.534             226             226
   30        -293.645    -894.834        -293.731    -894.837              30              30
   68       -2304.116     878.782       -2304.141     878.906              68              68
   30        -229.071   -1417.153        -229.297   -1417.157              30              30
  112        2962.935     517.538        2962.893     517.321             112             112
  154          52.782      26.950          52.767      26.924             154             154
   79        1138.288     252.936        1138.281     252.848              79              79
  152         100.601     240.127         100.593     240.116             152             152
  243        1506.845    -436.879        1506.807    -436.982             243             243
   43         350.944    -662.544         350.914    -662.600              43              43
  198        1072.225    -876.846        1072.199    -876.999             198             198
   58        -760.970    1575.296        -760.840    1575.264              58              58
  207        -949.010    1329.154        -948.965    1329.205             207             207
  120        1700.304    -622.230        1700.240    -622.363             120             120
  254        -240.798    1067.822        -240.712    1067.801             254             254
  216        -695.415    -547.573        -695.489    -547.587             216             216
   54        1234.618    2384.958        1234.731    2384.824              54              54
  115         958.191    1088.291         958.260    1088.236             115             115
  226         410.607    1161.439         410.679    1161.438             226             226
  235        1552.341    -311.346        1552.339    -311.453             235             235
   98        -390.833    1740.284        -390.697    1740.309              98              98
   55        1225.347     431.387        1225.368     431.321              55              55
  157        1830.483    2069.992        1830.685    2069.920             157             157
  170         775.193    -237.923         775.301    -237.889             170             170
  226       -2329.912     -35.302       -2329.859     -35.074             226             226
  189         625.813    -826.507         625.754    -826.525             189             189
   25        -893.948     272.655        -893.925     272.724              25              25
  118         804.727    1359.161         804.814    1359.187             118             118
   75         881.657   -3283.078         881.454   -3283.112              75              75
  118          94.774     103.568          94.857     103.486             118             118
  129       -1474.964     870.464       -1474.874     870.559             129             129
   45        1273.292    -127.786        1273.323    -127.869              45              45
  149       -1973.281    -277.836       -1973.249    -277.688             149             149
  198       -1621.945     467.312       -1621.961     467.450             198             198
   75        -141.144   -1161.088        -141.330   -1161.077              75              75
    5         895.745    -575.431         895.631    -575.564               5               5
   96        1332.367     883.938        1332.434     883.787              96              96
  155        -170.373      78.631        -170.359      78.641             155             155
  158         646.899    -782.607         646.819    -782.702             158             158
   84        1995.390     683.968        1995.512     683.753              84              84
  199        -842.119      90.960        -842.000      91.000             199             199
  100       -2144.647    -236.124       -2144.679    -235.997             100             100
  143         966.557    -176.779         966.502    -176.959             143             143
  150        -643.281    1128.583        -643.209    1128.526             150             150
  220        1579.268    2014.218        1579.446    2014.026             220             220
  141        -751.403    1519.997        -751.241    1520.064             141             141
  111         710.505    1159.858         710.626    1159.826             111             111
   19        -284.833     265.976        -284.750     266.012              19              19
    1       -1346.450    1006.973       -1346.340    1007.080               1               1
   82       -1641.485    1218.962       -1641.454    1219.110              82              82
  254         441.771    1722.238         441.816    1722.237             254             254
   99          34.938    2323.013          35.047    2323.162              99              99
  137        1758.522   -1558.899        1758.307   -1558.911             137             137
  156        2388.878    -892.961        2388.870    -893.154             156             156
   14       -2188.709    -282.398       -2188.697    -282.220              14              14
  107         471.235     590.432         471.203     590.369             107             107
   89        1867.359     369.081        1867.393     368.898              89              89
   39        -481.666    1256.957        -481.535    1257.025              39              39
  225        1568.794     356.127        1568.849     356.032             225             225
  164        -756.571     959.112        -756.454     959.271             164             164
  158         723.569   -1469.402         723.413   -1469.425             158             158
   99         547.326     913.516         547.428     913.478              99              99
  209         632.007    -660.497         631.979    -660.519             209             209
   51         157.620    -737.685         157.604    -737.743              51              51
   42       -1154.392    1430.516       -1154.268    1430.611              42              42
   29        1695.133     198.038        1695.157     197.920              29              29
   57       -1705.814    -670.971       -1705.897    -670.799              57              57
  139        1100.585     453.985        1100.534     453.853             139             139
  184        1839.577      72.778        1839.583      72.584             184             184
  215         784.783    -362.783         784.808    -362.923             215             215
  223         -72.062    1739.862         -71.855    1739.830             223             223
  128         680.448    1122.695         680.550    1122.694             128             128
   59        1724.759   -1622.229        1724.624   -1622.430              59              59
  110        1669.220    2280.585        1669.594    2280.376             110             110
   23         203.646    -870.018         203.741    -870.067              23              23
   24       -1068.010    2584.245       -1067.607    2584.323              24              24
  252        -381.711    1454.488        -381.469    1454.631             252             252
  134       -1719.088    -705.845       -1719.145    -705.615             134             134
   43         441.750    1501.707         441.906    1501.665              43              43
  253       -1326.054    1129.456       -1325.959    1129.666             253             253
  216        1107.816    1339.565        1107.928    1339.572             216             216
   42        -334.590    -519.061        -334.636    -518.906              42              42
   97        -493.665    -272.267        -493.770    -272.185              97              97
   98        1977.169     864.826        1977.220     864.628              98              98
  198        1163.126     444.562        1163.242     444.458             198             198
  111         240.033    1830.974         240.306    1831.012             111             111
  205         720.808    1385.052         721.019    1385.134             205             205
   32        1707.002     736.219        1707.252     736.246              32              32
  151       -2447.642    -587.723       -2447.593    -587.230             151             151
  175        -360.231    -795.205        -360.388    -794.998             175             175
  196        2327.766   -1565.216        2327.634   -1565.398             196             196
   53        -706.519     -83.121        -706.409     -82.984              53              53
   19          78.243    -780.158          78.204    -780.088              19              19
  150         172.377   -1317.330         172.266   -1317.342             150             150
  105        2142.049     395.047        2142.282     394.811             105             105
   61       -2508.747   -1172.565       -2508.686   -1172.250              61              61
  179       -1120.456    -188.773       -1120.429    -188.661             179             179
  163       -1828.323    -609.402       -1828.429    -609.223             163             163
  200        -287.715     270.255        -287.791     270.238             200             200
  108         798.939     275.044         798.915     274.920             108             108
  122         309.027     -93.530         308.998     -93.622             122             122
  168        1227.613     775.858        1227.743     775.619             168             168
  236         109.998    2817.272         110.426    2817.306             236             236
  182        -350.433    -236.034        -350.434    -235.892             182             182
   23         694.197    1997.387         694.453    1997.410              23              23
    3        1793.381     536.574        1793.579     536.569               3               3
  207       -1096.085    -677.025       -1096.042    -676.692             207             207
   19        1607.713   -1154.171        1607.711   -1154.268              19              19
  138        -586.119    -498.760        -585.936    -498.635             138             138
  250       -1577.903    -488.735       -1577.782    -488.496             250             250
   17       -2343.064    -769.724       -2343.114    -769.448              17              17
   98        -895.705    1169.304        -895.582    1169.420              98              98
   37       -1972.712     553.205       -1972.772     553.567              37              37
  114        2322.883    -813.771        2322.712    -814.017             114             114
  196       -1288.629    1266.526       -1288.476    1266.754             196             196
  236        2585.592    1252.224        2585.779    1252.128             236             236
  226          62.267   -2526.103          62.093   -2525.910             226             226
  146        1340.614   -1073.963        1340.717   -1074.097             146             146
   12       -2085.774   -1182.866       -2085.662   -1182.582              12              12
  122       -2538.165    -719.359       -2538.202    -719.064             122             122
   65        -476.010     315.531        -475.983     315.590              65              65
  209         445.114    -696.287         445.145    -696.340             209             209
  176       -2752.615     534.953       -2752.441     535.375             176             176
   85       -1034.653   -2123.756       -1034.950   -2123.636              85              85
  103       -1987.249     785.922       -1987.188     786.114             103             103
   25        -938.561    -752.294        -938.791    -752.252              25              25
  146         452.447    3039.479         452.819    3039.470             146             146
   27       -1016.091   -1554.140       -1016.313   -1553.843              27              27
  189          73.263    -610.450          73.200    -610.457             189             189
   91       -2328.041    -662.245       -2328.168    -661.982              91              91
  135         180.459    1153.702         180.552    1153.647             135             135
   55       -2044.257    -151.274       -2044.371    -150.975              55              55
    4         120.352    1553.788         120.426    1553.841               4               4
  116        -444.819    -529.763        -444.989    -529.580             116             116
  238        -135.566     631.612        -135.550     631.760             238             238
   27       -1606.190   -1252.500       -1606.535   -1252.129              27              27
  120         967.186   -1525.660         966.746   -1525.801             120             120
  189        1578.583    -302.857        1578.481    -303.151             189             189
   46         549.285     -27.273         549.336     -27.401              46              46
    2        -111.497     426.525        -111.349     426.535               2               2
  184       -1388.303     142.503       -1388.262     142.744             184             184
   64       -1330.129     266.953       -1330.202     267.244              64              64
  100        -633.438   -2011.367        -633.945   -2011.275             100             100
  221         475.086      28.198         474.853      28.001             221             221
  179        2577.412     598.811        2577.425     598.347             179             179
   41         953.445     340.974         953.612     340.763              41              41
  202         -31.362    2452.257         -30.839    2452.327             202             202
  150       -1705.288     673.535       -1705.128     674.066             150             150
  188       -1617.389   -2082.790       -1617.841   -2082.368             188             188
  214         -21.596   -1395.143         -22.026   -1395.176             214             214
   16         983.542       8.278         983.392       8.046              16              16
  254         815.962     859.107         816.018     859.019             254             254
  167        1323.509   -1068.399        1323.352   -1068.543             167             167
  192         427.574   -1106.389         427.486   -1106.531             192             192
   83         240.109      22.377         240.245      22.206              83              83
   15       -2179.294     328.516       -2179.224     328.718              15              15
  218        -564.462    2447.238        -564.228    2447.351             218             218
  230         269.704    -710.551         269.455    -710.505             230             230
   42         291.414     559.952         291.407     559.904              42              42
  151         493.219     883.635         493.319     883.637             151             151
   65       -1454.354    -319.835       -1454.573    -319.515              65              65
  178        2121.977     120.557        2121.817     120.246             178             178
  207         539.216     905.946         539.303     905.962             207             207
   70        1380.508    -643.214        1380.355    -643.309              70              70
   38        1187.153    -552.346        1187.079    -552.490              38              38
  189        2104.280    -707.334        2104.345    -707.706             189             189
   97       -1197.814     701.125       -1197.488     701.299              97              97
  158       -1672.531     322.168       -1672.539     322.503             158             158
  123        2079.000       0.271        2079.000       0.000             123             123
  144       -1672.547    -322.847       -1672.539    -322.507             144             144
  161       -1197.155    -701.483       -1197.487    -701.303             161             161
   51        2104.411     708.096        2104.345     707.712              51              51
  208        1187.002     552.640        1187.078     552.491             208             208
    5        1380.195     643.414        1380.353     643.313               5               5
   17         539.396    -905.978         539.305    -905.962              17              17
  131        2121.647    -119.909        2121.817    -120.240             131             131
   47       -1454.805     319.172       -1454.573     319.513              47              47
  219         493.427    -883.634         493.319    -883.634             219             219
   25         291.402    -559.854         291.408    -559.905              25              25
  236         269.180     710.456         269.452     710.506             236             236
  177        -563.965   -2447.473        -564.224   -2447.350             177             177
   42       -2179.148    -328.948       -2179.225    -328.723              42              42
  234         240.398     -22.012         240.246     -22.205             234             234
   89         427.384    1106.692         427.484    1106.533              89              89
  235        1323.171    1068.711        1323.350    1068.546             235             235
   61         816.084    -858.913         816.019    -859.016              61              61
  104         983.219      -7.777         983.392      -8.044             104             104
  198         -22.530    1395.213         -22.029    1395.175             198             198
   35       -1618.376    2081.868       -1617.845    2082.364              35              35
  147       -1704.936    -674.699       -1705.126    -674.072             147             147
   93         -30.211   -2452.411         -30.834   -2452.328              93              93
  101         953.810    -340.504         953.612    -340.759             101             101
   69        2577.443    -597.782        2577.426    -598.343              69              69
   45         474.565     -27.756         474.850     -27.998              45              45
  171        -634.575    2011.160        -633.951    2011.273             171             171
  108       -1330.291    -267.609       -1330.202    -267.248             108             108
  235       -1388.210    -143.050       -1388.262    -142.748             235             235
   12        -111.165    -426.547        -111.349    -426.534              12              12
   11         549.402      27.564         549.337      27.401              11              11
  102        1578.350     303.532        1578.480     303.156             102             102
  156         966.177    1525.983         966.744    1525.802             156             156
  172       -1606.992    1251.643       -1606.540    1252.126             172             172
  154        -135.528    -631.957        -135.550    -631.762             154             154
  109        -445.213     529.337        -444.990     529.578             109             109
  178         120.531   -1553.914         120.431   -1553.842             178             178
  171       -2044.522     150.568       -2044.370     150.970             171             171
  240         180.680   -1153.573         180.553   -1153.647             240             240
  226       -2328.343     661.618       -2328.169     661.977             226             226
  134          73.111     610.466          73.198     610.457             134             134
   10       -1016.628    1553.432       -1016.318    1553.842              10              10
  206         453.345   -3039.456         452.825   -3039.469             206             206
   56        -939.115     752.188        -938.791     752.249              56              56
   53       -1987.100    -786.388       -1987.186    -786.116              53              53
  184       -1035.378    2123.461       -1034.954    2123.632             184             184
  145       -2752.189    -535.988       -2752.440    -535.380             145             145
   32         445.188     696.416         445.144     696.340              32              32
  245        -475.944    -315.676        -475.983    -315.590             245             245
  250       -2538.256     718.615       -2538.202     719.056             250             250
  230       -2085.501    1182.153       -2085.666    1182.577             230             230
   25        1340.871    1074.299        1340.718    1074.099              25              25
  141          61.826    2525.619          62.090    2525.910             141             141
   68        2586.069   -1251.974        2585.783   -1252.123              68              68
  126       -1288.236   -1267.107       -1288.472   -1266.757             126             126
  211        2322.444     814.404        2322.709     814.023             211             211
  113       -1972.866    -554.135       -1972.773    -553.570             113             113
   42        -895.382   -1169.604        -895.579   -1169.422              42              42
   64       -2343.193     769.003       -2343.114     769.442              64              64
   93       -1577.588     488.108       -1577.783     488.491              93              93
   54        -585.641     498.432        -585.936     498.633              54              54
   75        1607.704    1154.430        1607.707    1154.271              75              75
  195       -1095.969     676.143       -1096.040     676.689             195             195
  211        1793.908    -536.559        1793.580    -536.566             211             211
  247         694.884   -1997.448         694.455   -1997.410             247             247
   93        -350.432     235.649        -350.433     235.890              93              93
   64         111.167   -2817.366         110.434   -2817.307              64              64
  169        1227.969    -775.208        1227.744    -775.617             169             169
    8         308.950      93.779         308.999      93.622               8               8
   49         798.874    -274.701         798.915    -274.918              49              49
  139        -287.921    -270.206        -287.788    -270.237             139             139
  143       -1828.621     608.900       -1828.433     609.219             143             143
   60       -1120.380     188.460       -1120.428     188.660              60              60
   90       -2508.582    1171.669       -2508.689    1172.242              90              90
  199        2142.707    -394.373        2142.284    -394.806             199             199
  113         172.060    1317.361         172.264    1317.340             113             113
   18          78.132     779.960          78.204     780.089              18              18
   88        -706.202      82.723        -706.409      82.980              88              88
  145        2327.383    1565.749        2327.632    1565.404             145             145
    7        -360.687     794.604        -360.389     794.996               7               7
   83       -2447.501     586.283       -2447.594     587.227              83              83
  119        1707.741    -736.295        1707.255    -736.244             119             119
   33         721.433   -1385.289         721.021   -1385.132              33              33
  225         240.850   -1831.088         240.312   -1831.013             225             225
  188        1163.475    -444.250        1163.244    -444.456             188             188
  159        1977.325    -864.226        1977.222    -864.624             159             159
  180        -493.983     272.018        -493.771     272.184             180             180
   45        -334.735     518.591        -334.640     518.905              45              45
  201        1108.159   -1339.582        1107.929   -1339.570             201             201
  244       -1325.761   -1130.108       -1325.957   -1129.670             244             244
  138         442.236   -1501.574         441.910   -1501.663             138             138
    0       -1719.266     705.125       -1719.145     705.609              -0              -0
   64        -380.949   -1454.938        -381.464   -1454.633              64              64
   78       -1066.735   -2584.496       -1067.600   -2584.328              78              78
  212         203.946     870.172         203.740     870.067             212             212
   55        1670.416   -2279.915        1669.601   -2280.372              55              55
  172        1724.324    1622.875        1724.622    1622.431             172             172
   20         680.785   -1122.685         680.554   -1122.691              20              20
  225         -71.387   -1739.757         -71.852   -1739.830             225             225
  180         784.866     363.245         784.809     362.926             180             180
   70        1839.599     -72.136        1839.585     -72.580              70              70
  109        1100.417    -453.543        1100.536    -453.850             109             109
   68       -1706.090     670.393       -1705.898     670.796              68              68
  130        1695.211    -197.635        1695.157    -197.915             130             130
  199       -1153.972   -1430.837       -1154.266   -1430.613             199             199
   11         157.562     737.882         157.602     737.743              11              11
  244         631.909     660.576         631.978     660.521             244             244
  217         547.681    -913.386         547.431    -913.479             217             217
  100         723.026    1469.485         723.411    1469.428             100             100
  133        -756.159    -959.672        -756.452    -959.275             133             133
  225        1568.987    -355.790        1568.850    -356.029             225             225
  183        -481.198   -1257.201        -481.532   -1257.027             183             183
  253        1867.480    -368.427        1867.393    -368.895             253             253
    2         471.124    -590.207         471.205    -590.368               2               2
  152       -2188.667     281.748       -2188.697     282.215             152             152
  185        2388.846     893.671        2388.868     893.160             185             185
  162        1757.729    1558.946        1758.303    1558.913             162             162
   77          35.345   -2323.561          35.051   -2323.162              77              77
  231         441.946   -1722.232         441.822   -1722.235             231             231
  108       -1641.368   -1219.521       -1641.453   -1219.114             108             108
   66       -1346.035   -1007.378       -1346.339   -1007.081              66              66
  114        -284.517    -266.111        -284.749    -266.011             114             114
  108         710.974   -1159.733         710.629   -1159.824             108             108
  130        -750.775   -1520.259        -751.237   -1520.067             130             130
  193        1579.964   -2013.473        1579.450   -2014.024             193             193
   64        -642.995   -1128.358        -643.206   -1128.526              64              64
  185         966.338     177.493         966.502     176.962             185             185
  109       -2144.772     235.616       -2144.679     235.992             109             109
   85        -841.643     -91.121        -842.000     -91.000              85              85
  155        1995.889    -683.079        1995.515    -683.746             155             155
   34         646.566     782.999         646.817     782.704              34              34
  156        -170.316     -78.672        -170.359     -78.641             156             156
    8        1332.650    -883.309        1332.436    -883.785               8               8
  102         895.267     575.994         895.630     575.568             102             102
   30        -141.932    1161.043        -141.333    1161.077              30              30
  208       -1622.012    -467.905       -1621.959    -467.454             208             208
  113       -1973.139     277.202       -1973.248     277.686             113             113
   18        1273.423     128.155        1273.323     127.874              18              18
  170       -1474.572    -870.889       -1474.873    -870.563             170             170
  213          95.141    -103.211          94.860    -103.486             213             213
  152         880.743    3283.234         881.446    3283.114             152             152
  139         805.127   -1359.270         804.818   -1359.184             139             139
  140        -893.848    -272.970        -893.925    -272.726             140             140
  150         625.543     826.594         625.754     826.527             150             150
  142       -2329.672      34.248       -2329.859      35.070             142             142
   37         775.686     237.776         775.299     237.892              37              37
   79        1831.437   -2069.644        1830.690   -2069.916              79              79
   49        1225.451    -431.068        1225.370    -431.318              49              49
  114        -390.181   -1740.405        -390.695   -1740.311             114             114
   55        1552.326     311.868        1552.337     311.457              55              55
  157         410.961   -1161.427         410.682   -1161.435             157             157
  180         958.528   -1088.013         958.261   -1088.232             180             180
  170        1235.184   -2384.290        1234.735   -2384.821             170             170
   10        -695.796     547.639        -695.493     547.586              10              10
   55        -240.361   -1067.711        -240.710   -1067.800              55              55
  107        1699.978     622.916        1700.239     622.368             107             107
   75        -948.772   -1329.423        -948.962   -1329.208              75              75
  241        -760.291   -1575.136        -760.837   -1575.265             241             241
  216        1072.087     877.650        1072.197     877.002             216             216
  161         350.782     662.843         350.911     662.601             161             161
  140        1506.639     437.430        1506.806     436.982             140             140
  250         100.556    -240.058         100.593    -240.114             250             250
   61        1138.243    -252.443        1138.279    -252.844              61              61
  149          52.697     -26.804          52.767     -26.923             149             149
   96        2962.702    -516.310        2962.893    -517.315              96              96
   92        -230.358    1417.176        -229.302    1417.157              92              92
  101       -2304.247    -879.496       -2304.138    -878.909             101             101
  210        -294.149     894.853        -293.734     894.838             210             210
  110       -1468.846    -193.904       -1468.737    -193.535             110             110
   15       -1380.670     726.774       -1380.506     727.143              15              15
  167        -271.316     251.981        -271.341     252.201             167             167
    7         381.188   -2025.238         380.712   -2025.437               7               7
  155       -1565.890     842.738       -1565.590     842.939             155             155
   52        -550.396    -260.351        -550.545    -260.385              52              52
  157        -976.756    1783.544        -976.403    1783.726             157             157
   42         607.286    1140.543         607.532    1140.626              42              42
   90        -901.123   -1818.642        -901.610   -1818.301              90              90
  237       -1919.269     966.116       -1919.313     966.620             237             237
   91        1837.316    -333.740        1836.930    -334.137              91              91
  204         328.879   -1406.432         328.486   -1406.642             204             204
   37         291.544    1296.305         291.954    1296.137              37              37
  249        -595.094   -1388.832        -595.514   -1388.768             249             249
  129         531.777    1548.324         532.169    1548.019             129             129
  207         703.714     670.486         704.074     670.403             207             207
    3       -1585.274    -407.892       -1585.285    -407.372               3               3
  185        -368.517     991.019        -368.283     991.254             185             185
   58       -1622.872   -1029.785       -1623.380   -1029.175              58              58
   79         656.264    -101.890         655.945    -102.057              79              79
  170         338.835    -590.258         338.536    -590.369             170             170
   19         114.890       2.526         114.756       2.409              19              19
  240        1140.017    1615.780        1140.461    1615.673             240             240
   54          89.837   -2074.405          89.322   -2074.149              54              54
   13         305.965   -1805.188         305.547   -1805.410              13              13
   45        -440.170    -184.273        -440.114    -184.360              45              45
  204           4.838    -668.269           4.781    -668.464             204             204
  110       -1599.822     -53.134       -1599.772     -52.897             110             110
  137       -1799.022     578.707       -1799.165     579.152             137             137
   50        1257.083   -1209.702        1256.412   -1210.207              50              50
   64        1193.960    -184.809        1194.034    -185.491              64              64
  248       -2451.101      86.836       -2451.123      87.140             248             248
   65         723.537    3077.350         724.161    3077.062              65              65
  232         802.434    -334.422         802.319    -334.438             232             232
  255        -405.753   -1049.144        -406.022   -1049.141             255             255
  221        -291.284    1501.529        -290.881    1501.520             221             221
   28         529.649    -168.995         529.678    -169.077              28              28
  157       -1302.965    -444.080       -1302.974    -443.759             157             157
    7       -2207.958     366.089       -2208.082     366.667               7               7
  118        -423.270    -631.898        -423.951    -631.914             118             118
  139        1124.227     -15.653        1123.912     -16.340             139             139
   99          44.928    1943.166          45.354    1942.937              99              99
   67         398.754    1241.840         398.952    1241.786              67              67
  176         803.992     -52.637         803.919     -52.901             176             176
   92          -3.905    2365.626          -3.155    2365.755              92              92
  197        -509.646    -644.418        -509.922    -644.052             197             197
  127         909.080    1077.301         909.451    1077.132             127             127
   96       -2119.099     396.920       -2119.068     397.832              96              96
  126         512.961    -807.849         512.405    -807.902             126             126
  186         479.254    1283.051         479.536    1283.038             186             186
  175          91.103    -358.493          90.961    -358.254             175             175
   41        -347.743    -124.865        -347.857    -124.557              41              41
  205         325.337    -480.281         325.122    -480.189             205             205
  160         617.417   -1068.130         617.269   -1068.268             160             160
   96       -2392.221    -126.943       -2392.195    -126.229              96              96
  218       -1235.878      27.146       -1236.184      27.604             218             218
  205          70.391    -999.636          69.826    -999.648             205             205
   44       -1550.930      18.665       -1551.245      19.110              44              44
   73         579.394    -677.970         578.861    -678.191              73              73
   87       -1910.724     -23.117       -1911.165     -22.550              87              87
   94        1020.404   -1516.957        1019.332   -1517.458              94              94
  137        1688.116      -8.981        1687.924      -9.913             137             137
   80        -222.865     877.249        -222.596     876.986              80              80
  160        -604.944    1905.580        -604.462    1905.723             160             160
  113        -800.709     285.039        -800.833     285.402             113             113
   79       -1745.859     719.253       -1746.125     719.922              79              79
  126         -83.903    -518.504         -84.822    -518.464             126             126
  142        1800.985    1417.442        1800.900    1416.890             142             142
  237         793.983    1189.085         794.075    1189.226             237             237
  133        1083.701   -1775.019        1082.978   -1775.074             133             133
    5        -366.760    -542.696        -367.069    -542.598               5               5
  120        -136.554    -411.572        -136.933    -411.613             120             120
  233        -999.395     752.933        -999.608     753.290             233             233
   73        1444.397    -787.139        1443.733    -787.525              73              73
   40        -149.783    -224.103        -150.072    -224.080              40              40
   69        -292.056    -472.532        -292.500    -472.483              69              69
   15        -996.032    -780.262        -996.736    -780.144              15              15
  168        -243.619     597.855        -244.029     597.713             168             168
  166         384.446     -58.826         383.922     -59.159             166             166
  142        -993.027    1783.117        -992.951    1783.425             142             142
   98       -1656.117   -1287.173       -1657.368   -1286.704              98              98
   86        -933.420    1421.340        -934.094    1421.378              86              86
  183        -561.189    1967.326        -561.891    1967.607             183             183
   47        -342.090     451.276        -343.562     451.647              47              47
  246         534.738     350.718         532.955     350.736             246             246
   23         321.043     410.954         318.827     411.036              23              23
   10         416.648     435.699         413.375     435.792              10              10
  196         203.069     140.757         196.352     140.953             196             196
