SINAL     NFT                         FFT                         NFT INVERSA     FFT INVERSA
-----     -----------------------     -----------------------     -----------     -----------
   42       65835.000       0.000       65835.000       0.000              42              42
  169        1885.292     464.543        1885.306     464.543             169             169
  209         169.027    -563.089         169.041    -563.089             209             209
  185         234.917     841.903         234.932     841.904             185             185
  248         599.669     476.688         599.684     476.690             248             248
  103         265.042   -1352.065         265.054   -1352.062             103             103
  173         320.999   -1203.877         321.012   -1203.877             173             173
  242       -1169.032       3.255       -1169.017       3.262             242             242
  202          31.601   -1413.564          31.606   -1413.559             202             202
   28         -22.865   -2461.558         -22.865   -2461.560              28              28
  214        -723.327    -341.202        -723.320    -341.204             214             214
  147        1839.885     -72.721        1839.896     -72.737             147             147
  105        -558.622     361.186        -558.605     361.187             105             105
  144         155.879     492.588         155.890     492.588             144             144
   97        1601.831    -589.162        1601.837    -589.177              97              97
   17         297.088    1145.473         297.109    1145.473              17              17
  238        1914.185    -674.517        1914.194    -674.531             238             238
   57         310.033      93.495         310.053      93.497              57              57
  112         801.371    -550.621         801.383    -550.623             112             112
  205         942.230   -1309.329         942.236   -1309.339             205             205
  139         -36.626    -401.497         -36.608    -401.502             139             139
  162        -562.267     943.028        -562.247     943.040             162             162
  229        3750.984   -2106.280        3750.980   -2106.327             229             229
   26        -814.436    -429.112        -814.402    -429.108              26              26
  157       -1496.816    -524.386       -1496.806    -524.367             157             157
  189         990.689   -1782.126         990.675   -1782.159             189             189
  191         318.451    1055.453         318.488    1055.422             191             191
  233        -409.078    2239.532        -409.029    2239.537             233             233
  236        1952.717     676.164        1952.744     676.148             236             236
   64        1788.528     -17.409        1788.567     -17.414              64              64
  125         269.355   -3765.101         269.336   -3765.107             125             125
   22       -1107.946     623.478       -1107.890     623.477              22              22
  234       -1495.950    -594.100       -1495.937    -594.081             234             234
   79         412.358       3.285         412.381       3.261              79              79
  208        -971.632    -181.900        -971.609    -181.897             208             208
  226         -58.326     886.615         -58.283     886.601             226             226
  182       -1210.381     845.917       -1210.344     845.945             182             182
  125          36.920    -746.278          36.913    -746.284             125             125
  212         -35.006     563.718         -34.976     563.705             212             212
  129        -725.110     272.636        -725.096     272.636             129             129
  154        1680.962    2651.892        1681.045    2651.854             154             154
  171         745.816     357.141         745.872     357.155             171             171
   20       -1305.032    -827.904       -1305.017    -827.853              20              20
    4          83.761     281.295          83.798     281.299               4               4
   59       -1160.087     278.336       -1160.050     278.388              59              59
  118        -749.359    -403.628        -749.356    -403.576             118             118
   21        -510.088   -2977.755        -510.167   -2977.742              21              21
   42         737.025    -219.796         737.041    -219.856              42              42
  175        -956.178     368.656        -956.135     368.655             175             175
  134       -1247.286    1352.898       -1247.233    1352.928             134             134
  247       -1371.148     515.172       -1371.148     515.228             247             247
   59         971.632    -125.357         971.606    -125.376              59              59
   40        1417.633    -764.276        1417.621    -764.327              40              40
  221         356.479     248.449         356.520     248.416             221             221
   86         196.112    1557.159         196.206    1557.155              86              86
  198       -1519.961     621.392       -1519.917     621.471             198             198
  154        -367.854     904.954        -367.828     905.022             154             154
   21        1209.082   -2783.148        1208.997   -2783.160              21              21
  176        -761.700    -527.337        -761.692    -527.324             176             176
  134        -612.127     -97.056        -612.131     -97.041             134             134
   86        1374.425      63.035        1374.445      62.989              86              86
   45        -973.801    -290.457        -973.784    -290.403              45              45
  157        -402.452    -842.229        -402.489    -842.191             157             157
   64         919.740   -2377.502         919.651   -2377.553              64              64
  124         509.963    -975.663         509.951    -975.741             124             124
  109        -430.237      57.005        -430.215      56.963             109             109
   35         724.605     837.478         724.653     837.406              35              35
   50        1498.371     899.204        1498.466     899.129              50              50
  235       -1006.277    -555.024       -1006.231    -554.992             235             235
  248       -1390.727    -227.048       -1390.704    -227.032             248             248
  180        -997.770    1631.349        -997.693    1631.364             180             180
  134        -861.161     594.574        -861.153     594.611             134             134
  163         315.637     143.144         315.614     143.111             163             163
  200        1223.032    2164.231        1223.128    2164.182             200             200
  139         955.291     192.059         955.323     192.058             139             139
  223        1503.805    -722.548        1503.838    -722.612             223             223
   62       -1622.179    1432.936       -1622.050    1433.030              62              62
  161         -53.288     -60.846         -53.267     -60.794             161             161
    9       -1112.904    -904.674       -1112.946    -904.589               9               9
  238         839.321    -494.552         839.290    -494.577             238             238
   39         848.146   -1717.079         848.091   -1717.142              39              39
    0        -224.751     -75.453        -224.720     -75.496               0              -0
   42        1181.835    1243.257        1181.961    1243.177              42              42
   80       -1696.427    -226.656       -1696.391    -226.560              80              80
  221          90.992    -126.915          90.994    -126.928             221             221
  128         927.711    -123.721         927.752    -123.788             128             128
   22        -584.568    -322.696        -584.516    -322.699              22              22
  120       -1169.079     851.738       -1168.989     851.761             120             120
  149       -1025.957    1715.146       -1025.852    1715.209             149             149
  198          28.779     504.050          28.816     504.091             198             198
  254       -1165.477     -63.904       -1165.485     -63.797             254             254
  235         377.084    -624.852         377.026    -624.852             235             235
  244         643.180   -1034.486         643.122   -1034.549             244             244
  155        1119.982    1057.454        1120.092    1057.361             155             155
   44        -610.524     -60.682        -610.471     -60.655              44              44
  112        -263.961    1797.097        -263.827    1797.138             112             112
    9         752.095    -891.527         752.090    -891.536               9               9
   79        -915.047     830.612        -914.946     830.698              79              79
  163        1246.605   -1078.788        1246.619   -1078.844             163             163
  245       -2046.686     836.876       -2046.526     837.027             245             245
   71       -3297.788    -503.195       -3297.835    -502.921              71              71
   87         237.100   -2361.812         236.895   -2361.837              87              87
  124       -1984.467     511.357       -1984.517     511.447             124             124
  235        2990.712    -504.237        2990.617    -504.451             235             235
   32        1343.448     536.621        1343.545     536.529              32              32
    7         806.264    -511.721         806.340    -511.753               7               7
  202       -1342.359   -1220.929       -1342.333   -1220.844             202             202
   95       -2582.157   -1480.365       -2582.253   -1480.250              95              95
  168         607.604    -664.786         607.540    -664.947             168             168
  211        -979.503    1271.593        -979.411    1271.553             211             211
   77          86.353    1893.906          86.470    1893.876              77              77
  208         446.852    -302.620         446.839    -302.665             208             208
  212        1059.960     898.064        1060.110     897.941             212             212
  119       -3205.310    1913.254       -3205.145    1913.499             119             119
   32         732.724     643.419         732.731     643.435              32              32
  178        -357.854    -800.180        -357.913    -800.110             178             178
  248         866.501    -128.617         866.528    -128.663             248             248
   55       -1605.288   -1680.632       -1605.384   -1680.554              55              55
   42        -167.987    1226.009        -167.911    1225.966              42              42
  141        -620.970    -435.296        -621.028    -435.281             141             141
  253         771.007     826.483         771.058     826.382             253             253
   40         208.635     -89.873         208.660     -89.929              40              40
  121        -563.115     781.143        -563.025     781.122             121             121
  242       -1448.014    1954.515       -1447.913    1954.617             242             242
  196        2449.168     843.139        2449.212     842.988             196             196
  165         714.241    -325.809         714.323    -325.864             165             165
   99       -1723.105    1413.500       -1722.928    1413.629              99              99
  206        -654.636    1125.969        -654.567    1126.068             206             206
  245         511.000     182.002         511.000     182.000             245             245
    7        1450.871    1701.558        1451.097    1701.525               7               7
  196       -2115.809   -1919.723       -2115.892   -1919.484             196             196
   61        -756.324     390.112        -756.298     390.149              61              61
   95        -750.279     846.710        -750.231     846.782              95              95
   64         -29.488    1480.585         -29.385    1480.674              64              64
   40        -334.734   -1239.587        -334.862   -1239.478              40              40
  127         190.890      12.105         190.874      12.111             127             127
   72          74.102    -131.207          74.093    -131.182              72              72
  243        -315.453     157.640        -315.441     157.726             243             243
  222        -424.782   -2326.061        -425.024   -2326.046             222             222
  241         463.911     870.030         463.953     869.905             241             241
  198          20.187     763.426          20.206     763.403             198             198
   44        2704.102    1357.504        2704.266    1357.313              44              44
  193        -618.013   -1564.810        -618.042   -1564.729             193             193
  155       -1139.298     187.241       -1139.273     187.271             155             155
  164        1261.731    2029.550        1261.937    2029.425             164             164
  225        -608.066     862.184        -607.934     862.318             225             225
   77         115.353     466.553         115.422     466.640              77              77
  156        -358.273    -738.512        -358.320    -738.415             156             156
   24        -314.734     381.152        -314.711     381.217              24              24
  119         971.606     313.392         971.646     313.365             119             119
   42         480.164     702.269         480.304     702.362              42              42
   22        -352.386   -2796.848        -352.581   -2796.732              22              22
  160        -481.423   -1109.155        -481.474   -1109.171             160             160
  163       -1714.766     331.224       -1714.764     331.345             163             163
    8        1145.975    -647.448        1145.860    -647.617               8               8
  101         585.267    1509.387         585.458    1509.300             101             101
   73         -50.432     494.709         -50.330     494.773              73              73
  107        -415.753    -465.014        -415.769    -464.931             107             107
   51        -853.843     -22.778        -853.898     -22.684              51              51
   62        2875.295     480.902        2875.391     480.642              62              62
  114       -2303.987    -454.074       -2303.983    -453.798             114             114
  247        1790.259      -0.097        1790.244      -0.268             247             247
  123         306.420    -182.706         306.476    -182.727             123             123
  210         180.098     244.324         180.182     244.312             210             210
   56         304.405    1307.916         304.581    1307.995              56              56
  164        2165.000   -2661.355        2164.850   -2661.522             164             164
   81        -364.967     331.286        -364.713     331.301              81              81
  128        -926.562    -619.416        -926.465    -619.293             128             128
  151       -1423.496    -951.217       -1423.515    -951.081             151             151
   48         686.744    -348.735         686.834    -348.851              48              48
  113       -3284.447    -834.669       -3284.487    -834.378             113             113
   94        1434.185     218.088        1434.229     217.845              94              94
   93       -1888.664    -653.384       -1888.684    -653.307              93              93
   51        1454.410    3253.487        1454.845    3253.304              51              51
  249       -1371.568   -1242.893       -1371.570   -1242.693             249             249
    1        -411.912    1236.113        -411.673    1236.162               1               1
   20        -977.611    -490.696        -977.539    -490.539              20              20
   71       -1913.348   -1003.846       -1913.383   -1003.675              71              71
  158       -1273.230      64.344       -1273.196      64.372             158             158
   44        -828.114    1249.469        -827.912    1249.482              44              44
  190       -2634.913     719.225       -2634.830     719.481             190             190
  200       -1033.328    1928.412       -1033.179    1928.540             200             200
   67       -1107.761     143.042       -1107.826     143.191              67              67
   95          32.209    2185.326          32.416    2185.371              95              95
  108        -967.152     812.073        -967.081     812.332             108             108
   75        -147.588     -88.699        -147.603     -88.564              75              75
  196       -2731.785    -127.858       -2731.908    -127.472             196             196
  181        1379.680     603.654        1379.617     603.531             181             181
  183        -410.562    1056.169        -410.487    1056.329             183             183
  248        1616.890    -648.636        1616.838    -648.743             248             248
  244        -973.853     808.376        -973.645     808.549             244             244
   42       -2013.638    1512.575       -2013.484    1512.995              42              42
  239        -315.727    -763.996        -315.950    -763.741             239             239
  112        1022.426    -772.817        1022.274    -772.800             112             112
  252         517.482    -707.397         517.431    -707.338             252             252
   40        1052.582   -1372.689        1052.573   -1372.748              40              40
   20       -2797.241    -714.984       -2797.211    -714.605              20              20
   78        -992.911    -359.273        -992.974    -359.116              78              78
  168       -1140.216    -428.904       -1140.283    -428.707             168             168
  171       -1640.252    -976.929       -1640.446    -976.692             171             171
  127       -1118.775    -527.996       -1118.992    -527.865             127             127
   26         242.272     206.888         242.165     206.884              26              26
    9         257.678   -1429.409         257.443   -1429.456               9               9
  220        -987.523     840.024        -987.485     840.132             220             220
   77         235.126    -108.871         235.002    -108.842              77              77
    3         737.778    -197.816         737.711    -197.836               3               3
  222         599.596   -1619.544         599.440   -1619.620             222             222
   98       -1359.664     481.183       -1359.567     481.340              98              98
   74        -361.500    -235.266        -361.569    -235.160              74              74
  124        -408.459   -1600.748        -408.699   -1600.718             124             124
  143        -470.321    -183.581        -470.357    -183.649             143             143
    9       -1527.637    1908.158       -1527.466    1908.345               9               9
   69         231.274    1176.531         231.297    1176.691              69              69
  210         725.531   -2081.995         725.193   -2081.947             210             210
  105         817.329   -1139.043         817.255   -1139.182             105             105
  177       -1741.704     138.091       -1741.603     138.286             177             177
   30       -1324.906    1689.708       -1324.693    1690.036              30              30
   45       -2013.479   -2085.425       -2013.884   -2084.940              45              45
  103       -1536.473   -2341.732       -1537.040   -2341.519             103             103
  213        -406.028      27.959        -406.306      28.018             213             213
   37        -660.077   -3053.042        -660.883   -3053.004              37              37
   91        3786.364    -488.828        3786.090    -489.559              91              91
    0        -347.011      46.000        -347.057      45.943              -0               0
   21         448.052    -800.098         447.735    -800.250              21              21
  203        2948.061    -923.744        2947.833    -924.337             203             203
  253         982.289     310.880         982.371     310.543             253             253
   61        1559.443    1756.555        1559.774    1756.302              61              61
  224         277.806   -1447.526         277.703   -1447.550             224             224
   75        -275.995   -1420.500        -276.186   -1420.642              75              75
  230        1544.734     420.671        1544.848     420.186             230             230
  139         138.245    1217.064         138.574    1216.848             139             139
  203        -903.582    1912.346        -903.238    1912.400             203             203
    0        1019.069    1839.361        1019.432    1839.289              -0               0
  149       -1307.977    -105.429       -1307.881    -105.100             149             149
  167       -1172.928   -1070.790       -1173.123   -1070.622             167             167
   78         378.727     694.968         378.817     694.852              78              78
  153       -1610.094     -42.029       -1610.158     -41.822             153             153
  134         168.287     798.496         168.258     798.428             134             134
  177         468.950     865.744         468.964     865.699             177             177
  227        1732.370     128.327        1732.388     128.096             227             227
    3         674.620     850.580         674.908     850.532               3               3
   64       -1587.579     561.287       -1587.414     561.712              64              64
  237        -362.357   -2960.427        -362.870   -2960.379             237             237
   72        -171.765    1375.281        -171.604    1375.200              72              72
   18         448.074    -968.351         447.903    -968.496              18              18
   86         155.743    2051.103         156.129    2051.051              86              86
  250       -1562.383   -1039.253       -1562.564   -1039.007             250             250
   49        -150.138    2284.878        -149.891    2284.941              49              49
  132         729.987    -872.381         729.842    -872.354             132             132
   98       -2197.960   -1327.897       -2198.258   -1327.603              98              98
    7         -81.441     940.227         -81.551     940.140               7               7
  170        1223.946     230.883        1223.801     230.622             170             170
  189         372.444    1519.053         372.548    1518.968             189             189
    7        1964.353    1720.369        1964.568    1720.192               7               7
  191         -12.730    -297.599         -12.814    -297.419             191             191
  137        2041.765     235.960        2041.814     235.743             137             137
    5        -693.000      -0.251        -693.000       0.000               5               5
  253        2041.865    -235.520        2041.815    -235.741             253             253
  105         -12.902     297.239         -12.816     297.421             105             105
   81        1964.798   -1720.005        1964.573   -1720.188              81              81
  227         372.662   -1518.878         372.552   -1518.966             227             227
  245        1223.648    -230.349        1223.799    -230.621             245             245
   28         -81.666    -940.045         -81.550    -940.137              28              28
  228       -2198.577    1327.286       -2198.262    1327.597             228             228
  139         729.684     872.325         729.840     872.354             139             139
  196        -149.618   -2285.011        -149.886   -2284.943             196             196
   50       -1562.765    1038.738       -1562.567    1039.006              50              50
   36         156.558   -2050.996         156.135   -2051.052              36              36
   74         447.712     968.658         447.900     968.498              74              74
  227        -171.423   -1375.112        -171.602   -1375.201             227             227
    8        -363.452    2960.324        -362.877    2960.379               8               8
   77       -1587.228    -562.193       -1587.413    -561.716              77              77
   36         675.236    -850.479         674.909    -850.533              36              36
  245        1732.408    -127.825        1732.388    -128.091             245             245
  150         468.982    -865.646         468.966    -865.698             150             150
   55         168.227    -798.349         168.261    -798.428              55              55
   76       -1610.233      41.576       -1610.159      41.820              76              76
  144         378.922    -694.713         378.817    -694.851             144             144
  104       -1173.359    1070.419       -1173.126    1070.620             104             104
  209       -1307.766     104.704       -1307.880     105.097             209             209
  242        1019.873   -1839.199        1019.434   -1839.287             242             242
  111        -902.812   -1912.466        -903.233   -1912.400             111             111
  123         138.982   -1216.581         138.578   -1216.846             123             123
  176        1544.996    -419.580        1544.852    -420.180             176             176
  118        -276.428    1420.820        -276.190    1420.642             118             118
   59         277.567    1447.580         277.697    1447.550              59              59
   58        1560.196   -1755.977        1559.778   -1756.297              58              58
  124         982.475    -310.112         982.372    -310.540             124             124
   56        2947.538     925.106        2947.832     924.341              56              56
  163         447.316     800.447         447.731     800.250             163             163
  205        -347.120     -45.867        -347.059     -45.942             205             205
   27        3785.726     490.538        3786.088     489.570              27              27
  153        -661.960    3052.953        -660.888    3053.003             153             153
  233        -406.683     -28.100        -406.310     -28.020             233             233
  255       -1537.812    2341.231       -1537.045    2341.518             255             255
   36       -2014.441    2084.275       -2013.890    2084.935              36              36
  173       -1324.397   -1690.490       -1324.691   -1690.039             173             173
   50       -1741.465    -138.563       -1741.604    -138.290              50              50
   72         817.149    1139.383         817.253    1139.186              72              72
  248         724.710    2081.881         725.186    2081.948             248             248
   22         231.331   -1176.917         231.299   -1176.691              22              22
   81       -1527.217   -1908.619       -1527.462   -1908.351              81              81
   69        -470.413     183.746        -470.359     183.648              69              69
   58        -409.051    1600.673        -408.703    1600.716              58              58
   71        -361.669     235.005        -361.569     235.159              71              71
  219       -1359.421    -481.578       -1359.565    -481.344             219             219
  113         599.202    1619.739         599.436    1619.624             113             113
  147         737.610     197.866         737.711     197.836             147             147
  108         234.812     108.797         235.000     108.842             108             108
  217        -987.422    -840.300        -987.481    -840.135             217             217
  101         257.077    1429.528         257.439    1429.457             101             101
   94         242.003    -206.877         242.167    -206.884              94              94
   72       -1119.330     527.659       -1118.993     527.863              72              72
  224       -1640.755     976.314       -1640.449     976.689             224             224
   15       -1140.393     428.391       -1140.285     428.705              15              15
  191        -993.077     358.861        -992.975     359.112             191             191
   28       -2797.164     713.989       -2797.213     714.598              28              28
   73        1052.556    1372.846        1052.570    1372.749              73              73
   59         517.344     707.243         517.428     707.340              59              59
   84        1022.021     772.773        1022.272     772.801              84              84
  237        -316.322     763.317        -315.951     763.741             237             237
    9       -2013.216   -1513.717       -2013.479   -1513.002               9               9
  112        -973.292    -808.845        -973.645    -808.551             112             112
  134        1616.746     648.928        1616.836     648.745             134             134
  242        -410.351   -1056.607        -410.484   -1056.330             242             242
  111        1379.509    -603.313        1379.618    -603.528             111             111
  171       -2732.123     126.786       -2731.908     127.467             171             171
  160        -147.627      88.325        -147.603      88.563             160             160
  162        -966.952    -812.797        -967.080    -812.334             162             162
  244          32.799   -2185.450          32.422   -2185.370             244             244
  152       -1107.944    -143.467       -1107.826    -143.194             152             152
  184       -1032.900   -1928.780       -1033.174   -1928.543             184             184
   69       -2634.672    -719.961       -2634.827    -719.486              69              69
  221        -827.532   -1249.507        -827.909   -1249.484             221             221
  243       -1273.131     -64.428       -1273.196     -64.374             243             243
  140       -1913.453    1003.345       -1913.385    1003.669             140             140
  185        -977.403     490.235        -977.540     490.536             185             185
  101        -411.203   -1236.258        -411.668   -1236.163             101             101
   32       -1371.579    1242.298       -1371.572    1242.690              32              32
   37        1455.711   -3252.938        1454.855   -3253.300              37              37
   63       -1888.723     653.151       -1888.684     653.304              63              63
  133        1434.316    -217.354        1434.229    -217.840             133             133
  132       -3284.568     833.783       -3284.488     834.372             132             132
  135         687.015     349.091         686.834     348.854             135             135
  102       -1423.557     950.799       -1423.516     951.078             102             102
  147        -926.263     619.038        -926.465     619.293             147             147
   71        -364.184    -331.333        -364.712    -331.301              71              71
  130        2164.525    2661.884        2164.844    2661.529             130             130
  220         304.958   -1308.161         304.584   -1307.994             220             220
  131         180.364    -244.289         180.182    -244.314             131             131
  215         306.597     182.773         306.476     182.728             215             215
  201        1790.211       0.645        1790.244       0.271             201             201
  140       -2303.976     453.187       -2303.985     453.795             140             140
   71        2875.607    -480.047        2875.391    -480.634              71              71
   80        -854.023      22.470        -853.898      22.682              80              80
  127        -415.811     464.743        -415.772     464.930             127             127
  183         -50.092    -494.917         -50.328    -494.772             183             183
  251         585.898   -1509.098         585.458   -1509.299             251             251
   32        1145.593     648.017        1145.860     647.620              32              32
   89       -1714.756    -331.635       -1714.762    -331.351              89              89
  239        -481.596    1109.208        -481.475    1109.170             239             239
  184        -353.064    2796.457        -352.589    2796.733             184             184
   18         480.643    -702.582         480.306    -702.360              18              18
   52         971.742    -313.293         971.646    -313.363              52              52
  150        -314.652    -381.379        -314.709    -381.217             150             150
    6        -358.439     738.173        -358.322     738.414               6               6
  192         115.599    -466.860         115.424    -466.640             192             192
   80        -607.599    -862.661        -607.932    -862.322              80              80
  107        1262.469   -2029.103        1261.941   -2029.424             107             107
  224       -1139.209    -187.355       -1139.271    -187.274             224             224
  117        -618.125    1564.518        -618.046    1564.729             117             117
  170        2704.701   -1356.799        2704.269   -1357.307             170             170
  102          20.262    -763.343          20.208    -763.403             102             102
  249         464.065    -869.566         463.954    -869.904             249             249
   50        -425.685    2326.002        -425.028    2326.045              50              50
  204        -315.406    -157.961        -315.440    -157.727             204             204
  141          74.068     131.113          74.094     131.182             141             141
  122         190.827     -12.129         190.874     -12.111             122             122
   79        -335.229    1239.169        -334.865    1239.477              79              79
  105         -29.088   -1480.924         -29.382   -1480.673             105             105
  254        -750.089    -846.989        -750.228    -846.783             254             254
   38        -756.222    -390.261        -756.299    -390.153              38              38
   51       -2116.140    1918.778       -2115.896    1919.479              51              51
  139        1451.774   -1701.425        1451.101   -1701.522             139             139
  110         510.999    -181.995         511.000    -182.000             110             110
  131        -654.346   -1126.372        -654.564   -1126.070             131             131
   10       -1722.374   -1414.040       -1722.925   -1413.634              10              10
   37         714.567     326.039         714.320     325.867              37              37
  127        2449.357    -842.497        2449.215    -842.982             127             127
   43       -1447.587   -1954.949       -1447.910   -1954.620              43              43
  127        -562.731    -781.059        -563.022    -781.124             127             127
  110         208.744      90.117         208.660      89.931             110             110
  227         771.229    -826.051         771.060    -826.382             227             227
  146        -621.226     435.229        -621.030     435.281             146             146
  163        -167.646   -1225.823        -167.908   -1225.966             163             163
  122       -1605.721    1680.282       -1605.389    1680.550             122             122
  152         866.619     128.832         866.528     128.667             152             152
   99        -358.119     799.866        -357.915     800.108              99              99
  202         732.762    -643.489         732.734    -643.434             202             202
    4       -3204.549   -1914.379       -3205.139   -1913.507               4               4
   68        1060.650    -897.497        1060.112    -897.939              68              68
   63         446.793     302.834         446.840     302.668              63              63
  174          86.909   -1893.761          86.474   -1893.874             174             174
  170        -979.063   -1271.411        -979.408   -1271.555             170             170
   57         607.293     665.555         607.538     664.949              57              57
  225       -2582.626    1479.801       -2582.256    1480.244             225             225
  119       -1342.238    1220.508       -1342.334    1220.841             119             119
  198         806.636     511.884         806.341     511.756             198             198
   91        1343.926    -536.159        1343.546    -536.527              91              91
  198        2990.236     505.321        2990.615     504.459             198             198
   48       -1984.711    -511.818       -1984.515    -511.451              48              48
   89         236.049    2361.938         236.889    2361.837              89              89
  237       -3298.031     501.780       -3297.836     502.915             237             237
   99       -2045.852    -837.676       -2046.523    -837.035              99              99
  228        1246.672    1079.085        1246.617    1078.846             228             228
   91        -914.508    -831.069        -914.943    -830.701              91              91
  231         752.061     891.580         752.088     891.537             231             231
  239        -263.221   -1797.318        -263.822   -1797.139             239             239
  129        -610.236      60.536        -610.471      60.655             129             129
  102        1120.596   -1056.937        1120.095   -1057.359             102             102
   26         642.854    1034.844         643.121    1034.551              26              26
    1         376.752     624.856         377.024     624.853               1               1
  212       -1165.521      63.288       -1165.484      63.794             212             212
  254          29.003    -504.283          28.819    -504.090             254             254
  147       -1025.337   -1715.517       -1025.849   -1715.210             147             147
  119       -1168.544    -851.883       -1168.987    -851.764             119             119
  120        -584.257     322.715        -584.516     322.699             120             120
   44         927.956     124.127         927.751     123.790              44              44
  219          90.997     126.999          90.993     126.929             219             219
   66       -1696.196     226.052       -1696.388     226.556              66              66
   48        1182.622   -1242.751        1181.963   -1243.174              48              48
   32        -224.548      75.723        -224.718      75.495              32              32
  130         847.788    1717.484         848.089    1717.143             130             130
  222         839.121     494.733         839.290     494.582             222             222
  203       -1113.183     904.107       -1112.947     904.588             203             203
  188         -53.152      60.500         -53.268      60.794             188             188
  191       -1621.302   -1433.582       -1622.047   -1433.033             191             191
   66        1504.026     722.996        1503.838     722.615              66              66
  130         955.519    -192.041         955.325    -192.055             130             130
   27        1223.723   -2163.879        1223.134   -2164.178              27              27
    9         315.476    -142.909         315.615    -143.110               9               9
  179        -861.102    -594.849        -861.153    -594.613             179             179
  117        -997.193   -1631.460        -997.688   -1631.365             117             117
  247       -1390.561     226.921       -1390.705     227.029             247             247
   22       -1005.927     554.786       -1006.229     554.991              22              22
   89        1499.102    -898.617        1498.469    -899.126              89              89
   83         724.983    -836.912         724.655    -837.403              83              83
  254        -430.068     -56.675        -430.215     -56.962             254             254
   73         509.862     976.291         509.950     975.741              73              73
  212         918.978    2377.935         919.644    2377.556             212             212
  100        -402.763     841.933        -402.490     842.193             100             100
  100        -973.664     289.993        -973.785     290.400             100             100
  214        1374.595     -62.622        1374.445     -62.985             214             214
   57        -612.167      96.912        -612.132      97.039              57              57
   98        -761.630     527.216        -761.693     527.323              98              98
  105        1208.295    2783.278        1208.990    2783.164             105             105
  177        -367.609    -905.573        -367.827    -905.022             177             177
  219       -1519.533    -622.153       -1519.915    -621.476             219             219
  149         197.029   -1557.106         196.210   -1557.153             149             149
  141         356.890    -248.133         356.522    -248.416             141             141
   30        1417.512     764.800        1417.620     764.331              30              30
  198         971.377     125.555         971.607     125.378             198             198
  173       -1371.151    -515.753       -1371.148    -515.230             173             173
  161       -1246.703   -1353.216       -1247.228   -1352.930             161             161
  165        -955.713    -368.653        -956.134    -368.657             165             165
  120         737.192     220.461         737.039     219.858             120             120
   93        -511.002    2977.625        -510.172    2977.743              93              93
  100        -749.328     403.025        -749.357     403.575             100             100
  187       -1159.657    -278.957       -1160.049    -278.391             187             187
  224          84.211    -281.358          83.798    -281.301             224             224
  128       -1304.841     827.262       -1305.017     827.849             128             128
  196         746.512    -357.299         745.872    -357.151             196             196
  147        1682.040   -2651.391        1681.050   -2651.850             147             147
  245        -724.933    -272.654        -725.096    -272.638             245             245
  188         -34.586    -563.530         -34.974    -563.702             188             188
  170          36.819     746.361          36.912     746.284             170             170
   79       -1209.842    -846.331       -1210.341    -845.948              79              79
   15         -57.685    -886.419         -58.280    -886.603              15              15
  168        -971.296     181.842        -971.609     181.895             168             168
  153         412.719      -2.914         412.382      -3.259             153             153
  228       -1495.755     593.780       -1495.938     594.078             228             228
   13       -1106.995    -623.487       -1107.888    -623.480              13              13
  253         268.983    3765.218         269.330    3765.107             253             253
  186        1789.216      17.536        1788.567      17.419             186             186
   71        1953.219    -675.832        1952.745    -676.143              71              71
   96        -408.094   -2239.627        -409.024   -2239.538              96              96
   36         319.227   -1054.839         318.493   -1055.422              36              36
  248         990.352    1782.830         990.671    1782.163             248             248
   60       -1496.607     523.981       -1496.806     524.366              60              60
  186        -813.665     429.004        -814.402     429.107             186             186
  133        3750.834    2107.444        3750.974    2106.336             133             133
   90        -561.742    -943.343        -562.244    -943.042              90              90
  128         -36.205     401.623         -36.610     401.503             128             128
   50         942.371    1309.627         942.234    1309.342              50              50
  251         801.682     550.704         801.382     550.625             251             251
   37         310.650     -93.520         310.054     -93.496              37              37
  170        1914.450     674.980        1914.193     674.533             170             170
   89         297.892   -1145.448         297.113   -1145.470              89              89
  138        1602.023     589.716        1601.835     589.179             138             138
  102         156.346    -492.562         155.892    -492.587             102             102
   57        -557.907    -361.241        -558.604    -361.187              57              57
   10        1840.391      73.560        1839.896      72.743              10              10
   42        -722.967     341.280        -723.320     341.202              42              42
  205         -22.955    2461.658         -22.872    2461.561             205             205
    0          31.920    1413.312          31.603    1413.560               0               0
  230       -1167.944      -3.844       -1169.017      -3.266             230             230
  119         321.992    1203.836         321.008    1203.877             119             119
   80         266.159    1351.742         265.052    1352.063              80              80
  246         601.701    -476.943         599.687    -476.688             246             246
   32         237.638    -842.010         234.935    -841.904              32              32
  233         172.564     562.984         169.040     563.088             233             233
  218        1892.527    -464.110        1885.307    -464.539             218             218
