SINAL     NFT                         FFT                         NFT INVERSA     FFT INVERSA
-----     -----------------------     -----------------------     -----------     -----------
   87       67282.000       0.000       67282.000       0.000              87              87
  154         835.861   -1564.330         835.875   -1564.330             154             154
  219        -573.809      26.780        -573.795      26.779             219             219
  143          65.550      86.549          65.563      86.547             143             143
  129        3045.123    2640.752        3045.143    2640.744             129             129
  101        -367.581    1738.322        -367.558    1738.327             101             101
  161       -1725.515   -1407.054       -1725.506   -1407.045             161             161
  239        1409.949    -271.351        1409.959    -271.358             239             239
  166         537.118     953.543         537.137     953.540             166             166
  116         175.082    -126.915         175.093    -126.914             116             116
  175        2022.546    1448.995        2022.570    1448.988             175             175
  159        -237.580   -1257.218        -237.571   -1257.210             159             159
  230         534.698    -848.339         534.701    -848.344             230             230
   66        2721.479     441.190        2721.498     441.170              66              66
   91         954.814    -661.461         954.833    -661.464              91              91
   33         974.278   -2566.306         974.282   -2566.322              33              33
  141        -156.481    1399.849        -156.440    1399.836             141             141
   50        -218.702    1397.563        -218.667    1397.564              50              50
  102         840.336     659.281         840.367     659.278             102             102
  232        -108.905     174.736        -108.874     174.747             232             232
  235        -426.147   -1048.450        -426.131   -1048.442             235             235
   21       -2138.078     132.288       -2138.059     132.314              21              21
   25          61.950    -105.103          61.954    -105.104              25              25
   99        1177.980     859.475        1178.010     859.468              99              99
    2        -190.670   -2067.970        -190.673   -2067.963               2               2
   64       -1259.484    -490.969       -1259.474    -490.963              64              64
  185         295.134     274.595         295.152     274.576             185             185
   38        -407.275    1245.520        -407.238    1245.525              38              38
  228        -564.106       6.057        -564.099       6.071             228             228
   92        1026.112     170.043        1026.126     170.029              92              92
   80          80.034    -934.830          80.036    -934.835              80              80
   60          -5.364     561.639          -5.338     561.634              60              60
  247         195.951    -888.419         195.946    -888.434             247             247
   43        1168.460    1847.201        1168.522    1847.172              43              43
  203        -241.060   -1061.450        -241.056   -1061.446             203             203
  120        1247.681     936.036        1247.738     935.993             120             120
  145       -1087.480    2713.583       -1087.372    2713.630             145             145
  109       -1864.318   -1693.900       -1864.335   -1693.824             109             109
  104       -1389.834   -1509.255       -1389.874   -1509.221             104             104
   56         568.064    -844.950         568.038    -844.980              56              56
  225         370.509    -319.836         370.508    -319.870             225             225
   23         283.678     241.267         283.695     241.231              23              23
  215         569.657    1031.156         569.702    1031.116             215             215
  200        -307.098    1412.818        -307.047    1412.817             200             200
   90        1073.004    1109.802        1073.051    1109.777              90              90
   51         960.853     138.572         960.900     138.549              51              51
  233       -2026.247     283.919       -2026.217     283.968             233             233
  232        1285.180    1425.792        1285.231    1425.749             232             232
  102        -381.930     979.941        -381.874     979.956             102             102
   80         333.613    1963.433         333.698    1963.445              80              80
  208       -1135.125     142.514       -1135.110     142.581             208             208
   81         758.468    1311.783         758.507    1311.796              81              81
  101        1103.122   -1095.817        1103.105   -1095.817             101             101
  234        1642.349    -786.602        1642.378    -786.659             234             234
  181       -1683.215    1195.274       -1683.123    1195.333             181             181
  103        -483.582    -240.147        -483.580    -240.128             103             103
   42         515.126    2689.265         515.236    2689.276              42              42
  110         488.588    -154.262         488.607    -154.217             110             110
  142        1163.414    -902.672        1163.431    -902.686             142             142
   15        -550.827    1740.796        -550.710    1740.869              15              15
  203         936.074   -2726.685         936.036   -2726.675             203             203
  222       -1315.506    -319.669       -1315.442    -319.625             222             222
   75       -1423.127     838.281       -1423.038     838.359              75              75
  195       -1921.873    -380.228       -1921.855    -380.105             195             195
   10       -2495.419   -1693.319       -2495.509   -1693.185              10              10
   23        1224.773   -1932.458        1224.679   -1932.534              23              23
   60        -402.739    1003.770        -402.666    1003.763              60              60
  155       -1173.117    -259.755       -1173.115    -259.705             155             155
  133        -128.602     913.622        -128.556     913.642             133             133
  164         -88.249    -791.776         -88.255    -791.746             164             164
  212       -1160.722   -1285.878       -1160.744   -1285.847             212             212
  102       -2235.364    1468.593       -2235.297    1468.678             102             102
  188       -1885.074     737.040       -1885.095     737.163             188             188
  171        -574.360   -1097.856        -574.504   -1097.810             171             171
   46        2183.241     912.804        2183.226     912.711              46              46
   23        1377.347     484.974        1377.377     484.963              23              23
  223         -63.334   -1723.504         -63.408   -1723.462             223             223
   24         516.727    -775.298         516.686    -775.330              24              24
  255         678.452     367.743         678.478     367.717             255             255
   69         293.776    -527.058         293.756    -527.045              69              69
  105        1264.077   -1387.375        1264.030   -1387.440             105             105
  207          42.758    -449.407          42.781    -449.436             207             207
  151       -1209.779     716.862       -1209.742     716.929             151             151
  206        1212.281   -1298.947        1212.194   -1299.004             206             206
  186         751.686   -1050.493         751.636   -1050.584             186             186
   76        1945.781    1845.972        1945.921    1845.845              76              76
   54         957.369    -808.820         957.419    -808.873              54              54
  228       -1185.213    1540.290       -1185.066    1540.362             228             228
  187        1682.847    -129.718        1682.919    -129.763             187             187
  196       -2303.405   -1219.178       -2303.398   -1219.033             196             196
  244          14.745     -22.983          14.777     -22.996             244             244
  135       -1608.820     -75.686       -1608.811     -75.599             135             135
  163         912.341    1132.436         912.424    1132.423             163             163
   64       -1727.356   -2604.878       -1727.510   -2604.764              64              64
   74        1917.550     261.166        1917.570     261.009              74              74
  173         426.637    -985.276         426.665    -985.361             173             173
   87       -1877.674    2715.081       -1877.461    2715.177              87              87
  134         430.767     365.520         430.806     365.555             134             134
   73        -717.907    -545.886        -717.910    -545.797              73              73
  221        -817.807      28.974        -817.822      29.069             221             221
   43        2279.507   -1790.533        2279.429   -1790.661              43              43
   29        -892.481   -1751.295        -892.506   -1751.314              29              29
   67        -528.085    1835.798        -527.916    1835.762              67              67
  231         -46.962    1159.383         -46.822    1159.406             231             231
  201       -1546.687    -276.413       -1546.652    -276.285             201             201
  114       -1416.217     572.605       -1416.187     572.717             114             114
  254         417.941     580.315         417.981     580.341             254             254
  169        -907.891   -1071.098        -907.948   -1070.990             169             169
  139          94.883    -358.399          94.875    -358.389             139             139
  254       -1196.695    -551.869       -1196.733    -551.764             254             254
  239         575.042   -1645.548         574.918   -1645.620             239             239
  244         493.365     601.897         493.455     601.813             244             244
  205        -649.764     -59.564        -649.713     -59.544             205             205
  134         456.195    1675.469         456.405    1675.464             134             134
  195       -3008.284   -1189.228       -3008.321   -1188.950             195             195
  136        -748.638    -933.408        -748.736    -933.360             136             136
  211        -469.346    -149.156        -469.358    -149.132             211             211
  249       -1617.168   -1173.963       -1617.280   -1173.873             249             249
  109        -506.775    -258.620        -506.856    -258.650             109             109
  143         100.004     179.973          99.966     179.893             143             143
  190        1531.614    1573.985        1531.774    1573.848             190             190
   97       -2330.165    -484.222       -2330.161    -484.039              97              97
   22       -1408.122     468.502       -1408.157     468.582              22              22
   97        -102.121     886.347        -102.159     886.364              97              97
  161        2260.001    -454.328        2259.953    -454.507             161             161
   97        -818.917     455.955        -818.825     455.995              97              97
   15       -1045.002     698.541       -1044.958     698.615              15              15
  249        -353.646    1141.655        -353.595    1141.711             249             249
  231        -214.011     593.906        -214.000     594.000             231             231
   88       -1301.028    -981.319       -1301.216    -981.163              88              88
  214        2146.511    -170.239        2146.400    -170.422             214             214
   19        1248.331    -302.826        1248.309    -302.958              19              19
  118        1020.528    1072.612        1020.662    1072.503             118             118
   26          64.568    1999.534          64.784    1999.619              26              26
  250         494.840    -920.552         494.794    -920.462             250             250
   64         808.976   -1684.609         808.904   -1684.644              64              64
  141        -213.952    -249.597        -213.867    -249.590             141             141
  249       -1278.479     -62.082       -1278.406     -61.947             249             249
  233       -1969.906   -1823.305       -1970.083   -1823.177             233             233
   25        -403.390    1776.190        -403.303    1776.189              25              25
  247          11.366    -258.220          11.280    -258.182             247             247
  217         469.251     -78.037         469.204     -78.054             217             217
   13         247.030    -958.707         246.910    -958.741              13              13
  197        1452.326     361.382        1452.377     361.208             197             197
   95        -506.152    1253.925        -506.006    1254.015              95              95
  209        1475.405    -715.226        1475.385    -715.277             209             209
   77        -158.424   -1904.952        -158.493   -1904.939              77              77
   51        -680.060   -1048.990        -680.066   -1049.034              51              51
  202       -1882.647    1038.594       -1882.529    1038.677             202             202
  186        -304.556    1309.153        -304.462    1309.201             186             186
  195        -369.837   -1882.146        -370.023   -1882.146             195             195
  136       -1499.904    1017.625       -1499.867    1017.644             136             136
   28         419.872    2320.841         420.000    2320.775              28              28
  217         893.792    2144.768         893.963    2144.809             217             217
  234        1102.376   -1080.497        1102.317   -1080.473             234             234
  189       -1721.072    -235.395       -1721.094    -235.166             189             189
   59         723.781    -607.984         723.651    -608.021              59              59
  249        1315.578    -494.443        1315.559    -494.575             249             249
  183        -732.620    -253.250        -732.597    -253.204             183             183
   34        -544.885     682.726        -544.850     682.761              34              34
   81        1238.146    1307.223        1238.283    1307.167              81              81
  142        -828.378    -874.432        -828.458    -874.259             142             142
   53         681.093      58.864         681.081      58.851              53              53
  200        -214.858    -876.542        -214.980    -876.456             200             200
  168        1991.979   -1535.643        1991.821   -1535.873             168             168
   48        1391.692    -534.089        1391.770    -534.331              48              48
    8         321.361    1077.089         321.679    1077.002               8               8
   54       -1436.921    -177.979       -1436.772    -177.862              54              54
   42       -1142.549    2711.783       -1142.146    2711.969              42              42
  242       -1954.506    -232.552       -1954.478    -232.145             242             242
   79       -1389.867   -1688.145       -1390.057   -1687.876              79              79
   34       -1739.389   -1523.642       -1739.610   -1523.433              34              34
  203        -849.642   -1205.144        -849.860   -1205.086             203             203
   93       -1411.388   -1350.492       -1411.655   -1350.442              93              93
  232        -703.526     110.390        -703.693     110.321             232             232
   43         206.588    1575.110         206.568    1575.025              43              43
   46        1864.264     967.701        1864.270     967.553              46              46
   54        -351.584    -971.162        -351.780    -971.073              54              54
   95        1811.147     327.642        1811.091     327.471              95              95
  248        1680.709   -1993.147        1680.503   -1993.361             248             248
  241         543.023     415.250         543.150     415.114             241             241
   34       -1072.022    -780.374       -1072.144    -780.314              34              34
  129        1941.679     877.023        1941.724     876.747             129             129
   13        1580.411    -750.600        1580.390    -750.817              13              13
  252        1325.081     -55.055        1325.230     -55.305             252             252
  107         -88.334     740.872         -88.057     740.828             107             107
  203        -960.629    -409.389        -960.547    -409.339             203             203
   55        -937.184     863.768        -937.028     863.790              55              55
  100        -329.277    1498.910        -329.077    1498.951             100             100
  131         279.244    -283.529         279.277    -283.554             131             131
   90       -1177.519    1283.482       -1177.296    1283.637              90              90
  182        -515.994    -254.315        -515.986    -254.214             182             182
   17       -2314.430     -15.437       -2314.490     -15.185              17              17
  143        -242.088    2655.471        -241.929    2655.624             143             143
  126         994.675   -3581.024         994.103   -3581.098             126             126
  186        1205.763    1135.633        1205.877    1135.365             186             186
  192        1206.148     247.151        1206.249     246.963             192             192
  135        -413.036    2042.261        -412.708    2042.427             135             135
  240        1140.513   -4192.755        1140.079   -4192.942             240             240
  234       -1230.640    1894.933       -1230.260    1894.854             234             234
  121       -1971.328    2812.931       -1970.987    2813.235             121             121
   64        -673.014   -1700.442        -673.401   -1700.318              64              64
   13        2095.159    1223.636        2095.247    1223.278              13              13
   68         622.343    1395.310         622.599    1395.246              68              68
  157          67.959     846.523          68.146     846.590             157             157
  245          21.629     757.787          21.794     757.904             245             245
  112         107.223    -951.165         107.183    -951.114             112             112
  203        -858.176     382.971        -858.062     383.082             203             203
   44        -224.165     216.769        -224.102     216.810              44              44
  207        -753.614     815.136        -753.476     815.280             207             207
  196       -1166.702    -238.886       -1166.803    -238.685             196             196
   29        1006.790     472.865        1006.789     472.738              29              29
  241        1251.738     617.091        1251.936     616.971             241             241
   70       -1908.366    -751.749       -1908.385    -751.507              70              70
   43        -213.971    2262.476        -213.691    2262.526              43              43
  238         360.763    -282.701         360.770    -282.672             238             238
  177       -1794.476    1587.579       -1794.270    1587.899             177             177
  246        1096.366    1060.016        1096.493    1060.052             246             246
   37        -179.333    -206.501        -179.231    -206.282              37              37
   22       -3139.482     339.286       -3139.459     339.926              22              22
  122        -613.736   -1019.976        -614.101   -1019.710             122             122
  127         470.156    -404.385         469.904    -404.312             127             127
  204        1591.334   -1078.884        1591.100   -1078.980             204             204
  139        1191.679   -1644.785        1191.527   -1644.917             139             139
   15       -1516.677    -716.646       -1516.770    -716.447              15              15
   75        1257.557   -1055.361        1257.366   -1055.614              75              75
   69         366.362     339.028         366.495     338.886              69              69
  207        -963.873     718.836        -963.754     718.966             207             207
  210        1540.311     780.893        1540.492     780.739             210             210
   54       -1035.974     910.245       -1035.691     910.618              54              54
  186       -1234.248   -2698.086       -1234.606   -2697.756             186             186
   76       -1409.622   -1240.984       -1409.868   -1240.833              76              76
  118        -400.354    -631.453        -400.580    -631.505             118             118
  199        1217.354     826.971        1217.472     826.743             199             199
  144       -1655.299    -479.687       -1655.370    -479.427             144             144
   20        -169.887    -636.129        -170.098    -636.200              20              20
  189         571.434    2465.956         571.765    2465.910             189             189
    1         -10.658   -1265.891         -10.816   -1265.755               1               1
  224       -1549.202      61.154       -1549.239      61.457             224             224
  233        -213.793   -1945.188        -214.231   -1945.197             233             233
  208        -210.208    1187.301        -210.169    1187.256             208             208
  164         589.207     293.274         589.119     293.243             164             164
    7         785.739    -190.829         785.639    -190.870               7               7
  194         633.267    -881.948         633.107    -882.025             194             194
  234         552.704     674.313         552.824     674.305             234             234
   50         965.023   -2701.394         964.720   -2701.548              50              50
  176       -2007.551    -150.886       -2007.502    -150.746             176             176
  156       -1286.285    1214.502       -1286.244    1214.686             156             156
   40         761.867   -1683.943         761.455   -1684.100              40              40
  213        -460.222      46.566        -460.321      46.479             213             213
  178         568.452      94.406         568.346      94.143             178             178
  162         176.395    1667.807         176.574    1667.665             162             162
   84         262.033    1369.455         262.154    1369.429              84              84
  127        -205.493    1360.463        -205.436    1360.633             127             127
   46         959.984    -691.841         959.646    -691.897              46              46
  100        2543.201    1197.210        2543.303    1196.880             100             100
  202        1166.000       0.007        1166.000       0.000             202             202
  116        2543.408   -1196.537        2543.304   -1196.874             116             116
   51         959.296     691.959         959.642     691.900              51              51
  157        -205.374   -1360.807        -205.434   -1360.633             157             157
  170         262.285   -1369.406         262.157   -1369.432             170             170
  238         176.764   -1667.516         176.577   -1667.664             238             238
  233         568.232     -93.860         568.344     -94.138             233             233
   33        -460.426     -46.387        -460.321     -46.479              33              33
  182         761.012    1684.267         761.452    1684.100             182             182
  122       -1286.195   -1214.885       -1286.241   -1214.687             122             122
   54       -2007.450     150.588       -2007.503     150.742              54              54
  115         964.380    2701.722         964.713    2701.552             115             115
  123         552.957    -674.297         552.826    -674.306             123             123
   22         632.928     882.113         633.105     882.027              22              22
   93         785.525     190.921         785.638     190.874              93              93
   75         589.019    -293.207         589.118    -293.242              75              75
  186        -210.121   -1187.206        -210.166   -1187.257             186             186
  100        -214.741    1945.206        -214.237    1945.196             100             100
   13       -1549.281     -61.808       -1549.239     -61.458              13              13
  165         -11.005    1265.598         -10.821    1265.755             165             165
  150         572.159   -2465.855         571.770   -2465.909             150             150
  190        -170.351     636.285        -170.101     636.201             190             190
   65       -1655.457     479.114       -1655.371     479.424              65              65
  191        1217.616    -826.466        1217.474    -826.740             191             191
  147        -400.856     631.565        -400.583     631.502             147             147
  244       -1410.173    1240.644       -1409.873    1240.829             244             244
   98       -1235.052    2697.347       -1234.611    2697.754              98              98
  232       -1035.337    -911.080       -1035.687    -910.621             232             232
  116        1540.720    -780.542        1540.494    -780.736             116             116
  144        -963.603    -719.132        -963.752    -718.969             144             144
   76         366.664    -338.705         366.497    -338.884              76              76
   63        1257.119    1055.941        1257.363    1055.618              63              63
    5       -1516.892     716.188       -1516.771     716.445               5               5
  128        1191.320    1645.091        1191.522    1644.919             128             128
  220        1590.789    1079.110        1591.097    1078.983             220             220
  176         469.570     404.219         469.902     404.313             176             176
  110        -614.588    1019.354        -614.103    1019.708             110             110
  198       -3139.430    -340.795       -3139.460    -339.935             198             198
  209        -179.094     205.986        -179.232     206.282             209             209
   37        1096.669   -1060.097        1096.495   -1060.049              37              37
   64       -1793.981   -1588.345       -1794.266   -1587.904              64              64
    7         360.779     282.634         360.769     282.673               7               7
  153        -213.292   -2262.596        -213.684   -2262.526             153             153
  187       -1908.414     751.159       -1908.388     751.501             187             187
   29        1252.219    -616.800        1251.937    -616.970              29              29
  246        1006.789    -472.555        1006.791    -472.736             246             246
    7       -1166.949     238.396       -1166.803     238.685               7               7
  216        -753.273    -815.493        -753.474    -815.283             216             216
   91        -224.007    -216.869        -224.101    -216.811              91              91
   21        -857.891    -383.252        -858.060    -383.086              21              21
  125         107.120     951.039         107.181     951.115             125             125
  242          22.045    -758.079          21.796    -757.904             242             242
  211          68.429    -846.691          68.147    -846.590             211             211
  191         622.994   -1395.148         622.602   -1395.244             191             191
  177        2095.384   -1222.722        2095.250   -1223.271             177             177
  103        -674.005    1700.124        -673.407    1700.316             103             103
  180       -1970.449   -2813.714       -1970.982   -2813.239             180             180
   20       -1229.657   -1894.735       -1230.255   -1894.858              20              20
   79        1139.378    4193.242        1140.070    4192.946              79              79
   40        -412.176   -2042.692        -412.701   -2042.428              40              40
  165        1206.410    -246.658        1206.248    -246.962             165             165
  156        1206.067   -1134.923        1205.880   -1135.360             156             156
  103         993.158    3581.219         994.095    3581.100             103             103
  170        -241.661   -2655.876        -241.923   -2655.623             170             170
   28       -2314.591      14.764       -2314.490      15.185              28              28
   68        -515.977     254.041        -515.988     254.212              68              68
   90       -1176.913   -1283.910       -1177.294   -1283.641              90              90
  139         279.331     283.603         279.276     283.557             139             139
   10        -328.724   -1499.023        -329.073   -1498.952              10              10
   44        -936.752    -863.829        -937.026    -863.790              44              44
  177        -960.407     409.249        -960.549     409.337             177             177
   74         -87.563    -740.747         -88.054    -740.826              74              74
   52        1325.496      55.751        1325.231      55.306              52              52
   74        1580.348     751.218        1580.387     750.823              74              74
    6        1941.811    -876.238        1941.727    -876.743               6               6
   82       -1072.371     780.200       -1072.146     780.312              82              82
   65         543.383    -414.861         543.150    -415.113              65              65
   13        1680.110    1993.765        1680.497    1993.366              13              13
   42        1810.985    -327.144        1811.090    -327.466              42              42
  156        -352.155     970.903        -351.783     971.072             156             156
   35        1864.283    -967.267        1864.271    -967.551              35              35
  168         206.534   -1574.861         206.571   -1575.025             168             168
  142        -704.017    -110.185        -703.693    -110.320             142             142
  246       -1412.184    1350.338       -1411.659    1350.438             246             246
  104        -850.295    1204.970        -849.863    1205.085             104             104
   64       -1740.058    1523.008       -1739.615    1523.429              64              64
   93       -1390.445    1687.331       -1390.061    1687.873              93              93
   28       -1954.422     231.311       -1954.478     232.140              28              28
   85       -1141.312   -2712.353       -1142.140   -2711.971              85              85
  173       -1436.466     177.614       -1436.772     177.859             173             173
   69         322.346   -1076.820         321.682   -1077.001              69              69
  250        1391.933     534.850        1391.770     534.337             250             250
   74        1991.483    1536.364        1991.818    1535.876              74              74
  173        -215.247     876.272        -214.984     876.455             173             173
  165         681.053     -58.821         681.080     -58.849             165             165
  102        -828.637     873.878        -828.461     874.256             102             102
  241        1238.589   -1307.042        1238.286   -1307.165             241             241
  255        -544.767    -682.845        -544.848    -682.764             255             255
  242        -732.548     253.101        -732.598     253.204             242             242
  251        1315.515     494.880        1315.558     494.578             251             251
   44         723.353     608.105         723.649     608.020              44              44
  163       -1721.146     234.632       -1721.095     235.161             163             163
   70        1102.175    1080.422        1102.314    1080.477              70              70
   96         894.371   -2144.901         893.968   -2144.806              96              96
  237         420.311   -2320.616         420.005   -2320.773             237             237
   76       -1499.770   -1017.696       -1499.864   -1017.648              76              76
  178        -370.481    1882.146        -370.028    1882.147             178             178
   47        -304.227   -1309.316        -304.458   -1309.200              47              47
   90       -1882.236   -1038.888       -1882.527   -1038.682              90              90
  221        -680.084    1049.142        -680.068    1049.033             221             221
  203        -158.676    1904.905        -158.499    1904.938             203             203
  125        1475.333     715.409        1475.383     715.281             125             125
  134        -505.631   -1254.246        -506.004   -1254.016             134             134
   90        1452.516    -360.752        1452.380    -361.204              90              90
  116         246.592     958.834         246.907     958.742             116             116
  239         469.077      78.102         469.202      78.055             239             239
  155          11.052     258.081          11.281     258.182             155             155
  210        -403.062   -1776.185        -403.299   -1776.189             210             210
   12       -1970.571    1822.820       -1970.087    1823.170              12              12
  241       -1278.208      61.578       -1278.407      61.945             241             241
  127        -213.630     249.570        -213.867     249.590             127             127
   81         808.695    1684.747         808.900    1684.647              81              81
  235         494.659     920.207         494.792     920.462             235             235
  201          65.405   -1999.861          64.789   -1999.618             201             201
  255        1021.049   -1072.189        1020.665   -1072.503             255             255
  145        1248.240     303.346        1248.307     302.962             145             145
   48        2146.073     170.963        2146.398     170.426              48              48
  240       -1301.774     980.697       -1301.219     981.160             240             240
  145        -213.966    -594.281        -214.000    -594.000             145             145
   35        -353.436   -1141.886        -353.594   -1141.712              35              35
  235       -1044.820    -698.848       -1044.957    -698.618             235             235
  189        -818.542    -456.121        -818.825    -455.996             189             189
  199        2259.807     455.079        2259.954     454.511             199             199
   49        -102.273    -886.412        -102.157    -886.362              49              49
   30       -1408.268    -468.850       -1408.157    -468.586              30              30
  181       -2330.150     483.439       -2330.163     484.034             181             181
  126        1532.307   -1573.393        1531.777   -1573.845             126             126
  208          99.839    -179.623          99.966    -179.892             208             208
  228        -507.130     258.749        -506.857     258.649             228             228
  216       -1617.662    1173.557       -1617.281    1173.869             216             216
  174        -469.397     149.047        -469.358     149.131             174             174
  176        -749.077     933.184        -748.738     933.357             176             176
   85       -3008.456    1187.963       -3008.324    1188.942              85              85
   53         457.155   -1675.452         456.410   -1675.465              53              53
   10        -649.534      59.471        -649.713      59.544              10              10
  201         493.786    -601.505         493.457    -601.811             201             201
   37         574.455    1645.886         574.915    1645.621              37              37
  166       -1196.876     551.373       -1196.734     551.762             166             166
  156          94.840     358.353          94.875     358.390             156             156
   49        -908.169    1070.574        -907.950    1070.988              49              49
  151         418.143    -580.444         417.984    -580.342             151             151
   27       -1416.061    -573.156       -1416.184    -572.719              27              27
  131       -1546.515     275.778       -1546.652     276.283             131             131
  131         -46.254   -1159.498         -46.818   -1159.406             131             131
  229        -527.223   -1835.621        -527.911   -1835.763             229             229
  130        -892.618    1751.394        -892.510    1751.314             130             130
   20        2279.096    1791.198        2279.425    1790.664              20              20
   22        -817.881     -29.471        -817.821     -29.072              22              22
  114        -717.925     545.420        -717.911     545.795             114             114
  165         430.977    -365.704         430.809    -365.553             165             165
   58       -1876.529   -2715.596       -1877.458   -2715.178              58              58
   94         426.774     985.741         426.662     985.363              94              94
   99        1917.660    -260.296        1917.571    -261.005              99              99
    1       -1728.222    2604.234       -1727.517    2604.759               1               1
  144         912.810   -1132.357         912.426   -1132.422             144             144
  129       -1608.769      75.184       -1608.811      75.594             129             129
  183          14.925      23.054          14.777      22.995             183             183
   14       -2303.369    1218.331       -2303.400    1219.028              14              14
   82        1683.266     129.994        1682.920     129.768              82              82
  155       -1184.327   -1540.726       -1185.060   -1540.365             155             155
  231         957.658     809.144         957.416     808.876             231             231
    1        1946.646   -1845.191        1945.928   -1845.839               1               1
   76         751.376    1051.055         751.634    1050.586              76              76
   61        1211.738    1299.309        1212.191    1299.007              61              61
   54       -1209.542    -717.289       -1209.740    -716.933              54              54
   87          42.903     449.589          42.781     449.436              87              87
    6        1263.775    1387.791        1264.029    1387.441               6               6
   91         293.644     526.973         293.755     527.046              91              91
  253         678.621    -367.568         678.478    -367.716             253             253
  163         516.447     775.510         516.684     775.330             163             163
  141         -63.843    1723.224         -63.411    1723.461             141             141
  149        1377.556    -484.892        1377.377    -484.960             149             149
  190        2183.138    -912.149        2183.228    -912.707             190             190
   16        -575.379    1097.533        -574.506    1097.809              16              16
   25       -1885.218    -737.923       -1885.093    -737.166              25              25
  164       -2234.874   -1469.226       -2235.293   -1468.683             164             164
  146       -1160.897    1285.638       -1160.748    1285.844             146             146
   45         -88.302     791.555         -88.257     791.748              45              45
  187        -128.250    -913.778        -128.555    -913.645             187             187
    5       -1173.101     259.368       -1173.116     259.702               5               5
  211        -402.166   -1003.716        -402.664   -1003.764             211             211
  246        1224.018    1933.059        1224.674    1932.536             246             246
  100       -2496.141    1692.250       -2495.511    1693.185             100             100
   54       -1921.729     379.189       -1921.855     380.098              54              54
  248       -1422.393    -838.942       -1423.038    -838.361             248             248
  244       -1314.958     319.273       -1315.441     319.620             244             244
  184         935.724    2726.608         936.031    2726.676             184             184
  175        -549.775   -1741.435        -550.703   -1740.870             175             175
    3        1163.543     902.804        1163.427     902.688               3               3
   10         488.765     153.867         488.609     154.219              10              10
   75         516.153   -2689.344         515.241   -2689.273              75              75
  234        -483.555     239.964        -483.579     240.127             234             234
   11       -1682.330   -1195.852       -1683.120   -1195.337              11              11
  151        1642.626     787.168        1642.378     786.662             151             151
   39        1102.936    1095.821        1103.102    1095.817              39              39
   66         758.892   -1311.921         758.513   -1311.797              66              66
  238       -1134.961    -143.215       -1135.109    -142.584             238             238
   46         334.531   -1963.559         333.704   -1963.445              46              46
  157        -381.323    -980.109        -381.873    -979.957             157             157
  236        1285.772   -1425.297        1285.236   -1425.744             236             236
  209       -2025.901    -284.484       -2026.216    -283.971             209             209
   43         961.387    -138.297         960.901    -138.547              43              43
  129        1073.557   -1109.507        1073.053   -1109.777             129             129
  144        -306.463   -1412.802        -307.043   -1412.816             144             144
   59         570.217   -1030.662         569.706   -1031.115              59              59
  154         283.899    -240.800         283.696    -241.229             154             154
   53         370.502     320.293         370.509     319.873              53              53
  206         567.708     845.373         568.036     844.983             206             206
  200       -1390.391    1508.793       -1389.877    1509.219             200             200
  241       -1864.570    1692.811       -1864.339    1693.819             241             241
  212       -1085.919   -2714.264       -1087.367   -2713.634             212             212
  156        1248.533    -935.400        1247.741    -935.991             156             156
  231        -241.006    1061.386        -241.058    1061.445             231             231
   56        1169.437   -1846.745        1168.526   -1847.170              56              56
  211         195.868     888.662         195.945     888.436             211             211
  223          -4.903    -561.550          -5.336    -561.634             223             223
   45          80.061     934.906          80.034     934.834              45              45
  139        1026.371    -169.781        1026.127    -170.026             139             139
  142        -563.958      -6.331        -564.098      -6.073             142             142
   48        -406.543   -1245.601        -407.235   -1245.524              48              48
  150         295.491    -274.224         295.152    -274.576             150             150
  217       -1259.285     490.825       -1259.476     490.961             217             217
   27        -190.771    2067.830        -190.678    2067.964              27              27
  161        1178.674    -859.268        1178.013    -859.463             161             161
  113          62.063     105.128          61.955     105.105             113             113
   67       -2137.606    -132.966       -2138.059    -132.319              67              67
  227        -425.741    1048.223        -426.131    1048.440             227             227
   95        -108.060    -175.010        -108.873    -174.746              95              95
  113         841.245    -659.168         840.370    -659.276             113             113
  129        -217.579   -1397.598        -218.661   -1397.563             129             129
   75        -155.157   -1399.447        -156.438   -1399.836              75              75
   67         974.325    2566.914         974.276    2566.326              67              67
  172         955.486     661.608         954.831     661.466             172             172
  205        2722.264    -440.326        2721.500    -441.164             205             205
  212         534.850     848.524         534.701     848.343             212             212
  232        -237.250    1256.834        -237.577    1257.210             232             232
  104        2023.776   -1448.566        2022.571   -1448.982             104             104
    9         175.709     126.901         175.094     126.916               9               9
  182         538.320    -953.380         537.139    -953.539             182             182
   48        1410.653     271.900        1409.958     271.361              48              48
  250       -1724.887    1406.190       -1725.509    1407.041             250             250
  138        -365.166   -1738.832        -367.553   -1738.327             138             138
  205        3047.873   -2639.573        3045.150   -2640.739             205             205
  226          67.681     -86.122          65.563     -86.546             226             226
  195        -570.233     -26.636        -573.795     -26.781             195             195
  161         842.540    1564.706         835.871    1564.332             161             161
