SINAL     NFT                         FFT                         NFT INVERSA     FFT INVERSA
-----     -----------------------     -----------------------     -----------     -----------
   76       63962.000       0.000       63962.000       0.000              76              76
    4        -757.166   -2129.386        -757.153   -2129.385               4               4
  152         307.422   -2402.256         307.432   -2402.257             152             152
  144          87.262     -50.995          87.275     -50.998             144             144
  209         856.853    1232.379         856.871    1232.376             209             209
   18       -1448.749     669.779       -1448.731     669.783              18              18
    1         -60.843     794.447         -60.825     794.449               1               1
  113       -1458.869    -226.566       -1458.854    -226.558             113             113
   35       -2115.109     -44.686       -2115.097     -44.674              35              35
   78        -557.574    -441.818        -557.568    -441.813              78              78
   55         257.140    -485.271         257.148    -485.274              55              55
  251       -1512.723     732.921       -1512.709     732.929             251             251
  196         288.309     420.136         288.316     420.139             196             196
  227        1101.810   -1688.618        1101.807   -1688.625             227             227
  149        1094.871     492.312        1094.893     492.299             149             149
  116        -887.143     308.618        -887.121     308.630             116             116
   85        -290.924   -2151.064        -290.930   -2151.062              85              85
  218        -495.173    -953.090        -495.168    -953.098             218             218
    5        -261.666     366.659        -261.647     366.646               5               5
  221        -924.656     249.485        -924.638     249.482             221             221
  185       -1080.930     778.845       -1080.912     778.844             185             185
  108        -505.902     955.349        -505.882     955.340             108             108
  197        -917.331    2483.251        -917.298    2483.253             197             197
   56        1368.954    2468.905        1368.993    2468.892              56              56
   51        -207.410    1671.721        -207.372    1671.742              51              51
   85         764.828      57.999         764.842      57.999              85              85
  184         775.723    2202.089         775.787    2202.093             184             184
   66       -1690.316     424.011       -1690.283     424.065              66              66
  194       -1329.364     526.056       -1329.346     526.108             194             194
  105        -108.368    -464.488        -108.369    -464.452             105             105
   36        -658.014   -2891.068        -658.058   -2891.052              36              36
   15        -513.635    1184.999        -513.607    1185.000              15              15
  109        -188.692     149.486        -188.682     149.500             109             109
  188        -592.162      85.720        -592.154      85.741             188             188
  159          82.517     183.012          82.530     183.019             159             159
   62       -1114.968    -183.123       -1114.966    -183.098              62              62
  207        -547.672    2193.069        -547.629    2193.099             207             207
  161         330.969     -55.772         330.963     -55.743             161             161
  175         248.320     -20.149         248.324     -20.120             175             175
  243        -426.307   -1015.057        -426.332   -1015.022             243             243
  239         928.636     367.017         928.648     367.020             239             239
  230         420.699    -692.549         420.698    -692.522             230             230
  238         252.743    -287.188         252.762    -287.144             238             238
  179       -1568.842   -4909.986       -1568.960   -4909.932             179             179
  202        -223.011    -944.596        -223.045    -944.634             202             202
  131         378.348     529.929         378.360     529.892             131             131
   39         993.169     839.509         993.213     839.478              39              39
   31       -2446.037     280.179       -2446.036     280.263              31              31
   94        2663.109     622.896        2663.114     622.842              94              94
   45         472.605    -528.709         472.616    -528.681              45              45
  252         627.906   -2358.005         627.858   -2358.008             252             252
   23          10.728    -501.446          10.741    -501.449              23              23
  153         406.330   -1676.023         406.300   -1676.049             153             153
  193        1408.324    -763.454        1408.355    -763.541             193             193
   79       -1514.399    1508.115       -1514.287    1508.139              79              79
  205         201.400    2236.763         201.537    2236.793             205             205
   23       -3401.693   -1844.261       -3401.716   -1844.100              23              23
    8       -1870.406     999.957       -1870.389    1000.055               8               8
   16         115.607   -1161.529         115.548   -1161.478              16              16
  218         180.367   -2760.602         180.277   -2760.598             218             218
  113          36.484    -113.773          36.519    -113.782             113             113
   52       -1797.467    -730.297       -1797.457    -730.206              52              52
  233       -2452.875   -2551.345       -2452.981   -2551.256             233             233
  222        -944.172    -259.336        -944.218    -259.322             222             222
  241         346.299   -1424.941         346.225   -1424.968             241             241
  137        -916.326   -1307.803        -916.377   -1307.797             137             137
   29       -1798.616    -837.734       -1798.680    -837.705              29              29
  192        -167.120     200.635        -167.159     200.609             192             192
   42         483.885   -1550.242         483.793   -1550.310              42              42
  205        -615.083     713.570        -615.070     713.539             205             205
  180         -20.761     135.332         -20.784     135.296             180             180
   26         108.617     113.457         108.597     113.407              26              26
  179         594.912    1480.644         594.972    1480.588             179             179
  163        -835.616    1473.469        -835.562    1473.532             163             163
  205        -365.969    -932.568        -366.073    -932.525             205             205
  126        3244.595     139.923        3244.602     139.776             126             126
   39       -1434.001   -1249.566       -1434.032   -1249.506              39              39
  245         288.596     -74.860         288.576     -74.917             245             245
  157         472.777    1951.513         472.871    1951.499             157             157
  133         383.007   -1276.245         382.951   -1276.235             133             133
   35         348.513    -406.198         348.513    -406.224              35              35
  154        -719.301       1.926        -719.289       1.966             154             154
  156          37.627   -1354.576          37.554   -1354.593             156             156
  189        -651.020     366.792        -651.011     366.808             189             189
   92        -391.348    -971.863        -391.448    -971.846              92              92
  236        2324.222   -2131.943        2324.102   -2132.140             236             236
  138        -257.868     808.040        -257.782     807.953             138             138
  116        -643.316    1203.581        -643.248    1203.560             116             116
  244         338.491    1697.971         338.573    1697.956             244             244
  155         706.799   -1552.772         706.718   -1552.831             155             155
   78         213.757    1484.399         213.867    1484.342              78              78
  102        -570.898     373.667        -570.871     373.693             102             102
  207         131.015      65.059         130.998      65.022             207             207
   56        1661.615    1768.728        1661.736    1768.625              56              56
   68         113.431     528.133         113.514     528.166              68              68
  193         559.915    -486.425         559.947    -486.441             193             193
  193        -956.971      50.406        -956.912      50.459             193             193
   98        -846.051     198.776        -846.030     198.821              98              98
  130        1194.169    1089.605        1194.282    1089.555             130             130
  235        -974.272    -545.950        -974.221    -545.836             235             235
   47       -1864.348   -2131.945       -1864.436   -2131.849              47              47
   54       -3351.933     293.045       -3351.975     293.186              54              54
    5         504.999    1344.821         504.975    1344.769               5               5
  227         766.173    -398.644         766.094    -398.695             227             227
  217        1190.969     198.082        1190.985     197.976             217             217
  211        -176.148     791.547        -176.071     791.557             211             211
   97         207.726    -657.904         207.698    -657.931              97              97
    0         617.044     912.758         617.169     912.700              -0               0
  201       -1878.226    -634.811       -1878.216    -634.704             201             201
  255       -1363.010    1193.651       -1362.933    1193.717             255             255
  133       -2014.700     699.255       -2014.720     699.412             133             133
  237        -345.573     117.036        -345.688     117.081             237             237
  153        1133.206      83.966        1133.115      83.905             153             153
   34        1960.457   -1140.534        1960.366   -1140.694              34              34
  170         142.878     355.343         142.944     355.286             170             170
  245          87.871    -144.460          87.895    -144.513             245             245
   15        -978.480     230.387        -978.456     230.382              15              15
   53         -76.841    1694.916         -76.738    1694.863              53              53
  106         462.521    1875.199         462.677    1875.171             106             106
    4       -1544.908    1292.203       -1544.825    1292.383               4               4
  208         717.453    -126.139         717.420    -126.136             208             208
  184       -1709.871    -177.053       -1709.923    -176.918             184             184
  106          61.774    1786.815          61.811    1786.851             106             106
  160         696.793    -838.338         696.639    -838.332             160             160
  240        1741.452    -138.958        1741.412    -139.093             240             240
  175         609.244    -318.896         609.239    -318.980             175             175
   97         203.259    2209.964         203.445    2209.965              97              97
  178         865.053   -1006.493         864.995   -1006.531             178             178
   17        -447.153    1662.941        -447.001    1663.000              17              17
  228        1156.383      -2.899        1156.412      -2.920             228             228
  157        -936.535    -830.713        -936.565    -830.616             157             157
   65       -1015.611    1090.209       -1015.576    1090.327              65              65
   26        2240.746   -2037.295        2240.558   -2037.516              26              26
  163          20.959    2956.700          21.290    2956.686             163             163
   36        -411.282    -743.429        -411.291    -743.337              36              36
  244        -623.927    1070.767        -623.782    1070.858             244             244
  119       -2946.928    -593.074       -2947.045    -592.778             119             119
  134          99.560    1018.937          99.473    1018.962             134             134
  245        1847.872    -329.980        1847.724    -330.098             245             245
   65        2545.350     848.933        2545.437     848.770              65              65
  133         694.752   -1608.702         694.686   -1608.736             133             133
  122         799.390     879.533         799.571     879.450             122             122
   46        -856.056    -208.138        -855.985    -208.050              46              46
   30        -986.849    1222.961        -986.724    1223.083              30              30
  157         -36.422      40.147         -36.440      40.220             157             157
  216         574.323     350.971         574.368     350.989             216             216
   20         126.845     -30.665         126.897     -30.581              20              20
  173        -822.705   -1100.033        -822.768   -1099.886             173             173
   13       -1106.055   -1159.940       -1106.199   -1159.843              13              13
  126         929.328      58.599         929.321      58.467             126             126
  177        -893.311     862.052        -893.222     862.150             177             177
  222         469.443    -724.700         469.365    -724.751             222             222
   55          57.856    2023.490          58.106    2023.513              55              55
   28       -1397.170     243.844       -1397.110     244.106              28              28
  126       -2789.755    -440.628       -2789.937    -440.249             126             126
   39        1908.463    -153.675        1908.287    -153.774              39              39
  203         314.159    -333.221         314.057    -333.139             203             203
  224        2130.175   -1142.492        2130.068   -1142.591             224             224
  218        -464.450   -2819.395        -464.658   -2819.354             218             218
  221       -1919.710     563.400       -1919.719     563.563             221             221
  197         867.635    -979.319         867.384    -979.368             197             197
  120        2187.165   -1711.020        2186.957   -1711.272             120             120
   30          82.713    -917.748          82.629    -917.843              30              30
  224        1553.184     136.934        1553.220     136.715             224             224
   27         175.105   -1689.079         174.977   -1689.199              27              27
   67         610.952    1258.563         611.114    1258.379              67              67
  212        1397.767    1324.322        1398.005    1324.213             212             212
  147          -0.299   -2251.490          -0.377   -2251.496             147             147
  201       -2516.811     101.780       -2516.767     101.939             201             201
  201         461.698     563.869         461.690     563.763             201             201
  212        1313.879    -586.097        1313.860    -586.304             212             212
   78        -582.306     196.521        -582.196     196.483              78              78
   68       -1115.822    -119.536       -1115.842    -119.560              68              68
    2         520.449    2724.273         520.708    2724.126               2               2
  109        1656.435    1613.470        1656.696    1613.352             109             109
  226        -646.015    -198.618        -645.886    -198.487             226             226
  219       -1966.213     257.126       -1966.156     257.345             219             219
  129          59.328     401.650          59.338     401.610             129             129
  143         343.096    1802.342         343.348    1802.320             143             143
  232       -1381.963     987.713       -1381.815     987.991             232             232
    0       -1038.068   -1478.245       -1038.304   -1478.114              -0               0
   65         132.708    2162.893         132.877    2162.844              65              65
  199         905.259    1960.199         905.487    1960.225             199             199
   55        -773.828     716.115        -773.738     716.425              55              55
   93         199.888    -414.927         199.803    -414.735              93              93
   70         308.950   -1067.283         308.803   -1067.152              70              70
   95        1323.973   -1947.865        1323.803   -1947.969              95              95
   41        -298.761    -318.324        -298.670    -318.301              41              41
   39        -622.365     -63.803        -622.252     -63.700              39              39
   57       -2352.020    -150.558       -2352.021    -150.204              57              57
    6        -659.363   -1510.282        -659.631   -1510.186               6               6
  236        -229.672    -757.459        -229.838    -757.537             236             236
  177        1037.409    2685.120        1037.774    2685.032             177             177
   36       -1623.324   -1554.543       -1623.473   -1554.205              36              36
  204        -690.199    -756.413        -690.332    -756.321             204             204
  205         -62.070      23.190         -62.041      23.203             205             205
  103       -3358.665    -228.821       -3358.796    -228.369             103             103
  160         521.909     821.298         521.803     821.351             160             160
   97         305.447   -2755.501         304.997   -2755.467              97              97
   49        -726.109    -782.761        -726.336    -782.729              49              49
  106        1712.718   -1152.750        1712.514   -1153.053             106             106
   53       -1286.745    -576.647       -1286.834    -576.608              53              53
  127        -260.268     153.117        -260.353     153.036             127             127
  174        -642.167    -547.208        -642.393    -547.285             174             174
   56        1224.834    2591.162        1225.049    2590.936              56              56
  236         229.720      -0.981         229.660      -0.955             236             236
  144         -90.725     538.525         -90.765     538.595             144             144
   19        2019.715   -1610.894        2019.469   -1611.197              19              19
  110        -326.461    1765.061        -326.174    1765.081             110             110
   32        -409.039   -1174.444        -409.225   -1174.359              32              32
  252        -198.585   -1013.930        -198.786   -1014.074             252             252
  110         -83.378    3086.414         -83.022    3086.337             110             110
   97       -1093.422    1574.780       -1093.355    1575.099              97              97
  195         453.982    -582.294         453.660    -582.176             195             195
  166        2275.480    -650.574        2275.258    -650.772             166             166
  191         215.671   -2172.607         215.255   -2172.660             191             191
    9        4130.444     -44.179        4130.463     -44.897               9               9
    6         727.048    1048.255         727.456    1048.111               6               6
  232       -1634.189    -276.817       -1634.104    -276.590             232             232
   49        -401.326     392.943        -401.299     392.982              49              49
   64         331.907    -277.487         331.857    -277.565              64              64
  238        -584.324     363.434        -584.294     363.431             238             238
   29         -72.792    2940.370         -72.451    2940.504              29              29
  241         908.229   -1881.534         907.936   -1881.465             241             241
   19        -989.506   -1612.436        -989.789   -1612.329              19              19
  234         291.322    -639.247         291.077    -639.462             234             234
  191        1844.804    2042.373        1845.059    2042.036             191             191
  122         259.833    -165.817         259.854    -165.803             122             122
  138        -177.319    -670.152        -177.433    -670.180             138             138
   33         196.381     646.849         196.404     646.729              33              33
  171        1725.195      56.626        1725.229      56.246             171             171
  245        -755.295    2515.901        -754.857    2515.957             245             245
   86        -285.816    1537.826        -285.629    1537.967              86              86
   43        -477.575    1864.237        -477.422    1864.530              43              43
  164        1297.839    -354.314        1297.655    -354.236             164             164
  143        1515.830   -1606.511        1515.593   -1606.644             143             143
   24         -16.831     927.026         -16.655     927.105              24              24
   52        -115.266   -1220.088        -115.523   -1219.993              52              52
  162        1432.769     818.045        1432.839     817.890             162             162
  134         909.320    -745.660         909.231    -745.683             134             134
   85         451.095    -948.018         450.957    -948.075              85              85
  159        1527.967     269.970        1528.070     269.726             159             159
  245          43.376     414.094          43.541     414.165             245             245
  183         -16.812    -335.366         -16.851    -335.234             183             183
   99        1131.960   -1616.588        1131.731   -1616.734              99              99
  156         584.962    -206.032         585.011    -206.163             156             156
  118         729.586    -548.538         729.600    -548.680             118             118
  109         825.056    -448.240         825.159    -448.429             109             109
  162        -718.011     -76.409        -717.857     -76.355             162             162
   94        -584.395    -667.741        -584.433    -667.776              94              94
  158         -29.321    1818.632         -28.972    1818.578             158             158
  226        -277.223    -859.221        -277.299    -859.233             226             226
   76         -89.335    2954.869         -88.760    2954.909              76              76
  187       -2260.586     -20.490       -2260.657     -19.898             187             187
  212        1990.669   -1076.393        1990.434   -1076.628             212             212
   95        -188.359     -88.871        -188.233     -88.832              95              95
  165       -1748.000      -0.305       -1748.000       0.000             165             165
  148        -188.108      88.796        -188.234      88.834             148             148
  218        1990.188    1076.874        1990.430    1076.632             218             218
   48       -2260.730      19.285       -2260.657      19.893              48              48
  181         -88.155   -2954.950         -88.753   -2954.909             181             181
  134        -277.377     859.245        -277.299     859.233             134             134
   38         -28.601   -1818.520         -28.968   -1818.578              38              38
   12        -584.475     667.813        -584.434     667.775              12              12
  177        -717.692      76.298        -717.856      76.354             177             177
  202         825.269     448.635         825.159     448.431             202             202
  155         729.612     548.833         729.598     548.680             155             155
  202         585.063     206.306         585.010     206.164             202             202
  255        1131.474    1616.898        1131.727    1616.737             255             255
   62         -16.896     335.086         -16.851     335.233              62              62
   81          43.727    -414.246          43.542    -414.166              81              81
   84        1528.188    -269.445        1528.072    -269.721              84              84
  221         450.797     948.140         450.955     948.075             221             221
   70         909.124     745.714         909.228     745.686              70              70
   11        1432.920    -817.709        1432.840    -817.888              11              11
   64        -115.825    1219.881        -115.526    1219.992              64              64
  227         -16.447    -927.194         -16.654    -927.103             227             227
  129        1515.309    1606.804        1515.589    1606.646             129             129
  174        1297.437     354.148        1297.655     354.240             174             174
  133        -477.234   -1864.884        -477.418   -1864.532             133             133
  223        -285.398   -1538.138        -285.625   -1537.968             223             223
   76        -754.316   -2516.027        -754.851   -2515.958              76              76
  104        1725.272     -55.777        1725.230     -56.244             104             104
   44         196.432    -646.577         196.404    -646.727              44              44
    8        -177.576     670.217        -177.435     670.180               8               8
   60         259.879     165.788         259.854     165.804              60              60
  139        1845.383   -2041.605        1845.061   -2042.032             139             139
  174         290.764     639.738         291.076     639.465             174             174
  208        -990.156    1612.191        -989.791    1612.329             208             208
  102         907.546    1881.383         907.930    1881.469             102             102
  222         -71.996   -2940.678         -72.446   -2940.504             222             222
  134        -584.253    -363.431        -584.293    -363.434             134             134
  236         331.791     277.671         331.857     277.567             236             236
    4        -401.260    -393.037        -401.297    -392.984               4               4
  146       -1633.991     276.279       -1634.106     276.587             146             146
  158         728.014   -1047.910         727.459   -1048.107             158             158
  206        4130.488      45.890        4130.463      44.903             206             206
   45         214.669    2172.733         215.248    2172.660              45              45
  104        2274.945     651.054        2275.255     650.777             104             104
  206         453.203     582.010         453.657     582.176             206             206
  108       -1093.257   -1575.551       -1093.353   -1575.100             108             108
  185         -82.504   -3086.228         -83.014   -3086.337             185             185
   34        -199.078    1014.279        -198.789    1014.073              34              34
   74        -409.499    1174.237        -409.229    1174.361              74              74
    0        -325.753   -1765.113        -326.172   -1765.083              -0               0
   46        2019.097    1611.652        2019.463    1611.202              46              46
  139         -90.827    -538.700         -90.766    -538.596             139             139
  227         229.569       0.914         229.659       0.954             227             227
  175        1225.377   -2590.588        1225.052   -2590.931             175             175
   57        -642.740     547.397        -642.395     547.282              57              57
  105        -260.483    -152.911        -260.352    -153.035             105             105
  143       -1286.974     576.544       -1286.836     576.605             143             143
  133        1712.190    1153.532        1712.509    1153.058             133             133
  210        -726.696     782.677        -726.338     782.728             210             210
  187         304.273    2755.415         304.989    2755.468             187             187
  141         521.632    -821.435         521.803    -821.351             141             141
   14       -3359.007     227.636       -3358.796     228.364              14              14
   71         -61.996     -23.223         -62.042     -23.202              71              71
   59        -690.553     756.172        -690.335     756.321              59              59
  223       -1623.721    1553.644       -1623.477    1554.201             223             223
  173        1038.385   -2684.886        1037.776   -2685.032             173             173
   26        -230.126     757.666        -229.842     757.536              26              26
  101        -660.095    1510.019        -659.635    1510.185             101             101
  154       -2352.020     149.589       -2352.020     150.198             154             154
   31        -622.057      63.524        -622.252      63.701              31              31
  248        -298.510     318.257        -298.669     318.299             248             248
   57        1323.497    1948.157        1323.798    1947.972              57              57
  238         308.538    1066.921         308.801    1067.152             238             238
   37         199.647     414.393         199.800     414.735              37              37
  161        -773.574    -716.989        -773.736    -716.428             161             161
  188         905.906   -1960.274         905.490   -1960.226             188             188
  146         133.194   -2162.757         132.883   -2162.846             146             146
   91       -1038.744    1477.870       -1038.306    1478.113              91              91
  222       -1381.535    -988.513       -1381.812    -987.994             222             222
  220         343.830   -1802.278         343.354   -1802.320             220             220
   92          59.360    -401.532          59.340    -401.610              92              92
   13       -1966.045    -257.768       -1966.155    -257.349              13              13
  103        -645.639     198.232        -645.888     198.485             103             103
   64        1657.208   -1613.116        1656.698   -1613.348              64              64
  188         521.230   -2723.837         520.717   -2724.125             188             188
  160       -1115.882     119.609       -1115.842     119.560             160             160
  170        -581.975    -196.410        -582.194    -196.484             170             170
   76        1313.817     586.725        1313.858     586.307              76              76
   38         461.675    -563.544         461.692    -563.760              38              38
  124       -2516.678    -102.273       -2516.768    -101.945             124             124
    8          -0.548    2251.507          -0.382    2251.496               8               8
  179        1398.502   -1323.980        1398.006   -1324.210             179             179
  139         611.460   -1257.990         611.118   -1258.377             139             139
   79         174.702    1689.456         174.974    1689.200              79              79
  239        1553.297    -136.242        1553.221    -136.711             239             239
  106          82.442     918.049          82.625     917.844             106             106
  253        2186.498    1711.826        2186.952    1711.278             253             253
    9         866.832     979.478         867.383     979.369               9               9
  208       -1919.737    -563.938       -1919.718    -563.568             208             208
  152        -465.143    2819.259        -464.666    2819.353             152             152
   41        2129.823    1142.826        2130.066    1142.597              41              41
  200         313.823     332.955         314.056     333.141             200             200
  209        1907.881     154.012        1908.286     153.780             209             209
   23       -2790.361     439.354       -2789.938     440.240              23              23
  238       -1396.971    -244.728       -1397.110    -244.111             238             238
  115          58.703   -2023.568          58.108   -2023.514             115             115
  212         469.174     724.875         469.363     724.750             212             212
  128        -893.007    -862.393        -893.222    -862.154             128             128
  207         929.301     -58.144         929.319     -58.465             207             207
  179       -1106.554    1159.602       -1106.200    1159.842             179             179
   93        -822.929    1099.519        -822.771    1099.884              93              93
   43         127.028      30.371         126.898      30.581              43              43
  192         574.485    -351.032         574.369    -350.988             192             192
  196         -36.484     -40.408         -36.439     -40.220             196             196
  108        -986.396   -1223.408        -986.722   -1223.088             108             108
  124        -855.803     207.813        -855.987     208.046             124             124
  101         800.049    -879.230         799.573    -879.448             101             101
   22         694.508    1608.831         694.683    1608.740              22              22
  201        2545.675    -848.323        2545.440    -848.765             201             201
  139        1847.323     330.421        1847.724     330.102             139             139
  146          99.236   -1019.029          99.475   -1018.961             146             146
  209       -2947.371     591.954       -2947.047     592.773             209             209
   62        -623.376   -1071.113        -623.780   -1070.859              62              62
   29        -411.319     743.071        -411.293     743.333              29              29
   33          22.239   -2956.646          21.295   -2956.685              33              33
   46        2240.012    2038.154        2240.555    2037.519              46              46
  136       -1015.471   -1090.669       -1015.573   -1090.328             136             136
   31        -936.652     830.329        -936.567     830.613              31              31
   56        1156.500       2.986        1156.412       2.925              56              56
   88        -446.542   -1663.176        -446.999   -1663.000              88              88
  183         864.807    1006.655         864.992    1006.534             183             183
   97         204.026   -2209.972         203.449   -2209.966              97              97
   33         609.218     319.248         609.237     318.983              33              33
  137        1741.282     139.527        1741.410     139.096             137             137
  121         696.144     838.321         696.637     838.335             121             121
   16          61.940   -1786.967          61.815   -1786.851              16              16
  252       -1710.096     176.473       -1709.925     176.914             252             252
   77         717.310     126.135         717.420     126.139              77              77
  145       -1544.541   -1292.992       -1544.821   -1292.388             145             145
  203         463.202   -1875.078         462.679   -1875.171             203             203
    0         -76.380   -1694.681         -76.734   -1694.862              -0              -0
  238        -978.375    -230.370        -978.457    -230.384             238             238
  246          87.977     144.699          87.895     144.514             246             246
  192         143.174    -355.083         142.945    -355.285             192             192
  178        1960.037    1141.271        1960.362    1140.700             178             178
   99        1132.792     -83.687        1133.116     -83.904              99              99
   61        -346.103    -117.249        -345.689    -117.083              61              61
   24       -2014.790    -699.999       -2014.719    -699.416              24              24
  121       -1362.645   -1193.966       -1362.931   -1193.720             121             121
    6       -1878.186     634.295       -1878.219     634.701               6               6
  163         617.650    -912.471         617.171    -912.697             163             163
   11         207.587     658.037         207.697     657.931              11              11
  216        -175.767    -791.594        -176.070    -791.556             216             216
  225        1191.048    -197.551        1190.986    -197.974             225             225
   41         765.776     398.907         766.092     398.698              41              41
  250         504.888   -1344.555         504.978   -1344.767             250             250
   16       -3352.146    -293.777       -3351.975    -293.193              16              16
  177       -1864.808    2131.445       -1864.440    2131.845             177             177
   25        -974.011     545.353        -974.223     545.834              25              25
   72        1194.756   -1089.342        1194.282   -1089.552              72              72
   10        -845.938    -199.016        -846.030    -198.822              10              10
  209        -956.652     -50.696        -956.912     -50.461             209             209
  169         560.082     486.510         559.946     486.441             169             169
   44         113.883    -528.308         113.515    -528.165              44              44
   90        1662.296   -1768.139        1661.741   -1768.619              90              90
   34         130.914     -64.850         130.997     -65.021              34              34
   60        -570.740    -373.814        -570.870    -373.693              60              60
   87         214.398   -1484.074         213.871   -1484.341              87              87
  111         706.322    1553.114         706.713    1552.834             111             111
  206         338.975   -1697.885         338.575   -1697.956             206             206
   34        -642.905   -1203.461        -643.244   -1203.562              34              34
  111        -257.352    -807.523        -257.782    -807.954             111             111
  188        2323.479    2133.149        2324.095    2132.147             188             188
   25        -391.963     971.757        -391.450     971.845              25              25
   48        -650.962    -366.892        -651.010    -366.809              48              48
  111          37.166    1354.681          37.551    1354.594             111             111
  124        -719.228      -2.183        -719.291      -1.967             124             124
  109         348.517     406.370         348.513     406.226             109             109
  135         382.633    1276.183         382.947    1276.236             135             135
  245         473.409   -1951.413         472.876   -1951.498             245             245
  116         288.461      75.244         288.576      74.919             116             116
   42       -1434.219    1249.153       -1434.036    1249.503              42              42
    1        3244.641    -138.885        3244.601    -139.766               1               1
   76        -366.695     932.276        -366.075     932.526              76              76
   12        -835.233   -1473.918        -835.559   -1473.533              12              12
   43         595.342   -1480.238         594.973   -1480.586              43              43
   70         108.465    -113.093         108.596    -113.406              70              70
   28         -20.934    -135.070         -20.785    -135.296              28              28
  221        -614.987    -713.345        -615.070    -713.539             221             221
   96         483.183    1550.757         483.791    1550.310              96              96
  100        -167.427    -200.434        -167.160    -200.607             100             100
  232       -1799.117     837.503       -1798.683     837.702             232             232
   50        -916.732    1307.761        -916.382    1307.797              50              50
   14         345.704    1425.157         346.224    1424.968              14              14
   20        -944.563     259.195        -944.221     259.319              20              20
  141       -2453.790    2550.577       -2452.988    2551.251             141             141
   48       -1797.394     729.518       -1797.459     730.203              48              48
   81          36.774     113.845          36.518     113.782              81              81
  228         179.541    2760.569         180.269    2760.599             228             228
  160         115.068    1161.073         115.545    1161.477             160             160
   31       -1870.238   -1000.856       -1870.385   -1000.060              31              31
    6       -3401.925    1842.769       -3401.720    1844.095               6               6
   16         202.716   -2237.040         201.544   -2236.792              16              16
  220       -1513.320   -1508.362       -1514.283   -1508.143             220             220
   31        1408.615     764.315        1408.353     763.546              31              31
   64         406.023    1676.271         406.298    1676.048              64              64
   75          10.845     501.476          10.738     501.450              75              75
  156         627.402    2358.048         627.854    2358.010             156             156
  173         472.700     528.419         472.613     528.682             173             173
  211        2663.168    -622.303        2663.115    -622.838             211             211
  145       -2446.033    -281.133       -2446.037    -280.269             145             145
   33         993.671    -839.151         993.214    -839.476              33              33
  253         378.487    -529.491         378.362    -529.889             253             253
  147        -223.421     945.021        -223.047     944.632             147             147
  110       -1570.333    4909.324       -1568.975    4909.927             110             110
   10         252.971     286.655         252.761     287.144              10              10
  190         420.679     692.231         420.696     692.524             190             190
  181         928.789    -367.048         928.649    -367.019             181             181
   38        -426.650    1014.574        -426.335    1015.019              38              38
  156         248.375      19.768         248.324      20.122             156             156
   21         330.889      55.368         330.962      55.744              21              21
  139        -547.032   -2193.502        -547.624   -2193.102             139             139
  132       -1114.937     182.724       -1114.966     183.093             132             132
   72          82.715    -183.122          82.531    -183.019              72              72
  154        -592.037     -86.058        -592.155     -85.743             154             154
  152        -188.527    -149.706        -188.682    -149.500             152             152
  213        -513.140   -1185.057        -513.604   -1185.003             213             213
  203        -658.818    2890.755        -658.063    2891.048             203             203
  234        -108.405     463.862        -108.371     464.452             234             234
  185       -1329.035    -527.039       -1329.346    -526.111             185             185
  107       -1689.669    -425.105       -1690.282    -424.071             107             107
    9         777.022   -2202.149         775.793   -2202.092               9               9
  191         765.124     -57.997         764.843     -57.997             191             191
  124        -206.590   -1672.164        -207.370   -1671.742             124             124
  229        1369.878   -2468.572        1369.000   -2468.888             229             229
  223        -916.506   -2483.324        -917.292   -2483.256             223             223
  188        -505.438    -955.126        -505.883    -955.342             188             188
   49       -1080.434    -778.826       -1080.909    -778.846              49              49
  124        -924.170    -249.418        -924.637    -249.484             124             124
  106        -261.103    -366.318        -261.645    -366.647             106             106
    4        -495.050     953.338        -495.172     953.098               4               4
   13        -291.167    2150.981        -290.933    2151.061              13              13
  140        -886.395    -309.078        -887.120    -308.633             140             140
    2        1095.691    -491.833        1094.894    -492.297               2               2
  161        1101.609    1688.956        1101.801    1688.628             161             161
  251         288.638    -420.252         288.317    -420.139             251             251
   12       -1512.073    -733.401       -1512.708    -732.935              12              12
   96         257.523     485.434         257.146     485.275              96              96
  176        -557.284     441.572        -557.570     441.813             176             176
   51       -2114.405      43.876       -2115.098      44.672              51              51
  252       -1457.785     225.918       -1458.855     226.555             252             252
  198         -59.288    -794.597         -60.822    -794.448             198             198
  191       -1446.931    -670.259       -1448.731    -669.786             191             191
  128         859.206   -1231.867         856.875   -1232.374             128             128
   14          89.541      51.480          87.276      51.000              14              14
   89         309.956    2402.557         307.427    2402.257              89              89
   25        -751.111    2128.769        -757.159    2129.382              25              25
