SINAL     NFT                         FFT                         NFT INVERSA     FFT INVERSA
-----     -----------------------     -----------------------     -----------     -----------
   68       63436.000       0.000       63436.000       0.000              68              68
   83        -458.470     949.945        -458.457     949.944              83              83
   27        2594.637    1121.578        2594.651    1121.576              27              27
  162         629.107   -1414.845         629.119   -1414.846             162             162
  221        1461.998     138.999        1462.014     138.994             221             221
  107       -1118.945     590.448       -1118.925     590.449             107             107
   67        -690.341     476.025        -690.325     476.025              67              67
   79        -861.167    1858.506        -861.145    1858.509              79              79
  187        -493.332    1313.651        -493.312    1313.658             187             187
  193         -71.786      20.515         -71.771      20.520             193             193
  222        -958.520     228.797        -958.504     228.807             222             222
  169       -1458.398    -403.237       -1458.391    -403.225             169             169
   70         161.816    1241.927         161.829    1241.931              70              70
  227        1908.076    -633.323        1908.084    -633.330             227             227
   33        -753.145    -296.616        -753.131    -296.604              33              33
   48         236.680   -1225.099         236.681   -1225.097              48              48
   45         317.103    -655.042         317.110    -655.046              45              45
   74         222.377    -620.936         222.385    -620.939              74              74
  118         641.514   -1242.957         641.517   -1242.972             118             118
   60         466.107      45.489         466.130      45.472              60              60
  242        -824.558     872.571        -824.528     872.575             242             242
   28         496.592     482.065         496.615     482.057              28              28
  202         271.673     788.821         271.708     788.820             202             202
   84        -175.177    -447.939        -175.155    -447.934              84              84
  114       -1765.446     981.254       -1765.413     981.286             114             114
  130         658.504    -774.625         658.508    -774.626             130             130
  132         304.338   -1124.952         304.355   -1124.967             132             132
  104       -2210.138    1700.661       -2210.078    1700.694             104             104
  153       -1738.340     -61.073       -1738.324     -61.031             153             153
  143       -2270.106   -1779.444       -2270.135   -1779.412             143             143
   45        -926.324    1882.070        -926.300    1882.076              45              45
  222         672.995     742.004         673.012     742.006             222             222
  226       -1072.438     -24.522       -1072.429     -24.482             226             226
   72       -1028.834    -831.521       -1028.857    -831.484              72              72
  128        1155.186   -1774.762        1155.154   -1774.793             128             128
  192       -1779.337     776.223       -1779.312     776.255             192             192
  180         -58.995   -1233.171         -59.030   -1233.172             180             180
  195         329.742    -494.043         329.737    -494.070             195             195
   15       -1552.909     383.113       -1552.903     383.130              15              15
  112         602.893     796.655         602.902     796.633             112             112
  132        -240.540    -354.530        -240.549    -354.532             132             132
  238       -1014.710    1080.893       -1014.700    1080.916             238             238
   25        1088.173   -1119.926        1088.118   -1119.968              25              25
  203        1868.962    1517.359        1869.005    1517.290             203             203
  210         -31.694     549.216         -31.670     549.215             210             210
   58        1089.924    1254.620        1089.960    1254.595              58              58
  252        2280.169     234.919        2280.212     234.865             252             252
  255       -1476.319     322.794       -1476.274     322.843             255             255
  133          84.324     665.196          84.347     665.203             133             133
  114        1152.593    1244.474        1152.647    1244.473             114             114
   60         443.344   -2350.228         443.301   -2350.226              60              60
  119         344.459     -68.495         344.492     -68.533             119             119
  142          -7.077    1329.501          -6.990    1329.488             142             142
    7       -1298.723    1976.853       -1298.630    1976.924               7               7
  204        -320.462     288.101        -320.447     288.170             204             204
    1        1067.818   -1761.288        1067.784   -1761.295               1               1
  137       -1189.721     279.652       -1189.676     279.711             137             137
   81       -1034.370   -1307.816       -1034.419   -1307.764              81              81
  106        1500.789     -97.806        1500.801     -97.859             106             106
   35        -874.165    -356.167        -874.144    -356.124              35              35
  224         450.537    -595.390         450.552    -595.400             224             224
  151       -2372.939    -593.174       -2372.944    -593.075             151             151
    1        -311.458   -1776.966        -311.557   -1776.973               1               1
  195        1762.377    -556.544        1762.364    -556.669             195             195
  224          29.661    2274.321          29.801    2274.299             224             224
  130        -273.468    -166.432        -273.431    -166.405             130             130
  131        -189.305     -51.987        -189.247     -51.982             131             131
  148       -2756.804    1380.566       -2756.711    1380.708             148             148
   70       -1652.656    -481.704       -1652.697    -481.572              70              70
  147       -1200.238   -3267.491       -1200.431   -3267.445             147             147
    4        1056.942     593.475        1056.933     593.389               4               4
  203         501.609   -1562.168         501.546   -1562.231             203             203
  130        -755.028    1294.210        -754.970    1294.198             130             130
   29        1088.246      96.143        1088.255      96.072              29              29
  150          84.260     865.111          84.340     865.092             150             150
   84       -1470.161     333.363       -1470.132     333.430              84              84
   88         564.095    1045.661         564.156    1045.651              88              88
  147       -1617.614    -757.815       -1617.643    -757.717             147             147
   83        -265.204      30.255        -265.228      30.264              83              83
  221         260.944     172.842         260.943     172.836             221             221
    5        -215.991    -229.128        -216.006    -229.103               5               5
  144         961.359   -1558.281         961.306   -1558.355             144             144
   85       -1843.280     516.046       -1843.230     516.096              85              85
  148       -1169.619     371.494       -1169.639     371.531             148             148
  151        -383.065     411.549        -383.123     411.549             151             151
   33        3290.947     650.022        3290.970     649.832              33              33
  149         862.050     298.966         862.166     298.905             149             149
   32       -2657.121    2225.972       -2656.942    2226.161              32              32
  115       -1870.479   -1428.350       -1870.614   -1428.179             115             115
    0        1637.046   -1840.757        1636.905   -1840.868              -0              -0
   68        -394.102    -418.775        -394.118    -418.822              68              68
   83         211.829    1239.145         211.905    1239.093              83              83
  151        -213.455    -495.275        -213.470    -495.294             151             151
   69        -571.473     662.974        -571.427     662.954              69              69
   22        -979.538    1109.308        -979.502    1109.322              22              22
  119         815.807    2212.939         815.912    2212.900             119             119
  200         573.430     134.882         573.464     134.878             200             200
  154       -1158.829     787.396       -1158.760     787.480             154             154
   12       -1055.023    1227.165       -1054.981    1227.271              12              12
   14         424.647     -55.178         424.606     -55.163              14              14
   46         -39.896    1037.603         -39.845    1037.658              46              46
   16         292.936    -277.611         292.912    -277.556              16              16
  217           0.096    -838.972           0.062    -838.928             217             217
  176       -1450.031    -820.531       -1450.082    -820.428             176             176
   46       -2438.166     132.006       -2438.262     132.180              46              46
  112        1892.680    -344.269        1892.546    -344.357             112             112
    5         -28.788   -2545.871         -29.016   -2545.894               5               5
  134         473.334    -821.272         473.199    -821.429             134             134
    3        1417.326    1706.392        1417.391    1706.199               3               3
   88         582.691    1284.418         582.741    1284.355              88              88
  100        1485.186     689.059        1485.205     688.952             100             100
    8         873.620     681.905         873.657     681.843               8               8
  232         925.740     827.004         925.770     826.957             232             232
  185        3144.313    -490.581        3144.323    -490.813             185             185
  157        -246.818     830.793        -246.668     830.777             157             157
  128         634.500    1654.956         634.676    1654.917             128             128
  219        -410.493    1484.700        -410.341    1484.812             219             219
   51        -190.255    -687.408        -190.313    -687.315              51              51
  160        1363.317      76.518        1363.340      76.463             160             160
   78        -320.626   -1398.339        -320.706   -1398.317              78              78
   51        1416.769    1187.237        1416.908    1187.118              51              51
  229       -1339.119    -108.663       -1339.099    -108.518             229             229
  162         982.316    -981.138         982.229    -981.229             162             162
  203          55.935     943.281          56.020     943.263             203             203
   43         801.485   -1606.653         801.360   -1606.778              43              43
  185        1452.636    2303.892        1452.886    2303.696             185             185
   66       -1116.527    1474.253       -1116.362    1474.351              66              66
  243         651.548    1898.971         651.690    1898.984             243             243
   84        1347.905     646.003        1348.000     646.000              84              84
   79         512.493     -89.366         512.565     -89.319              79              79
    1         296.130     537.257         296.255     537.341               1               1
  130         308.951   -2149.903         308.860   -2149.875             130             130
   95        -128.290      22.149        -128.177      22.139              95              95
  219       -1716.968     261.729       -1716.894     261.891             219             219
   51         117.868    -489.704         117.836    -489.704              51              51
  142        -654.065     -96.038        -654.064     -95.989             142             142
   75         473.276    -838.263         473.202    -838.373              75              75
   56        1290.637    2357.038        1290.933    2356.895              56              56
   21       -1547.277    -142.669       -1547.204    -142.508              21              21
   78        -253.949    1180.972        -253.816    1180.995              78              78
  145        -550.474    1476.992        -550.306    1477.114             145             145
  121       -1111.320    -318.327       -1111.362    -318.152             121             121
   87         305.456     257.918         305.449     257.908              87              87
  122         354.681    1946.766         354.862    1946.821             122             122
   51         776.871    -563.246         776.863    -563.188              51              51
  244         -71.131    -390.877         -71.095    -390.793             244             244
  250          93.864    -639.023          93.894    -638.988             250             250
   14       -1141.780    -416.267       -1141.732    -416.163              14              14
   39       -2146.921     785.688       -2146.871     785.901              39              39
  155         993.103     114.363         993.087     114.284             155             155
   93       -1187.321    1941.427       -1187.133    1941.616              93              93
   90         559.370     252.129         559.379     252.225              90              90
  128         -74.302    -441.872         -74.313    -441.740             128             128
    0        -360.558    -289.133        -360.549    -289.001              -0               0
   38       -1412.686     720.037       -1412.638     720.343              38              38
  171         689.338   -3003.864         689.003   -3003.817             171             171
  185         163.681   -1187.091         163.603   -1187.131             185             185
  104       -1424.160    -651.285       -1424.226    -651.199             104             104
  159        -211.311    1462.470        -211.220    1462.504             159             159
   13          89.837    -334.063          89.758    -333.981              13              13
  184        -237.727    -517.135        -237.833    -517.049             184             184
  161         437.467      38.371         437.400      38.407             161             161
  144        1553.510   -1393.293        1553.367   -1393.386             144             144
   23        -810.839   -1451.451        -811.017   -1451.391              23              23
  124        3044.638     773.919        3044.745     773.593             124             124
  196         672.110    -980.828         672.183    -980.866             196             196
  166        -314.106     -38.663        -313.928     -38.613             166             166
  199       -2140.769    -678.204       -2140.761    -677.945             199             199
  253        -549.513    -503.160        -549.587    -503.085             253             253
  187         722.297    -766.671         722.259    -766.745             187             187
   21        -782.960   -1061.279        -782.976   -1061.244              21              21
  143       -1818.744     598.414       -1818.659     598.579             143             143
   53        -768.043    -190.696        -768.113    -190.573              53              53
  109        -740.579   -2219.213        -740.900   -2219.195             109             109
   10         383.682       5.974         383.621       5.743              10              10
  104         189.200    2095.428         189.420    2095.308             104             104
   98         -96.162    1358.681         -96.020    1358.714              98              98
    4         217.239    1194.677         217.361    1194.732               4               4
  119         373.963     918.659         374.076     918.769             119             119
  137         885.133   -1318.327         885.060   -1318.328             137             137
  160       -1027.787    1207.770       -1027.557    1208.003             160             160
  213        -525.848   -1836.310        -526.022   -1836.115             213             213
  228       -1189.821   -1141.696       -1189.949   -1141.538             228             228
   33        -511.152   -1022.956        -511.300   -1022.930              33              33
  213        -997.912    -542.545        -998.029    -542.523             213             213
   10        -509.386    2444.866        -509.202    2444.973              10              10
  205         636.511   -1760.893         636.208   -1760.863             205             205
  142         798.037    -309.747         797.983    -309.838             142             142
  115         336.932    -887.460         336.860    -887.529             115             115
  108        -425.046     924.584        -424.917     924.642             108             108
  156         832.562    -773.942         832.538    -774.006             156             156
   43       -2615.210     307.278       -2615.181     307.644              43              43
   13         666.504   -1657.624         666.199   -1657.701              13              13
   44        -371.975    -173.563        -372.044    -173.593              44              44
   67          28.533     236.992          28.477     236.934              67              67
  137        1511.019     973.507        1511.140     973.339             137             137
  241        -626.661    -510.951        -626.690    -510.822             241             241
  233         -67.973    -404.247         -68.056    -404.254             233             233
   81         626.591     424.706         626.655     424.600              81              81
  238       -1241.028     884.507       -1240.970     884.703             238             238
  165        1906.363     777.263        1906.407     777.143             165             165
  103        1552.741    -492.887        1552.826    -492.935             103             103
  125       -1447.808    -767.144       -1447.761    -766.825             125             125
  218        -904.975   -2099.655        -905.223   -2099.524             218             218
  212        -565.225     745.751        -565.108     745.846             212             212
  135       -2294.836   -2219.057       -2295.242   -2218.742             135             135
   67        1254.418      -2.522        1254.277      -2.781              67              67
   54        -550.856     894.022        -550.831     894.124              54              54
  140        1168.290    -808.090        1168.066    -808.168             140             140
  186        1486.590    -678.463        1486.484    -678.623             186             186
  192        1574.470   -1404.501        1574.390   -1404.744             192             192
   45          80.983     677.265          81.250     677.262              45              45
  143        -474.695   -1537.709        -474.744   -1537.610             143             143
  164       -2298.340    -216.960       -2298.350    -216.635             164             164
   78        -107.344   -1677.902        -107.669   -1677.881              78              78
  101         244.098   -1733.344         243.800   -1733.483             101             101
  175        1589.852   -1276.833        1589.757   -1277.258             175             175
   28       -1055.449    -148.222       -1055.308    -148.315              28              28
  243       -2260.632    1148.827       -2260.478    1148.987             243             243
   35        -811.456      -6.928        -811.617      -6.934              35              35
  137        1278.056    1630.516        1278.209    1630.265             137             137
  143         391.111     547.463         391.260     547.454             143             143
   78       -1187.787    -834.065       -1187.855    -833.911              78              78
  151       -1103.101     123.114       -1103.130     123.171             151             151
  188        -747.274    1119.529        -747.203    1119.591             188             188
  146       -1466.541    1177.631       -1466.566    1177.948             146             146
   33         599.014   -2173.814         598.437   -2173.891              33              33
  173        1207.127     473.248        1207.007     472.941             173             173
  124        2566.932     742.217        2567.034     741.786             124             124
  114        -473.576     693.181        -473.442     693.267             114             114
  156        1585.363       7.726        1585.389       7.528             156             156
   33        -451.152    -973.671        -451.242    -973.686              33              33
  217         552.929    1805.591         553.224    1805.428             217             217
   26        -924.607    1433.984        -924.438    1434.220              26              26
  251        2287.360     787.250        2287.517     787.129             251             251
  174       -2133.165   -2633.025       -2133.540   -2632.638             174             174
  162         860.187    1672.886         860.313    1672.777             162             162
   62         893.808   -1480.200         893.524   -1480.247              62              62
  228        1955.309     282.484        1955.411     282.222             228             228
   46         965.917    -632.605         966.024    -632.633              46              46
  249        -439.911   -2802.408        -440.128   -2802.380             249             249
  164       -1873.690    -719.359       -1873.743    -719.287             164             164
   92          92.251     687.045          92.334     686.892              92              92
  137        -577.313   -1080.981        -577.492   -1081.051             137             137
   73        -316.710    1112.401        -316.601    1112.241              73              73
  171         369.348    1589.018         369.515    1588.900             171             171
  238        1390.070     594.269        1390.170     594.066             238             238
  249        1043.446      42.724        1043.607      42.528             249             249
  199        -269.119     820.230        -268.769     820.199             199             199
  226       -2070.689    2791.785       -2070.166    2792.252             226             226
   28        -468.367    -904.276        -468.568    -903.973              28              28
   80        -437.065    -894.632        -437.270    -894.501              80              80
  114         328.273    -809.553         328.112    -809.695             114             114
  107        -648.480    2433.875        -648.123    2434.036             107             107
  232         864.789   -1559.090         864.517   -1559.109             232             232
   46        -635.856      28.972        -635.848      29.060              46              46
  253         612.000       0.097         612.000       0.000             253             253
    9        -635.839     -29.154        -635.848     -29.063               9               9
  220         864.235    1559.130         864.514    1559.111             220             220
  121        -647.750   -2434.203        -648.118   -2434.038             121             121
  123         327.945     809.840         328.111     809.694             123             123
  120        -437.487     894.366        -437.272     894.502             120             120
  155        -468.783     903.653        -468.570     903.972             155             155
   85       -2069.602   -2792.750       -2070.158   -2792.256              85              85
  147        -268.394    -820.167        -268.768    -820.200             147             147
  151        1043.781     -42.313        1043.608     -42.525             151             151
    3        1390.281    -593.841        1390.172    -594.062               3               3
   53         369.704   -1588.764         369.520   -1588.894              53              53
  214        -316.479   -1112.068        -316.599   -1112.243             214             214
  231        -577.694    1081.129        -577.495    1081.051             231             231
   99          92.429    -686.721          92.336    -686.891              99              99
  207       -1873.802     719.199       -1873.743     719.282             207             207
  140        -440.380    2802.347        -440.132    2802.379             140             140
  192         966.142     632.670         966.022     632.636             192             192
   89        1955.527    -281.915        1955.411    -282.218              89              89
  214         893.188    1480.306         893.519    1480.251             214             214
  107         860.467   -1672.647         860.317   -1672.776             107             107
   71       -2133.993    2632.172       -2133.548    2632.631              71              71
  207        2287.706    -786.978        2287.518    -787.122             207             207
   50        -924.231   -1434.505        -924.434   -1434.223              50              50
   41         553.584   -1805.227         553.227   -1805.426              41              41
  236        -451.356     973.702        -451.245     973.685             236             236
  131        1585.420      -7.278        1585.388      -7.522             131             131
  155        -473.273    -693.372        -473.440    -693.266             155             155
   88        2567.162    -741.242        2567.035    -741.780              88              88
  108        1206.857    -472.551        1207.008    -472.938             108             108
  202         597.702    2173.991         598.431    2173.894             202             202
   85       -1466.594   -1178.355       -1466.562   -1177.951              85              85
  117        -747.109   -1119.671        -747.202   -1119.592             117             117
  167       -1103.170    -123.252       -1103.131    -123.175             167             167
  207       -1187.951     833.704       -1187.860     833.908             207             207
  240         391.457    -547.437         391.260    -547.450             240             240
   31        1278.414   -1629.927        1278.210   -1630.262              31              31
  107        -811.832       6.941        -811.617       6.933             107             107
   70       -2260.267   -1149.208       -2260.476   -1148.991              70              70
  179       -1055.112     148.442       -1055.306     148.315             179             179
    2        1589.623    1277.846        1589.754    1277.262               2               2
   73         243.380    1733.675         243.795    1733.484              73              73
  232        -108.129    1677.852        -107.674    1677.881             232             232
  216       -2298.363     216.171       -2298.349     216.630             216             216
   48        -474.819    1537.469        -474.749    1537.609              48              48
   76          81.634    -677.256          81.252    -677.261              76              76
  168        1574.271    1405.096        1574.387    1404.747             168             168
  189        1486.330     678.858        1486.484     678.627             189             189
   12        1167.739     808.283        1168.066     808.169              12              12
    1        -550.790    -894.278        -550.829    -894.126               1               1
  148        1254.064       3.167        1254.275       2.783             148             148
  119       -2295.859    2218.266       -2295.248    2218.738             119             119
   72        -564.930    -745.991        -565.107    -745.847              72              72
  100        -905.606    2099.321        -905.227    2099.521             100             100
  170       -1447.689     766.333       -1447.763     766.823             170             170
  114        1552.956     493.013        1552.825     492.938             114             114
   80        1906.475    -776.950        1906.407    -777.138              80              80
   46       -1240.876    -885.016       -1240.968    -884.707              46              46
   14         626.757    -424.432         626.655    -424.599              14              14
  168         -68.189     404.267         -68.056     404.256             168             168
  154        -626.739     510.612        -626.692     510.820             154             154
  216        1511.337    -973.060        1511.142    -973.334             216             216
  254          28.383    -236.839          28.477    -236.934             254             254
   15        -372.160     173.641        -372.044     173.591              15              15
  127         665.688    1657.830         666.197    1657.701             127             127
  206       -2615.129    -308.273       -2615.179    -307.651             206             206
    0         832.491     774.115         832.535     774.007              -0               0
  159        -424.691    -924.740        -424.914    -924.642             159             159
   57         336.731     887.650         336.858     887.530              57              57
   70         797.888     310.002         797.982     309.841              70              70
   82         635.672    1760.813         636.205    1760.864              82              82
   59        -508.866   -2445.162        -509.195   -2444.972              59              59
  143        -998.241     542.480        -998.031     542.521             143             143
   58        -511.568    1022.879        -511.302    1022.929              58              58
   20       -1190.187    1141.244       -1189.952    1141.534              20              20
  192        -526.345    1835.760        -526.026    1836.117             192             192
  134       -1027.129   -1208.439       -1027.555   -1208.007             134             134
  188         884.921    1318.332         885.056    1318.331             188             188
  126         374.290    -918.976         374.078    -918.769             126             126
  147         217.598   -1194.838         217.366   -1194.732             147             147
  189         -95.746   -1358.779         -96.018   -1358.715             189             189
   18         189.854   -2095.077         189.425   -2095.308              18              18
   10         383.500      -5.295         383.620      -5.743              10              10
    6        -741.539    2219.159        -740.906    2219.194               6               6
  118        -768.251     190.327        -768.113     190.572             118             118
  180       -1818.484    -598.916       -1818.656    -598.584             180             180
  120        -783.011    1061.171        -782.978    1061.243             120             120
  199         722.180     766.901         722.258     766.749             199             199
  226        -549.742     502.933        -549.590     503.086             226             226
  135       -2140.746     677.402       -2140.762     677.940             135             135
  112        -313.556      38.506        -313.928      38.611             112             112
  124         672.335     980.949         672.182     980.868             124             124
   95        3044.971    -772.893        3044.745    -773.587              95              95
  110        -811.401    1451.261        -811.021    1451.390             110             110
  140        1553.054    1393.588        1553.364    1393.388             140             140
  223         437.258     -38.483         437.402     -38.405             223             223
   60        -238.068     516.860        -237.834     517.049              60              60
  140          89.587     333.800          89.759     333.981             140             140
  127        -211.013   -1462.587        -211.219   -1462.507             127             127
  118       -1424.378     650.997       -1424.227     651.196             118             118
  210         163.419    1187.225         163.599    1187.131             210             210
  209         688.217    3003.709         688.995    3003.817             209             209
  178       -1412.524    -721.059       -1412.637    -720.347             178             178
   98        -360.526     288.693        -360.548     289.001              98              98
   12         -74.339     441.427         -74.314     441.740              12              12
  198         559.402    -252.455         559.380    -252.226             198             198
   35       -1186.672   -1942.076       -1187.129   -1941.619              35              35
  147         993.048    -114.088         993.088    -114.282             147             147
  130       -2146.745    -786.433       -2146.870    -785.907             130             130
  161       -1141.614     415.895       -1141.734     416.158             161             161
   38          93.968     638.902          93.893     638.988              38              38
   64         -71.002     390.578         -71.095     390.791              64              64
  179         776.843     563.041         776.862     563.189             179             179
   49         355.339   -1946.966         354.868   -1946.822              49              49
   71         305.431    -257.884         305.450    -257.908              71              71
   42       -1111.469     317.684       -1111.361     318.147              42              42
  229        -549.852   -1477.439        -550.301   -1477.115             229             229
  192        -253.451   -1181.062        -253.812   -1180.997             192             192
  241       -1547.005     142.066       -1547.203     142.504             241             241
  200        1291.752   -2356.498        1290.939   -2356.892             200             200
   71         472.996     838.675         473.200     838.373              71              71
   97        -654.060      95.854        -654.063      95.989              97              97
   68         117.746     489.701         117.835     489.704              68              68
  167       -1716.682    -262.359       -1716.893    -261.894             167             167
  208        -127.852     -22.112        -128.178     -22.139             208             208
  208         308.593    2149.794         308.857    2149.875             208             208
  134         296.628    -537.587         296.257    -537.342             134             134
   13         512.781      89.176         512.567      89.320              13              13
   93        1348.286    -645.991        1348.000    -646.000              93              93
    5         652.143   -1899.019         651.696   -1898.983               5               5
  131       -1115.845   -1474.663       -1116.358   -1474.355             131             131
   47        1453.676   -2303.076        1452.891   -2303.692              47              47
  215         800.963    1607.171         801.358    1606.778             215             215
   53          56.295    -943.205          56.022    -943.262              53              53
  146         981.952     981.529         982.229     981.232             146             146
  228       -1339.035     108.055       -1339.098     108.519             228             228
  252        1417.362   -1186.720        1416.908   -1187.115             252             252
  181        -320.979    1398.239        -320.709    1398.316             181             181
  120        1363.419     -76.271        1363.340     -76.460             120             120
  126        -190.513     687.000        -190.314     687.315             126             126
   87        -409.810   -1485.198        -410.337   -1484.813              87              87
  159         635.299   -1654.783         634.682   -1654.916             159             159
  191        -246.141    -830.719        -246.667    -830.777             191             191
   10        3144.359     491.648        3144.323     490.821              10              10
  208         925.879    -826.787         925.771    -826.956             208             208
    6         873.792    -681.615         873.657    -681.841               6               6
   53        1485.275    -688.553        1485.206    -688.949              53              53
  181         582.933   -1284.116         582.744   -1284.352             181             181
  198        1417.640   -1705.465        1417.394   -1706.195             198             198
   38         472.685     822.023         473.197     821.430              38              38
  125         -29.902    2545.984         -29.021    2545.895             125             125
   14        1892.023     344.714        1892.544     344.364              14              14
  136       -2438.645    -132.867       -2438.264    -132.183             136             136
  194       -1450.290     820.006       -1450.084     820.423             194             194
  181          -0.084     838.748           0.059     838.927             181             181
   88         292.813     277.338         292.910     277.558              88              88
  147         -39.637   -1037.883         -39.845   -1037.658             147             147
   59         424.431      55.099         424.604      55.163              59              59
  102       -1054.797   -1227.724       -1054.978   -1227.274             102             102
  240       -1158.461    -787.840       -1158.758    -787.482             240             240
   65         573.613    -134.858         573.464    -134.877              65              65
  233         816.396   -2212.717         815.918   -2212.897             233             233
   32        -979.332   -1109.396        -979.500   -1109.325              32              32
   25        -571.223    -662.856        -571.427    -662.952              25              25
   31        -213.546     495.378        -213.472     495.292              31              31
  178         212.261   -1238.849         211.907   -1239.092             178             178
  253        -394.193     419.042        -394.118     418.822             253             253
   27        1636.218    1841.412        1636.900    1840.875              27              27
  104       -1871.277    1427.340       -1870.618    1428.175             104             104
  118       -2656.047   -2227.106       -2656.935   -2226.168             118             118
  154         862.742    -298.598         862.166    -298.904             154             154
  191        3291.094    -648.850        3290.972    -649.821             191             191
   21        -383.410    -411.548        -383.121    -411.549              21              21
   90       -1169.739    -371.723       -1169.639    -371.532              90              90
  202       -1842.962    -516.365       -1843.228    -516.100             202             202
  229         961.010    1558.758         961.301    1558.358             229             229
   96        -216.093     228.965        -216.007     229.102              96              96
  255         260.939    -172.790         260.943    -172.833             255             255
  155        -265.359     -30.315        -265.228     -30.265             155             155
   39       -1617.819     757.158       -1617.646     757.714              39              39
   38         564.517   -1045.589         564.158   -1045.649              38              38
   24       -1469.958    -333.831       -1470.131    -333.433              24              24
   54          84.827    -864.981          84.344    -865.092              54              54
  174        1088.306     -95.636        1088.253     -96.068             174             174
  219        -754.614   -1294.130        -754.968   -1294.199             219             219
  235         501.142    1562.636         501.543    1562.234             235             235
    7        1056.880    -592.837        1056.934    -593.387               7               7
  110       -1201.699    3267.141       -1200.442    3267.442             110             110
   39       -1652.972     480.708       -1652.699     481.569              39              39
  110       -2756.084   -1381.671       -2756.707   -1380.715             110             110
   94        -188.858      51.949        -189.246      51.983              94              94
  105        -273.173     166.214        -273.431     166.404             105             105
   88          30.790   -2274.144          29.803   -2274.299              88              88
  126        1762.258     557.606        1762.362     556.676             126             126
  130        -312.289    1777.017        -311.560    1776.972             130             130
  119       -2372.996     592.318       -2372.947     593.069             119             119
   49         450.654     595.469         450.550     595.400              49              49
  128        -873.992     355.784        -874.145     356.121             128             128
  147        1500.894      98.292        1500.802      97.863             147             147
  153       -1034.829    1307.343       -1034.423    1307.762             153             153
  246       -1189.311    -280.198       -1189.675    -279.712             246             246
   45        1067.484    1761.361        1067.781    1761.295              45              45
   89        -320.325    -288.759        -320.447    -288.170              89              89
   11       -1297.802   -1977.553       -1298.625   -1976.928              11              11
  136          -6.207   -1329.367          -6.987   -1329.487             136             136
   35         344.799      68.881         344.492      68.534              35              35
  240         442.877    2350.206         443.296    2350.227             240             240
  232        1153.170   -1244.461        1152.651   -1244.471             232             232
   35          84.572    -665.266          84.347    -665.203              35              35
  139       -1475.823    -323.359       -1476.274    -322.848             139             139
   16        2280.649    -234.296        2280.211    -234.861              16              16
   73        1090.351   -1254.319        1089.965   -1254.592              73              73
  164         -31.410    -549.192         -31.670    -549.213             164             164
   71        1869.497   -1516.514        1869.009   -1517.284              71              71
  248        1087.478    1120.440        1088.115    1119.970             248             248
  128       -1014.579   -1081.183       -1014.699   -1080.917             128             128
   50        -240.655     354.558        -240.550     354.532              50              50
    0         603.026    -796.357         602.905    -796.632               0               0
  238       -1552.822    -383.365       -1552.903    -383.134             238             238
   90         329.664     494.428         329.735     494.072              90              90
  110         -59.511    1233.194         -59.033    1233.172             110             110
   77       -1778.959    -776.715       -1779.310    -776.259              77              77
  195        1154.688    1775.241        1155.151    1774.795             195             195
  198       -1029.198     830.947       -1028.859     831.483             198             198
  204       -1072.290      23.872       -1072.428      24.481             204             204
   69         673.281    -741.995         673.013    -742.002              69              69
   62        -925.868   -1882.201        -926.296   -1882.079              62              62
  253       -2270.650    1778.834       -2270.139    1779.407             253             253
  197       -1738.041      60.271       -1738.323      61.026             197             197
  209       -2208.948   -1701.321       -2210.072   -1700.699             209             209
  151         304.657    1125.236         304.352    1124.967             151             151
  187         658.580     774.689         658.507     774.629             187             187
  255       -1764.710    -981.939       -1765.410    -981.288             255             255
  240        -174.680     447.841        -175.155     447.934             240             240
  199         272.502    -788.799         271.710    -788.820             199             199
  135         497.171    -481.848         496.616    -482.055             135             135
   20        -823.772    -872.658        -824.525    -872.575              20              20
  183         466.725     -44.997         466.131     -45.469             183             183
  112         641.574    1243.373         641.515    1242.971             112             112
   56         222.599     621.043         222.383     620.939              56              56
   67         317.320     655.163         317.109     655.046              67              67
  129         236.676    1225.051         236.678    1225.099             129             129
  129        -752.644     296.133        -753.132     296.601             129             129
  232        1908.368     633.644        1908.082     633.335             232             232
  200         162.426   -1242.075         161.832   -1241.929             200             200
  122       -1458.118     402.656       -1458.392     403.223             122             122
  104        -957.692    -229.315        -958.503    -228.810             104             104
  251         -70.947     -20.803         -71.773     -20.521             251             251
  123        -492.025   -1314.056        -493.309   -1313.658             123             123
   87        -859.472   -1858.730        -861.140   -1858.510              87              87
   85        -688.838    -476.038        -690.323    -476.027              85              85
  234       -1116.936    -590.604       -1118.924    -590.451             234             234
  164        1464.174    -138.229        1462.015    -138.990             164             164
   24         631.153    1415.071         629.118    1414.848              24              24
  176        2598.342   -1120.797        2594.653   -1121.570             176             176
  112        -451.618    -949.882        -458.454    -949.945             112             112
