SINAL     NFT                         FFT                         NFT INVERSA     FFT INVERSA
-----     -----------------------     -----------------------     -----------     -----------
  209       68134.000       0.000       68134.000       0.000             209             209
  121        -882.278     723.665        -882.264     723.666             121             121
  142        1800.872   -1626.855        1800.883   -1626.857             142             142
  125         187.299      94.626         187.313      94.625             125             125
  198        1187.729     880.525        1187.745     880.523             198             198
  238        -151.317    1031.510        -151.299    1031.513             238             238
  174        1098.605   -1650.540        1098.613   -1650.541             174             174
  137         803.304     985.322         803.324     985.318             137             137
  178         619.429     908.160         619.451     908.164             178             178
  166        -141.299   -1600.773        -141.291   -1600.766             166             166
  180         -66.578    -566.243         -66.568    -566.240             180             180
  111        1356.336   -2087.868        1356.337   -2087.880             111             111
  181        1318.780    1112.228        1318.807    1112.212             181             181
   57         327.321     983.375         327.350     983.374              57              57
  251         232.370     426.783         232.394     426.789             251             251
  216         794.175   -1140.231         794.190   -1140.236             216             216
    4        -950.498    1069.339        -950.462    1069.351               4               4
    8         -63.614    -283.077         -63.594    -283.071               8               8
  254       -1198.309     463.461       -1198.284     463.480             254             254
  152          90.016     755.368          90.044     755.382             152             152
  227       -1954.605   -1627.533       -1954.611   -1627.495             227             227
   14         248.248    -155.509         248.255    -155.503              14              14
   87       -1148.821   -2953.801       -1148.853   -2953.789              87              87
  200        1036.210    1272.885        1036.235    1272.857             200             200
   25        -219.360    1159.195        -219.328    1159.211              25              25
  244          94.199   -1386.476          94.188   -1386.463             244             244
  147        1136.752    -660.525        1136.763    -660.535             147             147
   81        -990.899   -2703.393        -990.920   -2703.388              81              81
   25        -745.954     670.692        -745.931     670.681              25              25
  154        -137.172    1297.320        -137.142    1297.317             154             154
   52         252.121    2010.005         252.166    2010.024              52              52
  234         -23.100   -2183.639         -23.129   -2183.614             234             234
   20        -196.405    -635.797        -196.412    -635.788              20              20
  194        1429.327   -1334.821        1429.318   -1334.852             194             194
  104       -1404.326    -377.386       -1404.318    -377.360             104             104
  218         701.963   -1226.245         701.940   -1226.268             218             218
  176         826.533   -1179.005         826.527   -1179.050             176             176
   22       -1073.584     853.414       -1073.550     853.413              22              22
  100         709.456     303.475         709.464     303.445             100             100
   98        1294.149    -210.842        1294.163    -210.895              98              98
  188         521.357    1745.764         521.439    1745.734             188             188
   24       -1434.418    1456.894       -1434.361    1456.940              24              24
  210         923.931     194.210         923.943     194.201             210             210
  114        1063.256     484.643        1063.303     484.629             114             114
   82        -780.147    -655.741        -780.130    -655.714              82              82
  206         433.392    1584.058         433.471    1584.061             206             206
   74       -2047.175   -1866.777       -2047.210   -1866.707              74              74
   86         649.768     168.714         649.782     168.669              86              86
  215       -2025.313    2983.488       -2025.227    2983.572             215             215
   73        2661.391   -1482.479        2661.347   -1482.520              73              73
  239        -500.063    -678.268        -500.048    -678.241             239             239
  186         127.947   -1294.318         127.930   -1294.334             186             186
   87          90.086     733.197          90.148     733.178              87              87
   71       -2133.255     181.179       -2133.239     181.248              71              71
  131        1510.292     360.703        1510.315     360.656             131             131
  112       -1920.193    -447.772       -1920.195    -447.712             112             112
   60         609.724    1070.257         609.753    1070.234              60              60
   23         467.576     -15.836         467.592     -15.840              23              23
  194        -323.263    -521.504        -323.266    -521.499             194             194
   85         -31.030     476.996         -31.005     476.974              85              85
  177         454.701    1857.958         454.780    1857.935             177             177
  246        2082.040    2795.669        2082.209    2795.652             246             246
   63       -2759.079   -1457.265       -2759.080   -1457.079              63              63
  198        -999.003   -1277.587        -999.060   -1277.524             198             198
  184         691.154    -406.724         691.148    -406.752             184             184
  167        -250.458     211.443        -250.403     211.463             167             167
  160       -2536.454    -607.250       -2536.466    -607.138             160             160
  104         -78.150    1180.906         -78.108    1180.927             104             104
  190       -2125.702    -761.442       -2125.761    -761.318             190             190
    4         818.177     272.349         818.159     272.339               4               4
  203       -1330.136    -860.793       -1330.195    -860.697             203             203
  122        -641.624   -1799.746        -641.769   -1799.720             122             122
   29        1594.030    -206.502        1593.975    -206.601              29              29
  158         -17.726    -769.800         -17.791    -769.833             158             158
  237        1725.129     538.590        1725.133     538.464             237             237
  111         817.671    1996.119         817.776    1996.085             111             111
  108         641.428     153.936         641.450     153.956             108             108
   56         316.396   -2213.516         316.302   -2213.546              56              56
  198         -56.626    1784.883         -56.539    1784.855             198             198
   67        1025.962     541.958        1025.990     541.926              67              67
  129         292.858     433.224         292.896     433.236             129             129
  182          -0.220     338.135          -0.208     338.178             182             182
  254        1744.935    -943.143        1744.904    -943.197             254             254
  216        -449.617   -1821.775        -449.685   -1821.783             216             216
  254          20.396    1993.171          20.481    1993.150             254             254
  130        3317.030    -551.391        3317.039    -551.552             130             130
   73        -492.601     257.976        -492.497     258.005              73              73
   58        -110.695     511.972        -110.616     512.005              58              58
  153          23.657   -1267.693          23.634   -1267.684             153             153
   11        -368.290    -328.341        -368.261    -328.356              11              11
  144        -737.642     953.155        -737.561     953.181             144             144
   74         147.046    -386.071         147.043    -386.098              74              74
    1         413.691    2310.116         413.888    2310.115               1               1
  208       -1683.653   -1327.663       -1683.671   -1327.516             208             208
   16       -2808.414    -675.517       -2808.490    -675.371              16              16
  186          -1.192     490.475          -1.256     490.443             186             186
  120        1706.100    1034.210        1706.141    1034.115             120             120
  177        -397.533   -1909.221        -397.634   -1909.241             177             177
   35        -710.855    3045.795        -710.680    3045.798              35              35
   54        -596.417     608.396        -596.439     608.469              54              54
  182         905.328     924.164         905.325     924.140             182             182
  238          57.466     -31.976          57.390     -31.957             238             238
  177        3538.974    1121.737        3539.040    1121.521             177             177
  211        -560.637    1134.239        -560.531    1134.330             211             211
  141        1356.448     614.130        1356.473     614.125             141             141
  158        1863.297    -718.892        1863.287    -718.947             158             158
   67         600.524    -682.604         600.541    -682.616              67              67
  250         538.299   -1058.006         538.276   -1058.077             250             250
  214        1043.715    1769.015        1043.910    1768.916             214             214
   10        -663.184     664.398        -663.085     664.464              10              10
   62        1353.305    2064.329        1353.503    2064.304              62              62
   88        -353.779     -30.438        -353.704     -30.306              88              88
  193        -113.967     133.307        -113.909     133.417             193             193
   60          -6.879   -2059.650          -6.992   -2059.614              60              60
   48         208.717     787.213         208.807     787.186              48              48
  191         939.467    1161.226         939.614    1161.223             191             191
  190         314.093   -1333.711         314.097   -1333.691             190             190
  122       -1100.711    1396.250       -1100.526    1396.363             122             122
  250        -301.218     899.245        -301.114     899.400             250             250
   88         782.412   -2860.383         782.279   -2860.379              88              88
  134       -1478.389     784.657       -1478.241     784.780             134             134
  139        -678.294    -968.026        -678.327    -967.942             139             139
  162        -633.764     394.642        -633.689     394.711             162             162
  136        -975.315    -112.684        -975.299    -112.557             136             136
   91         160.304   -1109.460         160.262   -1109.465              91              91
  179        -934.477     959.747        -934.313     959.827             179             179
   66       -2837.832     302.375       -2837.796     302.666              66              66
  211        -592.293    -894.646        -592.403    -894.563             211             211
  100       -1895.981     453.832       -1896.000     454.000             100             100
  101          32.488    1160.928          32.517    1161.005             101             101
    9        -976.794    -985.105        -976.920    -984.937               9               9
   26       -1621.702     647.714       -1621.764     647.940              26              26
   84         552.909   -1313.957         552.648   -1313.902              84              84
  186         960.622    -924.444         960.445    -924.460             186             186
  238        1149.276   -2085.682        1149.046   -2085.766             238             238
  226         436.605   -1698.260         436.427   -1698.393             226             226
   88         380.337    1248.135         380.383    1248.014              88              88
   49        2495.025    1027.226        2495.113    1027.010              49              49
  220         598.281    1105.018         598.449    1105.047             220             220
   47         638.825   -1197.086         638.795   -1197.077              47              47
   60       -1081.006     410.200       -1080.938     410.330              60              60
   27         890.553      34.330         890.566      34.324              27              27
  135        -756.550    -922.939        -756.632    -922.816             135             135
  253         860.108     437.349         860.121     437.342             253             253
   88        1524.383   -1956.026        1524.253   -1956.114              88              88
  184           4.493    -867.362           4.501    -867.396             184             184
  189         537.606     398.560         537.749     398.493             189             189
   23       -1242.519     899.668       -1242.337     899.877              23              23
   51       -1390.930   -2585.314       -1391.178   -2585.115              51              51
  183         702.781   -1950.796         702.615   -1950.979             183             183
  111       -1928.746    2256.314       -1928.526    2256.449             111             111
  186          86.420    -920.067          86.252    -920.041             186             186
   66        1890.492      -1.797        1890.530      -1.995              66              66
   17        -920.989     230.350        -920.861     230.467              17              17
   66       -1180.972   -1215.028       -1181.057   -1214.914              66              66
  158       -1295.612    -567.245       -1295.702    -567.212             158             158
  197         610.464    2155.268         610.691    2155.174             197             197
  133       -2997.235     807.910       -2997.199     808.301             133             133
  113        -175.276     540.221        -175.392     540.383             113             113
   41         688.868   -1881.638         688.550   -1881.607              41              41
  234         745.765    -531.331         745.614    -531.363             234             234
  122        2381.006   -2892.887        2380.718   -2893.199             122             122
   68        -102.304    1213.751        -102.085    1213.659              68              68
   63         -35.073    -285.779         -35.031    -285.803              63              63
   53       -1314.858     524.402       -1314.772     524.510              53              53
   51        -711.415    1153.147        -711.313    1153.283              51              51
   33       -1697.409   -1734.006       -1697.701   -1733.798              33              33
  142         968.699     454.423         968.643     454.274             142             142
  101       -1791.856     729.967       -1791.943     730.200             101             101
  254        3788.183   -1246.263        3787.950   -1246.677             254             254
  190        -519.134    1547.545        -518.920    1547.626             190             190
  161        -106.082   -1155.241        -106.262   -1155.161             161             161
   25         287.229    -676.269         287.063    -676.315              25              25
   69        2134.008    -431.232        2133.968    -431.523              69              69
  158       -1615.581     726.910       -1615.521     727.065             158             158
  113        1746.257      -8.959        1746.171      -9.142             113             113
  254        1075.416    -156.390        1075.427    -156.527             254             254
   91        -192.593     845.098        -192.483     845.138              91              91
  136         376.979    -434.627         376.895    -434.637             136             136
   50         806.798    -182.804         806.758    -182.921              50              50
   19         415.956    1304.392         416.091    1304.369              19              19
  248         922.074      34.567         922.052      34.547             248             248
  236        1544.316     420.156        1544.390     420.095             236             236
   86        1861.692   -1414.936        1861.675   -1415.046              86              86
    9       -1484.081   -1595.301       -1484.160   -1595.140               9               9
   46        1000.628     256.076        1000.707     255.932              46              46
  244        -137.443    -547.612        -137.403    -547.567             244             244
  207        -569.759    -917.582        -569.800    -917.501             207             207
  179        -626.421   -1961.581        -626.629   -1961.603             179             179
  101        -851.091     753.882        -851.032     753.878             101             101
  248         877.951   -1440.766         877.786   -1440.987             248             248
  158       -2530.341     942.558       -2530.313     942.732             158             158
  224        2015.123    -936.325        2014.853    -936.751             224             224
   61        1680.693    2573.738        1681.056    2573.368              61              61
  222        -101.727    1608.060        -101.459    1608.076             222             222
   22         943.348     532.120         943.487     532.001              22              22
  113        -234.881    2025.680        -234.506    2025.764             113             113
    0       -1229.050      31.658       -1229.006      31.916              -0               0
  164        -338.083    -228.257        -338.126    -228.211             164             164
  214       -1040.868    1405.451       -1040.744    1405.589             214             214
  254        -436.968    1015.763        -436.982    1015.906             254             254
   98        1583.986     546.019        1583.985     545.921              98              98
  119       -1276.894     352.860       -1276.958     353.128             119             119
   24        2330.216     839.568        2330.176     839.397              24              24
  168        2500.063     623.621        2500.206     623.536             168             168
   21         494.679   -2738.931         494.453   -2738.833              21              21
  138         602.699   -1614.617         602.616   -1614.737             138             138
  167        -800.565   -1281.035        -800.656   -1281.098             167             167
  113         162.394    2001.525         162.675    2001.388             113             113
   19         781.304     948.147         781.497     948.088              19              19
  218        -266.717     584.320        -266.543     584.449             218             218
  132        -304.625      62.457        -304.546      62.617             132             132
   11       -1398.026   -1314.683       -1398.233   -1314.459              11              11
  198         555.279     259.081         555.241     258.969             198             198
  219           6.662      97.538           6.618      97.520             219             219
   21        1828.999     726.746        1829.122     726.498              21              21
  245          40.711     458.285          40.890     458.321             245             245
  207        -536.556     640.393        -536.432     640.535             207             207
  228        1360.227     549.734        1360.406     549.653             228             228
  169       -1630.466     326.050       -1630.307     326.445             169             169
   53       -1144.882    -878.255       -1145.064    -877.929              53              53
  221         479.420   -1651.176         479.118   -1651.189             221             221
   72         357.905   -1569.550         357.698   -1569.711              72              72
   22        -983.342     864.906        -983.243     864.926              22              22
   27         348.729      38.858         348.657      38.735              27              27
   38          92.626    1269.048          92.740    1268.979              38              38
   44        1175.174    1924.298        1175.425    1924.223              44              44
  140         657.289     169.810         657.364     169.902             140             140
   38        -163.834   -1111.538        -163.972   -1111.450              38              38
  209         392.711    1496.059         392.914    1496.079             209             209
   98        1543.726    -571.659        1543.711    -571.743              98              98
   37         460.688    -121.296         460.867    -121.282              37              37
   52       -1826.563     706.851       -1826.375     707.290              52              52
  218         722.063   -1247.727         721.898   -1247.646             218             218
   62        -737.443   -1272.544        -737.565   -1272.319              62              62
  221        -340.406   -2603.779        -340.772   -2603.779             221             221
  240        -973.707    -108.996        -973.763    -108.992             240             240
  201        1370.766    -304.232        1370.747    -304.546             201             201
  132        -595.280     719.984        -595.009     720.038             132             132
   97       -2327.438   -1190.227       -2327.604   -1189.931              97              97
  220        -829.595     243.437        -829.655     243.395             220             220
   95       -2003.500    1945.215       -2003.407    1945.488              95              95
  230         164.523      49.925         164.201      49.948             230             230
  232        1971.013     540.916        1970.902     540.642             232             232
   37        1037.814    -785.754        1037.637    -785.955              37              37
  193         447.079    1279.143         447.219    1279.003             193             193
  254        1816.481     963.437        1816.652     963.170             254             254
   26       -1051.895    1218.008       -1051.740    1218.261              26              26
  145        2872.337     987.382        2872.492     987.105             145             145
  227          27.585    -905.587          27.589    -905.458             227             227
  196          50.221     858.680          50.431     858.800             196             196
  198         562.033   -2022.545         561.799   -2022.597             198             198
  192        -542.501     812.376        -542.274     812.367             192             192
   12        -520.813    2210.440        -520.422    2210.653              12              12
  221        -779.916    -668.723        -780.070    -668.377             221             221
  220        -620.796    -707.303        -621.099    -707.119             220             220
   50        3278.000       0.521        3278.000       0.000              50              50
   10        -621.408     706.930        -621.101     707.117              10              10
  104        -780.230     668.023        -780.072     668.375             104             104
   89        -520.014   -2210.872        -520.416   -2210.654              89              89
  220        -542.036    -812.358        -542.272    -812.368             220             220
  203         561.548    2022.654         561.794    2022.598             203             203
  126          50.652    -858.927          50.432    -858.801             126             126
   16          27.591     905.320          27.587     905.457              16              16
  165        2872.660    -986.804        2872.493    -987.101             165             165
  189       -1051.569   -1218.538       -1051.737   -1218.265             189             189
  237        1816.842    -962.876        1816.655    -963.166             237             237
  149         447.374   -1278.850         447.222   -1279.002             149             149
  134        1037.442     786.178        1037.636     785.957             134             134
  114        1970.781    -540.333        1970.903    -540.637             114             114
  247         163.841     -49.974         164.201     -49.948             247             247
   99       -2003.297   -1945.801       -2003.401   -1945.493              99              99
  209        -829.723    -243.349        -829.655    -243.397             209             209
  221       -2327.798    1189.585       -2327.606    1189.926             221             221
   75        -594.695    -720.102        -595.008    -720.039              75              75
  247        1370.725     304.918        1370.747     304.552             247             247
  159        -973.829     108.987        -973.764     108.992             159             159
   74        -341.214    2603.776        -340.779    2603.777              74              74
   18        -737.714    1272.050        -737.568    1272.317              18              18
   48         721.699    1247.549         721.897    1247.646              48              48
   45       -1826.148    -707.824       -1826.375    -707.294              45              45
  214         461.084     121.264         460.867     121.281             214             214
  247        1543.692     571.849        1543.710     571.746             247             247
  238         393.168   -1496.102         392.917   -1496.078             238             238
  226        -164.145    1111.340        -163.974    1111.449             226             226
  212         657.460    -170.016         657.365    -169.901             212             212
  202        1175.747   -1924.126        1175.429   -1924.220             202             202
   21          92.888   -1268.889          92.744   -1268.978              21              21
  223         348.563     -38.577         348.657     -38.735             223             223
   51        -983.114    -864.959        -983.242    -864.929              51              51
  110         357.421    1569.924         357.694    1569.712             110             110
  187         478.710    1651.210         479.112    1651.192             187             187
  254       -1145.309     877.494       -1145.066     877.927             254             254
  237       -1630.090    -326.981       -1630.305    -326.450             237             237
  203        1360.647    -549.540        1360.405    -549.650             203             203
  164        -536.258    -640.732        -536.428    -640.538             164             164
  170          41.137    -458.371          40.892    -458.321             170             170
  185        1829.295    -726.147        1829.124    -726.493             185             185
   58           6.556     -97.495           6.617     -97.520              58              58
   48         555.189    -258.810         555.242    -258.967              48              48
   44       -1398.529    1314.139       -1398.235    1314.456              44              44
   49        -304.433     -62.847        -304.546     -62.618              49              49
  147        -266.293    -584.634        -266.543    -584.449             147             147
  254         781.781    -947.999         781.501    -948.085             254             254
   15         163.091   -2001.187         162.679   -2001.388              15              15
  223        -800.794    1281.185        -800.658    1281.095             223             223
  245         602.485    1614.916         602.610    1614.738             245             245
  174         494.104    2738.688         494.446    2738.834             174             174
   42        2500.425    -623.404        2500.207    -623.532              42              42
    8        2330.119    -839.132        2330.179    -839.393               8               8
  222       -1277.056    -353.545       -1276.958    -353.133             222             222
   87        1583.985    -545.766        1583.987    -545.918              87              87
  222        -437.001   -1016.130        -436.980   -1015.907             222             222
  214       -1040.545   -1405.812       -1040.741   -1405.592             214             214
   69        -338.196     228.137        -338.127     228.210              69              69
  193       -1228.934     -32.333       -1229.006     -31.919             193             193
  170        -233.898   -2025.898        -234.502   -2025.764             170             170
   16         943.716    -531.806         943.489    -531.999              16              16
  214        -101.018   -1608.100        -101.456   -1608.074             214             214
  138        1681.660   -2572.753        1681.063   -2573.362             138             138
   67        2014.399     937.463        2014.852     936.752              67              67
   69       -2530.259    -943.034       -2530.310    -942.737              69              69
   69         877.498    1441.365         877.782    1440.989              69              69
   65        -850.927    -753.878        -851.029    -753.881              65              65
   50        -626.994    1961.640        -626.633    1961.602              50              50
   17        -569.871     917.360        -569.800     917.501              17              17
  230        -137.336     547.489        -137.405     547.567             230             230
  220        1000.848    -255.673        1000.709    -255.928             220             220
  203       -1484.307    1594.846       -1484.163    1595.136             203             203
   32        1861.641    1415.255        1861.672    1415.052              32              32
   12        1544.521    -419.981        1544.389    -420.093              12              12
  247         922.013     -34.508         922.052     -34.545             247             247
   81         416.344   -1304.328         416.094   -1304.369              81              81
  160         806.680     183.142         806.756     182.923             160             160
  245         376.735     434.655         376.893     434.638             245             245
   97        -192.270    -845.214        -192.479    -845.137              97              97
  128        1075.447     156.790        1075.426     156.529             128             128
  235        1746.009       9.506        1746.173       9.147             235             235
   15       -1615.405    -727.374       -1615.521    -727.069              15              15
  170        2133.884     432.101        2133.966     431.528             170             170
  243         286.733     676.406         287.062     676.315             243             243
  237        -106.626    1154.997        -106.265    1155.159             237             237
    1        -518.484   -1547.791        -518.916   -1547.627               1               1
  210        3787.473    1247.528        3787.946    1246.687             210             210
  196       -1792.117    -730.682       -1791.941    -730.204             196             196
   71         968.527    -453.961         968.643    -454.271              71              71
  147       -1698.314    1733.356       -1697.705    1733.793             147             147
  110        -711.099   -1153.571        -711.312   -1153.283             110             110
   87       -1314.585    -524.741       -1314.769    -524.512              87              87
  106         -34.943     285.857         -35.033     285.804             106             106
  249        -101.610   -1213.459        -102.083   -1213.657             249             249
  154        2380.083    2893.885        2380.709    2893.207             154             154
  175         745.282     531.431         745.614     531.363             175             175
   62         687.829    1881.542         688.543    1881.609              62              62
  220        -175.650    -540.747        -175.392    -540.384             220             220
  225       -2997.116    -809.199       -2997.199    -808.309             225             225
   79         611.216   -2154.958         610.695   -2155.173              79              79
  194       -1295.911     567.128       -1295.703     567.208             194             194
  190       -1181.259    1214.641       -1181.060    1214.910             190             190
   26        -920.560    -230.744        -920.860    -230.469              26              26
  227        1890.620       2.467        1890.531       1.997             227             227
  203          85.845     919.978          86.249     920.041             203             203
   18       -1927.986   -2256.782       -1928.520   -2256.453              18              18
   53         702.200    1951.424         702.609    1950.980              53              53
  107       -1391.791    2584.621       -1391.182    2585.113             107             107
    8       -1241.879    -900.404       -1242.334    -899.882               8               8
  150         538.111    -398.322         537.751    -398.491             150             150
  235           4.520     867.485           4.499     867.397             235             235
  244        1523.918    1956.341        1524.250    1956.116             244             244
  165         860.157    -437.321         860.123    -437.341             165             165
  150        -756.848     922.494        -756.634     922.814             150             150
  231         890.602     -34.306         890.566     -34.324             231             231
  147       -1080.757    -410.679       -1080.938    -410.333             147             147
  151         638.711    1197.056         638.793    1197.078             151             151
  186         598.909   -1105.122         598.452   -1105.045             186             186
   87        2495.354   -1026.410        2495.114   -1027.004              87              87
  223         380.512   -1247.676         380.385   -1248.013             223             223
   78         435.917    1698.766         436.421    1698.394              78              78
  198        1148.391    2086.007        1149.042    2085.768             198             198
   54         959.934     924.507         960.440     924.462              54              54
  184         551.893    1313.744         552.646    1313.904             184             184
  191       -1621.944    -648.601       -1621.762    -647.945             191             191
  209        -977.296     984.442        -976.924     984.936             209             209
  104          32.606   -1161.235          32.518   -1161.004             104             104
  254       -1896.056    -454.505       -1896.000    -454.000             254             254
  173        -592.744     894.307        -592.405     894.562             173             173
   73       -2837.686    -303.585       -2837.796    -302.674              73              73
   78        -933.796    -960.082        -934.311    -959.829              78              78
  112         160.124    1109.481         160.260    1109.465             112             112
    8        -975.243     112.145        -975.298     112.554               8               8
  104        -633.448    -394.939        -633.689    -394.714             104             104
   83        -678.438     967.666        -678.330     967.941              83              83
  211       -1477.750    -785.191       -1478.238    -784.783             211             211
  123         781.815    2860.365         782.270    2860.378             123             123
  136        -300.757    -899.923        -301.110    -899.402             136             136
   62       -1099.897   -1396.756       -1100.523   -1396.367              62              62
  131         314.108    1333.620         314.096    1333.690             131             131
   30         940.128   -1161.209         939.617   -1161.221              30              30
   42         209.126    -787.089         208.810    -787.185              42              42
  120          -7.398    2059.487          -6.997    2059.614             120             120
  196        -113.705    -133.813        -113.911    -133.418             196             196
  193        -353.433      29.821        -353.704      30.304             193             193
   95        1354.246   -2064.197        1353.509   -2064.300              95              95
   87        -662.716    -664.713        -663.083    -664.466              87              87
   88        1044.646   -1768.542        1043.912   -1768.915              88              88
   26         538.186    1058.347         538.275    1058.077              26              26
  175         600.604     682.665         600.540     682.618             175             175
   56        1863.242     719.165        1863.283     718.950              56              56
  104        1356.580    -614.099        1356.476    -614.123             104             104
  117        -560.105   -1134.697        -560.529   -1134.333             117             117
  110        3539.310   -1120.634        3539.042   -1121.514             110             110
   32          57.080      31.884          57.389      31.958              32              32
   52         905.318    -924.035         905.328    -924.139              52              52
   64        -596.528    -608.773        -596.437    -608.468              64              64
  136        -709.930   -3045.805        -710.675   -3045.797             136             136
   50        -398.077    1909.320        -397.640    1909.239              50              50
  237        1706.319   -1033.703        1706.142   -1034.114             237             237
  210          -1.531    -490.305          -1.255    -490.444             210             210
  128       -2808.836     674.701       -2808.492     675.365             128             128
   94       -1683.760    1326.838       -1683.673    1327.511              94              94
  218         414.803   -2310.111         413.892   -2310.114             218             218
  233         147.033     386.222         147.045     386.099             233             233
  177        -737.175    -953.310        -737.559    -953.182             177             177
  173        -368.124     328.419        -368.261     328.354             173             173
  101          23.521    1267.640          23.633    1267.684             101             101
   58        -110.223    -512.170        -110.614    -512.007              58              58
  236        -491.978    -258.149        -492.496    -258.004             236             236
  233        3317.082     552.379        3317.037     551.560             233             233
   89          20.925   -1993.044          20.485   -1993.149              89              89
   23        -450.050    1821.820        -449.689    1821.781              23              23
   97        1744.730     943.493        1744.901     943.203              97              97
   29          -0.140    -338.410          -0.207    -338.180              29              29
  216         293.104    -433.299         292.896    -433.236             216             216
  193        1026.157    -541.744        1025.993    -541.924             193             193
  117         -56.040   -1784.700         -56.535   -1784.855             117             117
   49         315.752    2213.706         316.296    2213.543              49              49
  219         641.574    -154.063         641.449    -153.954             219             219
   36         818.404   -1995.880         817.782   -1996.084              36              36
  106        1725.162    -537.701        1725.134    -538.459             106             106
   67         -18.193     770.029         -17.795     769.831              67              67
  153        1593.635     207.213        1593.974     206.603             153             153
  216        -642.692    1799.553        -641.774    1799.717             216             216
  100       -1330.578     860.088       -1330.199     860.695             100             100
  206         818.042    -272.278         818.158    -272.339             206             206
   25       -2126.151     760.501       -2125.763     761.315              25              25
  236         -77.823   -1181.070         -78.104   -1180.927             236             236
    1       -2536.562     606.376       -2536.470     607.135               1               1
    6        -250.022    -211.601        -250.403    -211.464               6               6
  191         691.107     406.940         691.148     406.751             191             191
  130        -999.479    1277.063        -999.061    1277.521             130             130
  101       -2759.090    1455.698       -2759.081    1457.073             101             101
  153        2083.489   -2795.503        2082.216   -2795.648             153             153
  108         455.392   -1857.757         454.784   -1857.934             108             108
   22         -30.807    -476.797         -31.003    -476.972              22              22
   71        -323.287     521.456        -323.266     521.498              71              71
  209         467.715      15.875         467.591      15.841             209             209
   81         610.005   -1070.044         609.756   -1070.234              81              81
   52       -1920.214     447.176       -1920.196     447.704              52              52
  186        1510.515    -360.232        1510.316    -360.652             186             186
  170       -2133.103    -181.882       -2133.239    -181.255             170             170
   76          90.705    -733.004          90.150    -733.178              76              76
   28         127.768    1294.480         127.927    1294.334              28              28
  199        -499.917     677.989        -500.050     678.240             199             199
   37        2660.923    1482.923        2661.344    1482.526              37              37
  221       -2024.380   -2984.397       -2025.223   -2983.575             221             221
   60         649.937    -168.226         649.784    -168.669              60              60
   86       -2047.579    1865.972       -2047.213    1866.703              86              86
  184         434.318   -1584.094         433.474   -1584.062             184             184
   96        -779.965     655.431        -780.133     655.714              96              96
  192        1063.819    -484.462        1063.305    -484.626             192             192
  252         924.084    -194.089         923.944    -194.199             252             252
  250       -1433.692   -1457.493       -1434.358   -1456.945             250             250
  153         522.415   -1745.371         521.441   -1745.732             153             153
   96        1294.333     211.565        1294.163     210.898              96              96
  200         709.575    -303.064         709.465    -303.444             200             200
  178       -1073.116    -853.411       -1073.549    -853.415             178             178
   76         826.436    1179.662         826.525    1179.053              76              76
  201         701.608    1226.595         701.937    1226.271             201             201
  185       -1404.207     376.988       -1404.319     377.358             185             185
   12        1429.167    1335.314        1429.314    1334.855              12              12
   76        -196.514     635.656        -196.413     635.787              76              76
   30         -23.631    2183.226         -23.135    2183.613              30              30
  165         252.963   -2010.327         252.174   -2010.023             165             165
  184        -136.615   -1297.253        -137.139   -1297.317             184             184
   53        -745.520    -670.506        -745.931    -670.682              53              53
  237        -991.339    2703.260        -990.925    2703.385             237             237
  137        1136.954     660.746        1136.762     660.537             137             137
  134          93.967    1386.198          94.185    1386.462             134             134
   34        -218.650   -1159.539        -219.326   -1159.210              34              34
   68        1036.825   -1272.279        1036.239   -1272.858              68              68
   49       -1149.623    2953.504       -1148.860    2953.788              49              49
  110         248.439     155.351         248.254     155.502             110             110
   97       -1954.762    1626.538       -1954.612    1627.492              97              97
  249          90.816    -755.744          90.047    -755.382             249             249
  147       -1197.573    -464.024       -1198.282    -463.483             147             147
   62         -63.020     282.875         -63.596     283.070              62              62
   54        -949.330   -1069.719        -950.461   -1069.351              54              54
  234         794.659    1140.408         794.188    1140.237             234             234
  247         233.296    -426.968         232.397    -426.788             247             247
  151         328.530    -983.343         327.353    -983.375             151             151
  170        1319.997   -1111.519        1318.809   -1112.210             170             170
  243        1356.283    2088.480        1356.332    2087.883             243             243
  145         -66.095     566.085         -66.569     566.239             145             145
   68        -140.897    1600.385        -141.296    1600.764              68              68
   83         620.827    -908.348         619.452    -908.162              83              83
   90         804.791    -985.076         803.326    -985.319              90              90
  247        1099.247    1650.738        1098.611    1650.543             247             247
  160        -149.494   -1031.881        -151.298   -1031.515             160             160
   36        1189.876    -880.153        1187.748    -880.520              36              36
  177         189.754     -94.442         187.314     -94.624             177             177
  173        1803.791    1627.326        1800.879    1626.861             173             173
  112        -874.989    -724.208        -882.263    -723.669             112             112
