SINAL     NFT                         FFT                         NFT INVERSA     FFT INVERSA
-----     -----------------------     -----------------------     -----------     -----------
    7       63471.000       0.000       63471.000       0.000               7               7
  130         205.034     290.144         205.047     290.144             130             130
  133        1060.711    -379.755        1060.724    -379.755             133             133
  142         134.348    -553.795         134.362    -553.795             142             142
  244        -530.369   -1216.319        -530.357   -1216.318             244             244
   88        -200.007    -913.340        -199.995    -913.342              88              88
  113         316.825     952.329         316.842     952.328             113             113
   26         437.659   -3688.095         437.663   -3688.101              26              26
   67        -938.704     624.649        -938.683     624.640              67              67
   78        -897.075    1569.291        -897.049    1569.285              78              78
   57       -2041.275    2528.212       -2041.243    2528.219              57              57
  132       -3673.431    2946.083       -3673.408    2946.110             132             132
   58         354.569     668.096         354.572     668.102              58              58
   52          73.497    1149.727          73.509    1149.737              52              52
  115          37.050   -1414.411          37.041   -1414.405             115             115
  177         512.943     401.430         512.951     401.424             177             177
   73         735.802     977.977         735.819     977.974              73              73
   79        -560.665     -65.219        -560.663     -65.208              79              79
  209        2199.483     971.936        2199.498     971.922             209             209
   26         670.618   -1443.344         670.616   -1443.344              26              26
   76        1367.711    -150.882        1367.725    -150.898              76              76
  238          17.297     636.130          17.324     636.136             238             238
  161          78.138       7.211          78.149       7.225             161             161
  207        1355.448   -2005.454        1355.437   -2005.469             207             207
  205         316.668     127.396         316.693     127.387             205             205
  200        -196.160    -825.160        -196.152    -825.162             200             200
  246        -456.768     309.447        -456.749     309.447             246             246
  201         -95.542     751.168         -95.525     751.170             201             201
  248        1832.642     998.116        1832.674     998.103             248             248
   71         120.550   -2607.928         120.531   -2607.921              71              71
  191        -543.891    -708.072        -543.891    -708.078             191             191
  255        1877.613      58.983        1877.634      58.930             255             255
  201         266.412    1267.598         266.478    1267.589             201             201
   68        -487.579    -398.904        -487.549    -398.893              68              68
  141       -1947.268     567.002       -1947.239     567.043             141             141
  190         809.397    -943.852         809.389    -943.880             190             190
  156       -1025.387    1506.493       -1025.336    1506.502             156             156
  255         317.674    2079.340         317.730    2079.349             255             255
  217         797.476      31.580         797.502      31.592             217             217
  224       -1308.121      72.884       -1308.099      72.944             224             224
   77         652.673    -877.929         652.664    -877.917              77              77
   19        -465.187   -2267.704        -465.226   -2267.694              19              19
  101        -676.318     353.282        -676.311     353.280             101             101
  135        2803.345    1504.636        2803.405    1504.575             135             135
   71         417.915   -1300.100         417.939   -1300.088              71              71
  216        -946.918   -1023.293        -946.894   -1023.269             216             216
   57       -1074.581     421.037       -1074.531     421.069              57              57
  144       -1583.155    -449.013       -1583.146    -448.953             144             144
   40        -830.596   -1500.623        -830.637   -1500.598              40              40
   10        -629.185    -429.046        -629.200    -429.047              10              10
  171         526.283     544.699         526.300     544.680             171             171
  117        1902.189   -1781.120        1902.179   -1781.195             117             117
  248       -2154.634     494.257       -2154.563     494.291             248             248
   76        -965.788    2030.003        -965.700    2030.039              76              76
   69       -1216.455    -275.317       -1216.453    -275.250              69              69
  198        -456.531     120.552        -456.513     120.587             198             198
   21       -2373.594    -170.694       -2373.611    -170.580              21              21
   59         129.289   -1353.669         129.204   -1353.654              59              59
  143         730.143   -1173.651         730.090   -1173.674             143             143
   14        -299.218   -1969.410        -299.302   -1969.422              14              14
  130        2234.546    -794.545        2234.535    -794.678             130             130
   79        -341.588    -465.509        -341.548    -465.556              79              79
   14       -1889.210    1488.194       -1889.137    1488.227              14              14
   76         180.960      87.630         180.952      87.598              76              76
  147        1178.328    1355.022        1178.410    1354.954             147             147
  156        -504.603     842.330        -504.516     842.354             156             156
   10       -1887.606    1090.047       -1887.546    1090.144              10              10
   47         142.123    1189.121         142.170    1189.169              47              47
  155        -991.260   -1558.689        -991.339   -1558.600             155             155
  228        1707.614    -615.444        1707.602    -615.510             228             228
   16       -1474.354    -464.913       -1474.347    -464.841              16              16
  232         484.293    -316.911         484.289    -316.921             232             232
  247         -52.078   -1333.222         -52.101   -1333.219             247             247
  117       -1054.543    -657.632       -1054.543    -657.600             117             117
  112        -526.599   -1437.196        -526.645   -1437.217             112             112
   63        -550.769     578.549        -550.705     578.513              63              63
   78       -2362.126    1565.141       -2362.032    1565.238              78              78
  169       -2378.353    1431.801       -2378.331    1431.966             169             169
  208       -1179.609   -1869.094       -1179.805   -1868.995             208             208
  118        2067.291   -1154.921        2067.166   -1155.053             118             118
  180         393.390    1215.331         393.439    1215.314             180             180
  123        1255.416   -2314.339        1255.312   -2314.411             123             123
  236       -1469.444    1075.108       -1469.384    1075.169             236             236
  172         814.102   -2035.466         813.976   -2035.522             172             172
  200          66.393     -75.044          66.403     -75.100             200             200
   49        -846.635      28.813        -846.635      28.825              49              49
  115        -963.812     -75.391        -963.867     -75.359             115             115
  221        1832.494    -946.742        1832.410    -946.882             221             221
  108         347.756    -308.171         347.764    -308.264             108             108
    3       -1088.673    1003.481       -1088.627    1003.483               3               3
  235         934.170     856.511         934.206     856.435             235             235
  238       -1720.097     152.646       -1720.139     152.734             238             238
   82        2665.177    -506.955        2665.098    -507.158              82              82
  249         779.553    1629.909         779.680    1629.827             249             249
   59        -135.872     220.321        -135.845     220.327              59              59
  229         697.852     176.260         697.869     176.190             229             229
  149        -189.041    1896.385        -188.925    1896.410             149             149
   69        1273.044    -927.725        1272.990    -927.782              69              69
   21         562.488     269.468         562.543     269.414              21              21
   48         177.977     273.795         178.030     273.763              48              48
   42         415.072    2085.449         415.252    2085.467              42              42
   37       -1020.657   -1616.107       -1020.738   -1615.982              37              37
   25         370.957    -921.861         370.899    -921.903              25              25
   33         -52.191    -498.749         -52.205    -498.799              33              33
  155        -180.572    1770.544        -180.440    1770.561             155             155
  138        -683.813   -2226.547        -683.980   -2226.513             138             138
   96         407.620    1451.974         407.679    1451.911              96              96
  233        1821.718   -1214.539        1821.661   -1214.681             233             233
   51        -856.940     335.788        -856.865     335.792              51              51
   48       -1025.897      70.093       -1025.913      70.109              48              48
   96        -392.806    1558.094        -392.786    1558.104              96              96
  231        2966.757    -541.662        2966.689    -541.877             231             231
  172          30.645     817.014          30.726     816.987             172             172
   76        1736.771     715.720        1736.837     715.619              76              76
  148        1865.442   -2054.463        1865.390   -2054.640             148             148
  116        -645.244    1119.500        -645.049    1119.445             116             116
  125       -1521.042    1890.598       -1520.890    1890.688             125             125
    8        1125.219     837.454        1125.264     837.400               8               8
   81         961.616      -9.391         961.646      -9.452              81              81
  233        1367.653     690.212        1367.784     690.100             233             233
   11         212.970    1828.917         213.229    1828.967              11              11
   61        -661.160   -1304.157        -661.167   -1304.023              61              61
  216        -463.193   -1733.011        -463.265   -1733.013             216             216
   94        -244.963     590.733        -244.855     590.670              94              94
   54        -513.647    1605.383        -513.443    1605.423              54              54
   19       -2079.504    -400.964       -2079.521    -400.764              19              19
   68          22.302    -771.056          22.218    -771.085              68              68
  204       -1037.634    -377.703       -1037.697    -377.721             204             204
   89         416.848    2556.094         416.999    2556.000              89              89
   89        2069.598    2207.770        2069.824    2207.694              89              89
  253       -1317.188   -1641.143       -1317.263   -1640.945             253             253
  131        -267.216    -961.799        -267.306    -961.816             131             131
  127        -567.203     242.522        -567.236     242.483             127             127
   23        2284.406    2297.278        2284.600    2297.070              23              23
  165          94.213     443.928          94.314     443.991             165             165
   27         892.422   -1083.447         892.391   -1083.529              27              27
  161         591.031    1491.768         591.282    1491.692             161             161
    5       -1282.015     869.439       -1281.842     869.604               5               5
    4        -173.425      28.816        -173.346      28.891               4               4
  213       -2637.918    -182.696       -2637.928    -182.419             213             213
   54        -668.451    -716.027        -668.626    -715.976              54              54
  100        1019.302     773.689        1019.290     773.574             100             100
  189         809.737     947.320         809.784     947.297             189             189
  227        1941.455   -1400.539        1941.345   -1400.703             227             227
  176        1556.928     366.990        1557.092     366.784             176             176
   81       -1190.400    1524.963       -1190.147    1525.080              81              81
   87        -403.229     276.727        -403.195     276.819              87              87
   45        1292.553     541.802        1292.647     541.742              45              45
   90        -542.114    -281.824        -542.096    -281.699              90              90
  169        1973.644   -1547.183        1973.573   -1547.399             169             169
   23          28.076    2235.681          28.447    2235.686              23              23
  102         -72.224    -379.870         -72.113    -379.749             102             102
  230        -953.934   -1118.963        -953.906   -1118.808             230             230
  240       -1985.348   -1223.194       -1985.435   -1222.991             240             240
  196        1390.167   -2337.645        1389.995   -2337.908             196             196
   29       -1523.175    1501.404       -1522.907    1501.407              29              29
    3       -1420.972     591.792       -1420.895     591.877               3               3
    8        -156.707     538.168        -156.658     538.121               8               8
  234        -137.425    1803.211        -137.229    1803.222             234             234
   93         833.098     302.483         833.204     302.460              93              93
   98        -872.114   -1292.073        -872.141   -1292.027              98              98
  231        -837.359    1449.422        -837.145    1449.414             231             231
  225        -167.575    1729.379        -167.308    1729.402             225             225
  225       -2006.085     189.323       -2006.012     189.531             225             225
  254       -1080.021    2971.688       -1079.736    2971.861             254             254
  134        -161.618    1022.514        -161.530    1022.735             134             134
  252        -262.834   -1477.701        -262.969   -1477.547             252             252
  160       -1598.615    -186.031       -1598.669    -185.852             160             160
  140        1249.721    1766.783        1249.917    1766.737             140             140
    1       -2245.606    -880.503       -2245.709    -880.120               1               1
  117         596.054    -864.891         595.874    -864.919             117             117
  195         752.979     957.708         753.099     957.699             195             195
  101        -713.766   -1236.322        -713.895   -1236.139             101             101
   50        1031.475   -1840.090        1031.288   -1840.241              50              50
  166         346.702      85.352         346.827      85.186             166             166
   22       -1778.822    2634.483       -1778.463    2634.694              22              22
  132        -798.986     631.303        -798.971     631.569             132             132
  253        1344.431   -1346.432        1344.289   -1346.458             253             253
   68        -594.275    -967.592        -594.306    -967.496              68              68
  222        -629.583     -36.611        -629.554     -36.515             222             222
  167        -696.958    -934.408        -697.082    -934.317             167             167
   92         844.779     556.168         844.864     556.106              92              92
   68        -281.810   -1741.194        -281.925   -1741.143              68              68
  142       -1222.986    -375.790       -1222.995    -375.717             142             142
   76        -464.633     170.521        -464.643     170.524              76              76
    9         626.416     456.377         626.485     456.295               9               9
  171        -180.147     289.709        -180.046     289.783             171             171
   80        -584.493   -1207.410        -584.595   -1207.322              80              80
   17         128.390    -299.389         128.407    -299.438              17              17
  150        -104.758   -1209.684        -104.777   -1209.756             150             150
  173       -2984.164    -184.852       -2984.178    -184.665             173             173
  115         294.658    1709.313         294.787    1709.144             115             115
  125        -654.569    1580.896        -654.412    1580.953             125             125
  142         222.474    1965.374         222.668    1965.441             142             142
   85         750.827    -130.331         750.821    -130.287              85              85
  124         235.891    -472.364         235.893    -472.344             124             124
   21         511.444      36.852         511.560      36.770              21              21
   82        -689.629    2071.224        -689.237    2071.413              82              82
   28        -501.788   -1627.342        -501.893   -1627.176              28              28
  161        -307.919     893.708        -307.647     893.781             161             161
   83       -3057.372    -233.921       -3057.345    -233.432              83              83
  146        -174.541    -766.641        -174.654    -766.614             146             146
  100       -1855.630    1960.474       -1855.369    1960.793             100             100
  185       -1031.770     -82.949       -1031.841     -82.596             185             185
  196        -996.447   -1858.684        -996.764   -1858.437             196             196
   10        -892.245     312.095        -892.312     312.296              10              10
  207         478.615    -664.946         478.457    -664.815             207             207
   73        -153.351   -3776.776        -153.841   -3776.719              73              73
    8       -1038.417   -1046.136       -1038.558   -1046.131               8               8
   20       -1249.671    -659.056       -1249.849    -658.985              20              20
   40         279.089    -961.228         278.872    -961.369              40              40
  175        -288.523   -1127.164        -288.701   -1127.301             175             175
  112        -737.817     134.853        -737.839     134.729             112             112
  108       -1293.048    1538.128       -1292.987    1538.175             108             108
   61        1798.726     390.081        1798.690     389.772              61              61
  188        -658.491    1291.657        -658.318    1291.734             188             188
  118         878.347    -138.531         878.332    -138.658             118             118
  233        -477.326    1489.647        -477.037    1489.761             233             233
   13       -1967.287   -1078.259       -1967.482   -1077.930              13              13
  135        -320.770     118.379        -320.900     118.383             135             135
  127          62.687     376.016          62.603     375.992             127             127
  186        1537.310     479.482        1537.376     479.296             186             186
  250       -1936.439    -371.714       -1936.525    -371.393             250             250
  253         620.262    -889.511         619.998    -889.650             253             253
   73          38.577     827.198          38.586     827.152              73              73
   80        1507.112    -934.208        1506.904    -934.490              80              80
  121        1924.040    1515.465        1924.391    1515.142             121             121
   94       -1131.659    -961.832       -1131.632    -961.707              94              94
  162       -1514.113    2054.118       -1513.829    2054.330             162             162
  150         485.410    -232.284         485.332    -232.245             150             150
  255       -1437.892   -1394.094       -1438.209   -1393.920             255             255
  245        2787.531     832.450        2787.644     831.944             245             245
   40       -1562.312    -133.565       -1562.265    -133.395              40              40
  100        1170.380     659.820        1170.504     659.545             100             100
  174       -1237.956    1058.230       -1237.750    1058.348             174             174
  237         -42.820    1389.973         -42.649    1389.943             237             237
  110        -185.064    3048.815        -184.640    3049.005             110             110
  126         983.524    -205.690         983.511    -205.573             126             126
   54        -157.836     130.189        -157.719     130.425              54              54
  119        -972.964   -1238.105        -973.122   -1237.801             119             119
  147        -632.699    -946.155        -632.911    -946.019             147             147
   94        1219.559    -863.103        1219.453    -863.355              94              94
   38       -1626.860    1042.068       -1626.674    1042.291              38              38
    3         675.728     132.733         675.712     132.671               3               3
  203         358.669     630.863         358.876     630.885             203             203
  100       -1475.547    -319.748       -1475.505    -319.425             100             100
  192       -1820.702     439.131       -1820.698     439.531             192             192
   65       -1088.062   -1115.957       -1088.445   -1115.694              65              65
   78         789.324    -242.795         789.110    -242.900              78              78
  205         186.037    -438.681         185.873    -438.692             205             205
  200         959.267      17.752         959.258      17.637             200             200
  205       -1654.164   -1265.466       -1654.470   -1265.225             205             205
  136        1941.768     937.796        1941.805     937.466             136             136
  195         -47.911    -943.174         -48.066    -943.131             195             195
  202         544.791    -534.191         544.672    -534.349             202             202
  209         641.296     463.473         641.391     463.316             209             209
   20        -209.000      -0.034        -209.000       0.000              20              20
   68         641.488    -463.155         641.392    -463.314              68              68
   47         544.546     534.513         544.669     534.351              47              47
  182         -48.229     943.090         -48.069     943.133             182             182
  219        1941.845    -937.123        1941.806    -937.464             219             219
   47       -1654.795    1264.966       -1654.474    1265.220              47              47
  171         959.250     -17.510         959.258     -17.634             171             171
    3         185.695     438.704         185.870     438.693               3               3
  147         788.883     243.014         789.110     242.901             147             147
   90       -1088.860    1115.409       -1088.447    1115.692              90              90
  240       -1820.690    -439.968       -1820.696    -439.535             240             240
    2       -1475.456     319.070       -1475.503     319.422               2               2
  217         359.103    -630.907         358.875    -630.885             217             217
   38         675.696    -132.601         675.713    -132.669              38              38
  121       -1626.464   -1042.543       -1626.671   -1042.294             121             121
  108        1219.331     863.643        1219.451     863.358             108             108
  132        -633.152     945.864        -632.912     946.018             132             132
  159        -973.306    1237.450        -973.124    1237.798             159             159
  112        -157.583    -130.697        -157.718    -130.425             112             112
   80         983.496     205.440         983.511     205.575              80              80
    4        -184.137   -3049.227        -184.635   -3049.005               4               4
   49         -42.440   -1389.909         -42.644   -1389.944              49              49
  145       -1237.502   -1058.491       -1237.747   -1058.350             145             145
   82        1170.654    -659.212        1170.505    -659.542              82              82
  255       -1562.209     133.185       -1562.266     133.392             255             255
   90        2787.784    -831.316        2787.646    -831.936              90              90
   32       -1438.601    1393.704       -1438.211    1393.918              32              32
  135         485.235     232.199         485.331     232.246             135             135
   30       -1513.471   -2054.600       -1513.826   -2054.334              30              30
  235       -1131.603     961.547       -1131.636     961.705             235             235
   89        1924.839   -1514.730        1924.395   -1515.137              89              89
   50        1506.637     934.851        1506.901     934.492              50              50
   47          38.600    -827.093          38.587    -827.152              47              47
  137         619.650     889.831         619.995     889.650             137             137
  232       -1936.638     370.967       -1936.526     371.389             232             232
   10        1537.463    -479.047        1537.376    -479.294              10              10
  184          62.494    -375.960          62.605    -375.992             184             184
  148        -321.075    -118.390        -320.901    -118.384             148             148
   14       -1967.747    1077.481       -1967.484    1077.927              14              14
   76        -476.641   -1489.915        -477.036   -1489.761              76              76
  238         878.312     138.833         878.332     138.659             238             238
  255        -658.076   -1291.841        -658.316   -1291.735             255             255
   78        1798.643    -389.333        1798.692    -389.767              78              78
  200       -1292.894   -1538.247       -1292.982   -1538.179             200             200
   37        -737.870    -134.553        -737.839    -134.729              37              37
  199        -288.961    1127.499        -288.705    1127.302             199             199
   52         278.557     961.573         278.870     961.371              52              52
  170       -1250.107     658.881       -1249.851     658.983             170             170
  103       -1038.767    1046.121       -1038.560    1046.129             103             103
  165        -154.579    3776.634        -153.851    3776.718             165             165
  251         478.218     664.623         478.455     664.817             251             251
  107        -892.415    -312.602        -892.313    -312.299             107             107
  214        -997.248    1858.066        -996.768    1858.438             214             214
  140       -1031.948      82.054       -1031.841      82.593             140             140
  190       -1854.962   -1961.284       -1855.364   -1960.795             190             190
  213        -174.831     766.572        -174.657     766.614             213             213
  230       -3057.304     232.666       -3057.345     233.428             230             230
  222        -307.215    -893.902        -307.645    -893.783             222             222
   93        -502.066    1626.911        -501.898    1627.175              93              93
    4        -688.605   -2071.716        -689.231   -2071.415               4               4
  202         511.747     -36.639         511.560     -36.770             202             202
  182         235.894     472.310         235.891     472.344             182             182
   55         750.812     130.220         750.821     130.291              55              55
  249         222.992   -1965.552         222.673   -1965.442             249             249
   63        -654.146   -1581.050        -654.410   -1580.954              63              63
   31         295.013   -1708.860         294.791   -1709.144              31              31
    4       -2984.202     184.334       -2984.178     184.659               4               4
  247        -104.816    1209.882        -104.781    1209.758             247             247
  179         128.434     299.521         128.406     299.438             179             179
   19        -584.778    1207.165        -584.598    1207.319              19              19
   67        -179.865    -289.910        -180.044    -289.781              67              67
  162         626.606    -456.146         626.485    -456.293             162             162
   18        -464.661    -170.530        -464.643    -170.524              18              18
  146       -1223.014     375.580       -1222.996     375.715             146             146
  106        -282.139    1741.050        -281.928    1741.143             106             106
   56         845.026    -555.988         844.867    -556.102              56              56
   89        -697.314     934.149        -697.084     934.317              89              89
  159        -629.499      36.332        -629.553      36.513             159             159
  227        -594.366     967.316        -594.308     967.495             227             227
  193        1344.013    1346.510        1344.283    1346.461             193             193
   69        -798.939    -632.079        -798.969    -631.570              69              69
  222       -1777.756   -2635.110       -1778.455   -2634.699             222             222
   45         347.074     -84.864         346.828     -85.186              45              45
   27        1030.913    1840.540        1031.282    1840.243              27              27
  106        -714.156    1235.774        -713.898    1236.137             106             106
  235         753.344    -957.676         753.102    -957.697             235             235
  241         595.512     864.978         595.873     864.921             241             241
   81       -2245.925     879.334       -2245.714     880.113              81              81
  202        1250.323   -1766.639        1249.920   -1766.735             202             202
   78       -1598.780     185.477       -1598.668     185.849              78              78
   86        -263.254    1477.224        -262.972    1477.545              86              86
  148        -161.340   -1023.198        -161.527   -1022.735             148             148
    4       -1079.124   -2972.232       -1079.731   -2971.864               4               4
  141       -2005.851    -189.985       -2006.010    -189.537             141             141
  142        -166.727   -1729.453        -167.304   -1729.402             142             142
   67        -836.676   -1449.402        -837.141   -1449.418              67              67
  172        -872.200    1291.923        -872.142    1292.025             172             172
  147         833.444    -302.401         833.206    -302.458             147             147
   59        -136.779   -1803.248        -137.224   -1803.222              59              59
   96        -156.546    -538.016        -156.657    -538.121              96              96
  166       -1420.716    -592.078       -1420.892    -591.881             166             166
  127       -1522.284   -1501.420       -1522.904   -1501.410             127             127
    3        1389.586    2338.528        1389.989    2337.912               3               3
  184       -1985.646    1222.508       -1985.438    1222.986             184             184
   17        -953.840    1118.439        -953.907    1118.807              17              17
  110         -71.841     379.464         -72.110     379.751             110             110
  241          29.355   -2235.698          28.453   -2235.686             241             241
  106        1973.394    1547.932        1973.570    1547.403             106             106
   13        -542.051     281.389        -542.096     281.698              13              13
  212        1292.883    -541.586        1292.649    -541.738             212             212
   43        -403.106    -277.047        -403.193    -276.819              43              43
   83       -1189.502   -1525.381       -1190.142   -1525.084              83              83
  178        1557.512    -366.256        1557.093    -366.782             178             178
   88        1941.055    1401.139        1941.342    1400.708              88              88
  111         809.910    -947.233         809.786    -947.294             111             111
   29        1019.258    -773.268        1019.290    -773.572              29              29
   68        -669.091     715.841        -668.627     715.975              68              68
   96       -2637.956     181.668       -2637.929     182.413              96              96
  110        -173.135     -29.094        -173.347     -28.890             110             110
   14       -1281.364    -870.059       -1281.838    -869.607              14              14
  175         591.980   -1491.481         591.285   -1491.691             175             175
  197         892.300    1083.764         892.390    1083.533             197             197
  163          94.601    -444.165          94.315    -443.990             163             163
  179        2285.161   -2296.470        2284.607   -2297.063             179             179
   82        -567.328    -242.373        -567.235    -242.485              82              82
   49        -267.569     961.866        -267.308     961.816              49              49
  247       -1317.485    1640.362       -1317.267    1640.944             247             247
  255        2070.498   -2207.462        2069.830   -2207.687             255             255
  196         417.457   -2555.718         417.001   -2556.000             196             196
   51       -1037.890     377.764       -1037.697     377.718              51              51
   95          21.953     771.177          22.216     771.086              95              95
  107       -2079.576     400.131       -2079.523     400.759             107             107
  178        -512.792   -1605.553        -513.439   -1605.424             178             178
   98        -244.498    -590.472        -244.850    -590.671              98              98
   36        -463.504    1733.015        -463.268    1733.011              36              36
  195        -661.196    1303.587        -661.170    1304.022             195             195
  208         214.086   -1829.129         213.232   -1828.966             208             208
   21        1368.233    -689.719        1367.789    -690.096              21              21
   46         961.749       9.667         961.647       9.456              46              46
  222        1125.416    -837.202        1125.265    -837.394             222             222
  233       -1520.360   -1890.998       -1520.886   -1890.690             233             233
   90        -644.362   -1119.255        -645.043   -1119.445              90              90
   49        1865.196    2055.268        1865.385    2054.643              49              49
  156        1737.072    -715.254        1736.838    -715.614             156             156
  179          31.019    -816.890          30.727    -816.987             179             179
  161        2966.439     542.686        2966.688     541.887             161             161
  185        -392.704   -1558.143        -392.783   -1558.105             185             185
  247       -1025.973     -70.177       -1025.914     -70.112             247             247
    1        -856.582    -335.807        -856.864    -335.792               1               1
   40        1821.438    1215.237        1821.658    1214.687              40              40
    6         407.914   -1451.665         407.682   -1451.910               6               6
  177        -684.641    2226.375        -683.986    2226.512             177             177
  238        -179.916   -1770.622        -180.437   -1770.559             238             238
  170         -52.270     498.998         -52.208     498.799             170             170
  101         370.659     922.075         370.896     921.904             101             101
   64       -1021.080    1615.468       -1020.743    1615.980              64              64
  219         416.007   -2085.534         415.258   -2085.464             219             219
   92         178.256    -273.628         178.032    -273.762              92              92
   63         562.771    -269.183         562.542    -269.413              63              63
  160        1272.753     928.030        1272.987     927.784             160             160
  144        -188.418   -1896.519        -188.923   -1896.410             144             144
  159         697.948    -175.878         697.870    -176.189             159             159
   11        -135.727    -220.349        -135.845    -220.326              11              11
   66         780.266   -1629.455         779.684   -1629.825              66              66
    2        2664.740     508.106        2665.099     507.165               2               2
   47       -1720.326    -153.153       -1720.138    -152.737              47              47
    6         934.378    -856.067         934.206    -856.432               6               6
  211       -1088.395   -1003.495       -1088.624   -1003.484             211             211
   69         347.798     308.716         347.764     308.265              69              69
   53        1831.987     947.591        1832.407     946.889              53              53
  177        -964.151      75.200        -963.870      75.358             177             177
   46        -846.636     -28.889        -846.635     -28.827              46              46
  144          66.451      75.389          66.402      75.101             144             144
  227         813.309    2035.820         813.971    2035.524             227             227
  203       -1469.066   -1075.500       -1469.383   -1075.172             203             203
   67        1254.745    2314.799        1255.306    2314.415              67              67
  133         393.709   -1215.219         393.440   -1215.313             133             133
  133        2066.468    1155.787        2067.161    1155.055             133             133
   59       -1180.911    1868.434       -1179.810    1868.993              59              59
  134       -2378.195   -1432.918       -2378.328   -1431.973             134             134
  174       -2361.486   -1565.802       -2362.029   -1565.241             174             174
   66        -550.323    -578.303        -550.703    -578.514              66              66
   56        -526.936    1437.340        -526.651    1437.216              56              56
  156       -1054.544     657.403       -1054.544     657.598             156             156
  236         -52.250    1333.202         -52.104    1333.220             236             236
  157         484.262     316.981         484.288     316.922             157             157
  220       -1474.306     464.373       -1474.348     464.836             220             220
  199        1707.522     615.949        1707.599     615.515             199             199
  250        -991.857    1558.012        -991.342    1558.599             250             250
   28         142.490   -1189.486         142.173   -1189.168              28              28
  104       -1887.140   -1090.808       -1887.544   -1090.148             104             104
  138        -503.920    -842.515        -504.515    -842.355             138             138
  187        1178.984   -1354.475        1178.411   -1354.953             187             187
  115         180.889     -87.368         180.952     -87.597             115             115
  205       -1888.585   -1488.482       -1889.133   -1488.230             205             205
  190        -341.259     465.905        -341.549     465.556             190             190
  163        2234.443     795.709        2234.534     794.683             163             163
  212        -299.964    1969.506        -299.305    1969.421             212             212
  145         729.661    1173.859         730.087    1173.676             145             145
  232         128.510    1353.521         129.200    1353.653             232             232
    9       -2373.755     169.632       -2373.612     170.577               9               9
   67        -456.365    -120.882        -456.514    -120.588              67              67
   23       -1216.437     274.674       -1216.453     275.248              23              23
  153        -964.912   -2030.344        -965.695   -2030.040             153             153
   39       -2153.935    -494.597       -2154.562    -494.294              39              39
  226        1902.066    1781.904        1902.175    1781.202             226             226
  221         526.463    -544.503         526.301    -544.680             221             221
  172        -629.355     429.036        -629.203     429.044             172             172
  104        -831.040    1500.362        -830.638    1500.598             104             104
   24       -1583.076     448.320       -1583.148     448.948              24              24
   51       -1074.004    -421.405       -1074.529    -421.071              51              51
   22        -946.649    1023.009        -946.895    1023.266              22              22
   90         418.186    1299.961         417.938    1300.089              90              90
  107        2804.079   -1503.872        2803.409   -1504.568             107             107
  178        -676.233    -353.265        -676.311    -353.282             178             178
   70        -465.704    2267.574        -465.231    2267.692              70              70
    8         652.548     877.785         652.662     877.918               8               8
  143       -1307.837     -73.702       -1308.098     -72.947             143             143
   14         797.831     -31.728         797.502     -31.590              14              14
    2         318.485   -2079.459         317.735   -2079.347               2               2
  171       -1024.650   -1506.620       -1025.332   -1506.503             171             171
  118         809.264     944.272         809.387     943.882             118             118
  141       -1946.819    -567.643       -1947.237    -567.046             141             141
  103        -487.110     398.728        -487.549     398.891             103             103
  234         267.473   -1267.435         266.480   -1267.587             234             234
   90        1877.979     -58.057        1877.635     -58.925              90              90
   38        -543.888     708.169        -543.891     708.078              38              38
  142         120.158    2607.806         120.524    2607.922             142             142
   46        1833.248    -997.846        1832.677    -998.098              46              46
  183         -95.201    -751.209         -95.523    -751.170             183             183
  118        -456.393    -309.446        -456.748    -309.448             118             118
   56        -196.006     825.184        -196.153     825.159              56              56
  250         317.215    -127.199         316.694    -127.386             250             250
  142        1355.130    2005.823        1355.430    2005.472             142             142
  210          78.408      -7.508          78.150      -7.223             210             210
   33          17.959    -636.252          17.326    -636.136              33              33
  113        1368.078     151.350        1367.726     150.903             113             113
  175         670.478    1443.328         670.609    1443.343             175             175
  206        2199.925    -971.506        2199.501    -971.916             206             206
  217        -560.622      64.838        -560.664      65.204             217             217
  199         736.356    -977.875         735.820    -977.973             199             199
    1         513.201    -401.228         512.951    -401.425               1               1
  239          36.696    1414.185          37.039    1414.405             239             239
   34          74.010   -1150.115          73.512   -1149.738              34              34
  108         354.704    -668.338         354.573    -668.100             108             108
  162       -3672.237   -2947.477       -3673.401   -2946.117             162             162
  105       -2039.578   -2528.585       -2041.237   -2528.222             105             105
  116        -895.531   -1568.983        -897.043   -1569.287             116             116
   49        -937.323    -624.121        -938.683    -624.641              49              49
  119         437.676    3688.577         437.653    3688.102             119             119
  119         318.365    -952.207         316.845    -952.327             119             119
  221        -198.913     913.514        -200.000     913.342             221             221
  238        -528.933    1216.170        -530.358    1216.317             238             238
    4         136.654     553.735         134.360     553.795               4               4
   69        1064.051     379.963        1060.724     379.759              69              69
  217         211.841    -290.181         205.048    -290.145             217             217
