SINAL     NFT                         FFT                         NFT INVERSA     FFT INVERSA
-----     -----------------------     -----------------------     -----------     -----------
  183       68129.000       0.000       68129.000       0.000             183             183
  222        -722.079    -303.058        -722.065    -303.058             222             222
  250         554.492     133.333         554.505     133.333             250             250
   92        2063.005    -130.798        2063.020    -130.799              92              92
  243        -848.634    -860.733        -848.620    -860.731             243             243
   51        1115.198     638.019        1115.216     638.016              51              51
  227       -2497.618     598.664       -2497.601     598.675             227             227
  190        1427.715    -587.880        1427.725    -587.883             190             190
    9       -1503.018    1632.195       -1502.996    1632.206               9               9
  227         872.425     357.174         872.439     357.178             227             227
  188        -196.545     -16.779        -196.528     -16.768             188             188
  223        -726.859   -1501.675        -726.855   -1501.661             223             223
   14        -759.390   -1250.662        -759.388   -1250.654              14              14
   43         258.921    -104.382         258.931    -104.383              43              43
   53        -586.651     181.258        -586.638     181.268              53              53
  195        -696.125    -252.075        -696.126    -252.062             195             195
   16        2639.703    -161.328        2639.708    -161.348              16              16
   97        1280.618     314.429        1280.646     314.425              97              97
  252       -1019.399    -210.978       -1019.376    -210.954             252             252
  204       -1535.896    -679.526       -1535.895    -679.499             204             204
   19          78.094     307.774          78.100     307.785              19              19
   22         454.820    -574.645         454.816    -574.632              22              22
  221        1816.446   -1715.040        1816.437   -1715.052             221             221
  236        -479.652   -1050.436        -479.653   -1050.428             236             236
  224        1893.701     302.584        1893.724     302.560             224             224
   73        -903.308     780.924        -903.277     780.960              73              73
  125        1868.102   -1822.738        1868.095   -1822.740             125             125
  203        -932.326   -2109.038        -932.334   -2109.008             203             203
  246         417.270   -3551.550         417.229   -3551.572             246             246
  129         795.299     847.775         795.346     847.738             129             129
   82        -750.647     162.187        -750.600     162.198              82              82
  173       -3452.505     -89.775       -3452.489     -89.708             173             173
   95       -1105.268    -664.429       -1105.293    -664.408              95              95
   76         -16.209     599.243         -16.205     599.242              76              76
   10         255.068     541.472         255.077     541.481              10              10
   83         433.821    -524.432         433.815    -524.423              83              83
  128        -371.563    -842.380        -371.576    -842.363             128             128
  238        -490.635     721.189        -490.629     721.221             238             238
   17        2173.097   -2172.105        2173.050   -2172.137              17              17
  137        -943.801   -1199.068        -943.819   -1199.048             137             137
  209        1447.495   -1509.517        1447.459   -1509.575             209             209
  206        1481.529    1311.010        1481.597    1310.959             206             206
  105        -595.239    -243.132        -595.199    -243.109             105             105
  224       -2878.551     116.604       -2878.544     116.688             224             224
  249         827.767     -26.230         827.747     -26.239             249             249
  158         693.954    -664.418         693.946    -664.426             158             158
  163        -847.021    -462.905        -847.025    -462.877             163             163
   10        -670.540      43.075        -670.555      43.101              10              10
    0        1597.036    -352.827        1597.022    -352.862               0               0
  160       -1009.283   -1067.034       -1009.314   -1067.001             160             160
  214         183.700     603.210         183.697     603.211             214             214
   19        1178.021    -491.401        1177.994    -491.414              19              19
  183         242.002   -1450.777         241.945   -1450.776             183             183
  180         952.277    -682.995         952.237    -683.033             180             180
    0        2274.697    -453.840        2274.689    -453.919               0               0
  151         677.975   -1233.450         677.961   -1233.487             151             151
  254         481.857    -543.131         481.858    -543.183             254             254
  125        -355.154     993.591        -355.123     993.578             125             125
   98        1978.351    1503.751        1978.394    1503.699              98              98
  244        2495.727   -1654.799        2495.700   -1654.877             244             244
  254        1451.804     494.105        1451.894     494.038             254             254
  181        -518.277    1015.878        -518.178    1015.915             181             181
  162         636.558     561.705         636.631     561.739             162             162
   94        -546.394   -3100.584        -546.461   -3100.536              94              94
    2       -1120.288    -513.112       -1120.285    -513.091               2               2
  173        -342.080    -210.276        -342.091    -210.276             173             173
  177         213.364    -315.175         213.336    -315.199             177             177
  130        2253.412     492.838        2253.456     492.739             130             130
  155        -485.880    -257.098        -485.851    -257.070             155             155
  195         550.447     365.056         550.480     365.050             195             195
   12        1386.462   -1436.026        1386.441   -1436.077              12              12
  108        -670.746    -259.973        -670.720    -259.947             108             108
  145        1581.170   -1700.362        1581.127   -1700.466             145             145
  118        1481.646     611.255        1481.779     611.139             118             118
   77       -2472.890     848.203       -2472.764     848.322              77              77
  138        -931.615   -2092.396        -931.697   -2092.385             138             138
   20         -69.260    1333.276         -69.179    1333.209              20              20
  241         799.619    1887.204         799.763    1887.146             241             241
  149        -763.480    1964.216        -763.303    1964.299             149             149
   21       -2114.196   -1033.054       -2114.202   -1032.908              21              21
  145       -1857.775     489.259       -1857.756     489.356             145             145
  108       -1615.575    1140.112       -1615.571    1140.226             108             108
   40        1386.970    -233.737        1386.925    -233.777              40              40
   72        -881.793    1258.903        -881.732    1258.998              72              72
   32         466.382    -107.475         466.360    -107.415              32              32
   41          58.894   -1784.808          58.803   -1784.765              41              41
  223        -804.791    -367.769        -804.823    -367.714             223             223
   30          73.246    -381.933          73.199    -381.918              30              30
  166        -509.519    -492.320        -509.593    -492.275             166             166
   66        1634.037    -157.371        1634.003    -157.444              66              66
   19        -704.674    -621.668        -704.734    -621.605              19              19
  165        1721.173    -624.645        1721.106    -624.733             165             165
  247         369.996    -137.433         369.979    -137.440             247             247
  181        1293.315    -352.341        1293.273    -352.381             181             181
    4        3256.604   -1952.198        3256.556   -1952.385               4               4
  249       -1242.381    -905.006       -1242.344    -904.965             249             249
   99         169.142    -321.235         169.154    -321.279              99              99
  181        -468.257    -595.993        -468.278    -595.996             181             181
  124         182.450    -427.699         182.414    -427.762             124             124
  254         655.072     316.253         655.084     316.157             254             254
  121        1273.608    1058.878        1273.694    1058.778             121             121
  137         854.116     -38.819         854.159     -38.869             137             137
  106         556.980    -441.049         556.998    -441.110             106             106
   10        1208.111     713.042        1208.236     712.936              10              10
  255        -855.959    -488.066        -855.925    -488.060             255             255
  184         779.221    2605.284         779.449    2605.204             184             184
  149        -204.976    1282.687        -204.810    1282.758             149             149
   20        -850.551     791.880        -850.441     792.021              20              20
  169       -1297.599    -548.041       -1297.644    -547.890             169             169
   42         714.148     640.804         714.173     640.803              42              42
   41          -0.912    -283.118          -0.939    -283.058              41              41
   58        1077.701    -283.301        1077.673    -283.349              58              58
  150        2026.097    1870.962        2026.288    1870.899             150             150
   82        1123.733    -571.242        1123.826    -571.174              82              82
  130        -966.728   -1627.321        -966.730   -1627.146             130             130
  183         540.869   -1074.203         540.907   -1074.168             183             183
  123       -2510.515   -2107.236       -2510.595   -2107.011             123             123
   98         140.524     -24.712         140.549     -24.665              98              98
  214        -685.963   -3175.228        -686.152   -3175.116             214             214
   33        -121.600   -3400.160        -121.788   -3400.229              33              33
  165       -2163.743    -731.084       -2163.767    -731.041             165             165
  233         285.652   -1116.861         285.586   -1116.993             233             233
  199       -2238.859    -961.770       -2238.930    -961.746             199             199
  156         605.349    1127.940         605.434    1127.752             156             156
  159       -2125.976    1550.675       -2125.855    1550.790             159             159
  203        -108.678      -0.140        -108.719      -0.167             203             203
  150       -1522.648    1277.137       -1522.607    1277.231             150             150
    2         267.519    1347.761         267.531    1347.795               2               2
  129        1857.057    -817.914        1857.000    -818.000             129             129
   18       -2165.823   -1354.396       -2165.926   -1354.220              18              18
    0        -405.238    -367.867        -405.356    -367.873              -0               0
  250        -529.467   -1137.615        -529.688   -1137.646             250             250
  156        2040.777     175.296        2040.698     175.001             156             156
  107        1077.123    1350.950        1077.226    1350.784             107             107
    4         461.724     520.442         461.746     520.371               4               4
  155        1685.590      53.959        1685.588      53.745             155             155
   35        1524.771    1860.908        1525.004    1860.714              35              35
  154           9.705    1880.089           9.950    1880.107             154             154
  175         501.298    1522.272         501.503    1522.306             175             175
  205        -464.801    1339.458        -464.618    1339.649             205             205
  196        -718.590   -1261.405        -718.694   -1261.202             196             196
  217          32.032   -1349.486          31.887   -1349.456             217             217
    7         257.751    -712.910         257.661    -712.970               7               7
   91        1145.674     791.262        1145.762     791.136              91              91
   43        -360.053     543.555        -359.987     543.630              43              43
  138         761.649    -298.219         761.612    -298.238             138             138
   18        1003.841    -659.432        1003.814    -659.511              18              18
  166         244.082     331.980         244.163     331.983             166             166
  237         353.790   -1098.466         353.721   -1098.467             237             237
  233         586.805   -2197.089         586.635   -2197.250             233             233
  199         634.121    1256.323         634.307    1256.110             199             199
  146         257.727    1819.170         257.978    1819.113             146             146
  210         653.607     663.621         653.778     663.587             210             210
  143        -705.864    -354.319        -705.788    -354.285             143             143
   47       -1449.599    2927.494       -1449.286    2927.660              47              47
  114         -92.443     833.861         -92.413     834.028             114             114
   90        1903.649    -352.620        1903.646    -352.656              90              90
  198         229.772   -1411.556         229.754   -1411.477             198             198
  117        -369.813   -3105.882        -370.010   -3105.947             117             117
  219        -898.687    2908.697        -898.294    2908.697             219             219
  217       -1573.693    -286.160       -1573.690    -285.961             217             217
  117        -971.768     644.510        -971.728     644.618             117             117
  214       -1133.839     502.726       -1133.865     502.885             214             214
  117        -664.091    -230.506        -664.286    -230.424             117             117
  225        2355.175    1634.507        2355.220    1634.315             225             225
  218        1876.089    -725.611        1876.010    -725.733             218             218
   16        2047.466    1212.531        2047.676    1212.410              16              16
    5        1877.597   -1715.158        1877.609   -1715.274               5               5
  116        -458.450      76.530        -458.215      76.606             116             116
  192       -1120.410   -1511.477       -1120.428   -1511.383             192             192
  210       -1560.161    1356.440       -1559.979    1356.577             210             210
   57         629.766     343.887         629.817     343.876              57              57
  153          28.305     -66.792          28.364     -66.737             153             153
  218         217.060    -153.274         217.119    -153.254             218             218
  149         859.507    -474.788         859.617    -474.887             149             149
  196       -1670.447    1813.517       -1670.067    1813.780             196             196
  101       -2451.200   -1475.343       -2451.361   -1474.970             101             101
  168         442.739     477.196         442.767     477.174             168             168
  106        -212.043     722.094        -211.901     722.245             106             106
   82        -754.746    -832.229        -754.787    -831.971              82              82
  145        -519.522   -2327.234        -519.739   -2327.110             145             145
   50       -1498.828    -781.610       -1498.899    -781.451              50              50
  229       -1197.859   -1339.799       -1198.084   -1339.706             229             229
  100         185.201      65.614         185.135      65.530             100             100
  194         559.803      84.556         559.826      84.489             194             194
   21       -1356.702    -726.822       -1356.819    -726.660              21              21
  214        1752.891    -102.737        1752.880    -102.952             214             214
   28        -302.808   -1044.055        -302.817   -1044.044              28              28
  219       -1163.229     117.171       -1163.147     117.288             219             219
   75       -1547.611   -1958.671       -1547.897   -1958.585              75              75
  248         730.807    1494.708         730.947    1494.501             248             248
  181        -604.308     187.546        -604.286     187.611             181             181
  193         568.251     136.985         568.286     136.910             193             193
  207        -677.384    -570.625        -677.412    -570.577             207             207
   42        -322.924      36.089        -322.903      36.037              42              42
  162        -685.146    1416.459        -684.968    1416.514             162             162
  169           5.810     912.870           5.932     912.966             169             169
   59        -945.461   -1754.065        -945.696   -1753.919              59              59
  168         417.412     387.984         417.458     387.862             168             168
   30        -868.262     811.961        -868.145     812.108              30              30
  251          85.440   -2086.093          85.174   -2086.166             251             251
  122        -534.027    1807.197        -533.746    1807.160             122             122
   88       -1382.383    1017.659       -1382.254    1017.909              88              88
  149       -1135.330   -1266.741       -1135.589   -1266.583             149             149
   85        -313.565    1500.376        -313.505    1500.439              85              85
  238        1445.137   -1675.516        1444.897   -1675.686             238             238
   90       -1816.348      60.419       -1816.361      60.568              90              90
  186         386.571     487.404         386.536     487.296             186             186
  150        -124.014     545.710        -124.002     545.727             150             150
  196         240.409    -927.290         240.223    -927.371             196             196
   12         -50.144     239.327         -50.181     239.194              12              12
   39        1156.015    1270.890        1156.156    1270.622              39              39
  247        1185.545    2029.456        1185.937    2029.318             247             247
  242       -1408.148    -183.238       -1408.062    -182.996             242             242
  139       -1640.906    1088.081       -1640.841    1088.322             139             139
  185        1838.722     445.628        1838.762     445.419             185             185
    7       -1327.999     400.659       -1327.890     400.866               7               7
   98         290.149    1134.026         290.333    1134.043              98              98
  214       -1601.495     148.877       -1601.449     149.188             214             214
  227       -1951.308      40.487       -1951.473      40.806             227             227
  173        1777.501     221.334        1777.414     221.083             173             173
  207       -1092.722    1482.430       -1092.541    1482.660             207             207
  153        -207.710    -120.629        -207.863    -120.458             153             153
  111        1359.424   -1703.426        1359.139   -1703.667             111             111
  158        -630.468    1910.921        -630.171    1910.912             158             158
  195        -203.749    2144.272        -203.467    2144.407             195             195
   18         -89.979     776.586         -89.860     776.810              18              18
   72       -1590.947     171.958       -1590.977     172.406              72              72
  254        -137.571    -533.117        -137.742    -532.909             254             254
  186       -2032.854   -1653.579       -2033.256   -1653.243             186             186
  103       -1215.291    1374.068       -1215.449    1374.280             103             103
  250        1356.293    -179.379        1355.884    -179.438             250             250
   53        2397.732    -452.788        2397.455    -453.041              53              53
  192        1395.694    -689.780        1395.502    -689.935             192             192
  144        1288.731    -474.439        1288.597    -474.642             144             144
  138        1225.840     492.896        1225.889     492.704             138             138
  174         234.493    1502.128         234.641    1502.251             174             174
  234        2055.072   -1685.142        2054.723   -1685.289             234             234
   68        2701.928    -837.949        2701.899    -838.353              68              68
   69         487.130    -152.831         487.280    -152.901              69              69
  175        1394.010    -985.430        1394.084    -985.703             175             175
   81       -2253.977    1067.947       -2253.686    1068.241              81              81
  109         215.158    1249.314         215.305    1249.399             109             109
  166         169.035    -827.090         168.887    -826.965             166             166
   67         374.875   -1319.261         374.647   -1319.336              67              67
  249         945.384     844.815         945.557     844.621             249             249
   96         -85.496     595.873         -85.343     595.944              96              96
   75         398.747    1190.392         398.982    1190.532              75              75
   91         129.248   -2224.928         128.987   -2224.789              91              91
   55       -1976.355   -1040.207       -1976.585   -1039.946              55              55
   47        1219.214     705.641        1219.166     705.439              47              47
    9        1965.653    -822.499        1965.585    -822.780               9               9
    7       -1121.617    -341.887       -1121.624    -341.732               7               7
  200        1991.457     -63.389        1991.510     -63.742             200             200
  120        -896.208     -51.451        -896.078     -51.330             120             120
  166         296.597     342.118         296.757     342.069             166             166
  139       -2155.000      -0.390       -2155.000       0.000             139             139
  138         296.923    -342.018         296.760    -342.068             138             138
  238        -895.946      51.202        -896.078      51.327             238             238
  138        1991.565      64.112        1991.510      63.748             138             138
   69       -1121.634     341.567       -1121.625     341.729              69              69
   86        1965.511     823.080        1965.582     822.785              86              86
  133        1219.118    -705.224        1219.168    -705.437             133             133
  122       -1976.834    1039.660       -1976.590    1039.939             122             122
   23         128.702    2224.642         128.983    2224.790              23              23
   22         399.243   -1190.682         398.988   -1190.532              22              22
    4         -85.174    -596.020         -85.341    -595.944               4               4
  197         945.746    -844.405         945.557    -844.617             197             197
    0         374.392    1319.421         374.645    1319.337              -0               0
   72         168.718     826.830         168.883     826.966              72              72
   11         215.472   -1249.492         215.308   -1249.398              11              11
  175       -2253.355   -1068.579       -2253.683   -1068.247             175             175
  153        1394.165     986.013        1394.083     985.703             153             153
  120         487.454     152.983         487.282     152.902             120             120
   86        2701.863     838.828        2701.897     838.359              86              86
  221        2054.310    1685.468        2054.718    1685.295             221             221
  113         234.819   -1502.394         234.644   -1502.251             113             113
  183        1225.945    -492.473        1225.888    -492.701             183             183
   40        1288.433     474.883        1288.593     474.643              40              40
  205        1395.267     690.121        1395.498     689.937             205             205
  239        2397.120     453.350        2397.454     453.045             239             239
   87        1355.385     179.515        1355.883     179.442              87              87
  214       -1215.639   -1374.548       -1215.446   -1374.285             214             214
  246       -2033.761    1652.821       -2033.263    1653.238             246             246
   32        -137.959     532.647        -137.743     532.907              32              32
   79       -1591.015    -172.976       -1590.978    -172.412              79              79
  156         -89.709    -777.092         -89.860    -776.809             156             156
  172        -203.101   -2144.577        -203.461   -2144.406             172             172
  218        -629.785   -1910.899        -630.169   -1910.912             218             218
  139        1358.763    1703.985        1359.134    1703.670             139             139
   55        -208.062     120.233        -207.863     120.457              55              55
   31       -1092.298   -1482.968       -1092.538   -1482.663              31              31
  225        1777.299    -220.747        1777.415    -221.081             225             225
  188       -1951.695     -41.241       -1951.473     -40.811             188             188
  154       -1601.391    -149.617       -1601.451    -149.194             154             154
  248         290.587   -1134.066         290.336   -1134.042             248             248
  210       -1327.740    -401.153       -1327.890    -400.868             210             210
  158        1838.820    -445.122        1838.764    -445.414             158             158
  190       -1640.746   -1088.662       -1640.838   -1088.325             190             190
  211       -1407.943     182.656       -1408.063     182.995             211             211
  231        1186.498   -2029.121        1185.941   -2029.317             231             231
  202        1156.360   -1270.237        1156.158   -1270.619             202             202
  131         -50.235    -239.003         -50.181    -239.194             131             131
  128         239.952     927.490         240.221     927.373             128             128
   66        -123.986    -545.753        -124.002    -545.727              66              66
  218         386.482    -487.135         386.536    -487.295             218             218
   94       -1816.378     -60.796       -1816.360     -60.572              94              94
  180        1444.531    1675.946        1444.891    1675.690             180             180
  146        -313.413   -1500.534        -313.504   -1500.438             146             146
  134       -1135.991    1266.338       -1135.594    1266.580             134             134
  129       -1382.055   -1018.298       -1382.253   -1017.913             129             129
  129        -533.309   -1807.104        -533.744   -1807.162             129             129
  222          84.756    2086.279          85.171    2086.165             222             222
   87        -867.958    -812.342        -868.142    -812.109              87              87
  119         417.535    -387.668         417.461    -387.861             119             119
  254        -946.079    1753.683        -945.701    1753.916             254             254
  167           6.130    -913.122           5.935    -912.966             167             167
   20        -684.675   -1416.604        -684.964   -1416.515              20              20
  171        -322.867     -35.953        -322.902     -36.038             171             171
  129        -677.461     570.497        -677.415     570.577             129             129
  159         568.343    -136.784         568.285    -136.909             159             159
  226        -604.250    -187.722        -604.286    -187.612             226             226
  161         731.191   -1494.145         730.951   -1494.499             161             161
  129       -1548.395    1958.430       -1547.902    1958.580             129             129
  158       -1163.007    -117.494       -1163.147    -117.290             158             158
   59        -302.834    1044.023        -302.818    1044.043              59              59
  122        1752.858     103.335        1752.879     102.955             122             122
  113       -1357.029     726.370       -1356.821     726.656             113             113
  218         559.867     -84.369         559.825     -84.489             218             218
   57         185.019     -65.379         185.137     -65.530              57              57
   69       -1198.495    1339.535       -1198.086    1339.705              69              69
  193       -1499.032     781.155       -1498.900     781.447             193             193
    3        -520.146    2326.882        -519.743    2327.110               3               3
  200        -754.864     831.487        -754.788     831.968             200             200
   66        -211.632    -722.526        -211.899    -722.245              66              66
   70         442.823    -477.131         442.769    -477.173              70              70
  163       -2451.669    1474.252       -2451.362    1474.966             163             163
  160       -1669.324   -1814.296       -1670.061   -1813.784             160             160
  250         859.827     475.084         859.615     474.889             250             250
   53         217.237     153.215         217.120     153.254              53              53
   39          28.482      66.629          28.365      66.737              39              39
  123         629.920    -343.851         629.818    -343.874             123             123
  182       -1559.610   -1356.861       -1559.976   -1356.582             182             182
    5       -1120.469    1511.185       -1120.432    1511.379               5               5
  210        -457.733     -76.763        -458.214     -76.607             210             210
   46        1877.627    1715.519        1877.606    1715.278              46              46
    4        2048.120   -1212.149        2047.681   -1212.404               4               4
  122        1875.841     725.992        1876.009     725.736             122             122
   67        2355.318   -1633.904        2355.224   -1634.311              67              67
  175        -664.705     230.242        -664.286     230.421             175             175
  251       -1133.923    -503.232       -1133.865    -502.887             251             251
  226        -971.642    -644.857        -971.728    -644.620             226             226
  145       -1573.685     285.521       -1573.690     285.960             145             145
  157        -897.403   -2908.700        -898.286   -2908.699             157             157
  100        -370.465    3106.089        -370.017    3105.946             100             100
   48         229.712    1411.298         229.752    1411.478              48              48
  216        1903.638     352.744        1903.645     352.660             216             216
  222         -92.337    -834.414         -92.409    -834.028             222             222
  162       -1448.549   -2928.051       -1449.279   -2927.663             162             162
  178        -705.607     354.200        -705.788     354.282             178             178
   24         654.183    -663.504         653.779    -663.587              24              24
  231         258.590   -1818.972         257.984   -1819.111             231             231
  116         634.763   -1255.589         634.311   -1256.107             116             116
   27         586.214    2197.644         586.631    2197.251              27              27
  176         353.546    1098.471         353.718    1098.468             176             176
  182         244.368    -331.990         244.164    -331.982             182             182
   97        1003.744     659.714        1003.812     659.515              97              97
   83         761.517     298.286         761.611     298.239              83              83
   86        -359.813    -543.824        -359.985    -543.632              86              86
   91        1145.992    -790.803        1145.764    -791.131              91              91
  137         257.421     713.126         257.659     712.970             137             137
  126          31.498    1349.373          31.883    1349.453             126             126
  214        -718.979    1260.661        -718.699    1261.202             214             214
   64        -464.119   -1340.164        -464.614   -1339.650              64              64
  131         502.061   -1522.394         501.505   -1522.303             131             131
  169          10.626   -1880.155           9.955   -1880.108             169             169
  110        1525.652   -1860.171        1525.006   -1860.710             110             110
  136        1685.582     -53.134        1685.588     -53.738             136             136
   35         461.807    -520.168         461.746    -520.368              35              35
  178        1077.524   -1350.308        1077.230   -1350.782             178             178
   56        2040.469    -174.150        2040.697    -174.997              56              56
   31        -530.339    1137.739        -529.691    1137.646              31              31
  148        -405.703     367.893        -405.357     367.874             148             148
  202       -2166.235    1353.694       -2165.930    1354.215             202             202
  188        1856.829     818.257        1857.000     818.000             188             188
  249         267.575   -1347.887         267.534   -1347.791             249             249
  250       -1522.467   -1277.528       -1522.603   -1277.234             250             250
  149        -108.844       0.244        -108.718       0.165             149             149
  216       -2125.468   -1551.165       -2125.853   -1550.795             216             216
  157         605.719   -1127.146         605.439   -1127.749             157             157
   72       -2239.165     961.661       -2238.933     961.743              72              72
  240         285.369    1117.418         285.585    1116.993             240             240
  133       -2163.849     730.890       -2163.768     731.037             133             133
  188        -122.434    3400.460        -121.796    3400.230             188             188
   11        -686.794    3174.743        -686.157    3175.116              11              11
   53         140.634      24.503         140.550      24.664              53              53
  115       -2510.878    2106.228       -2510.599    2107.006             115             115
  109         541.033    1074.047         540.905    1074.168             109             109
  137        -966.747    1626.530        -966.733    1627.143             137             137
  201        1124.152     570.940        1123.825     571.175             201             201
  201        2026.984   -1870.670        2026.292   -1870.897             201             201
   18        1077.567     283.534        1077.671     283.352              18              18
   72          -1.038     282.834          -0.939     283.056              72              72
  160         714.271    -640.804         714.175    -640.804             160             160
   82       -1297.814     547.318       -1297.645     547.887              82              82
  204        -850.022    -792.558        -850.440    -792.023             204             204
   74        -204.166   -1283.031        -204.806   -1282.759              74              74
  193         780.350   -2604.895         779.457   -2605.204             193             193
   84        -855.791     488.030        -855.925     488.058              84              84
  110        1208.736    -712.503        1208.237    -712.932             110             110
  115         557.072     441.361         556.999     441.113             115             115
  141         854.330      39.076         854.158      38.871             141             141
  141        1274.051   -1058.364        1273.696   -1058.777             141             141
    8         655.137    -315.751         655.085    -316.155               8               8
   87         182.262     428.031         182.414     427.763              87              87
   74        -468.373     596.016        -468.280     595.997              74              74
    2         169.202     321.471         169.153     321.280               2               2
   82       -1242.197     904.787       -1242.347     904.965              82              82
  224        3256.327    1953.239        3256.552    1952.392             224             224
  218        1293.080     352.565        1293.273     352.383             218             218
  239         369.902     137.471         369.980     137.440             239             239
   40        1720.795     625.163        1721.105     624.739              40              40
  202        -705.017     621.302        -704.734     621.602             202             202
  117        1633.840     157.799        1634.001     157.447             117             117
  229        -509.947     492.055        -509.593     492.275             229             229
  214          72.960     381.846          73.196     381.919             214             214
  170        -804.980     367.434        -804.822     367.713             170             170
   88          58.333    1784.549          58.798    1784.764              88              88
   67         466.245     107.112         466.359     107.416              67              67
   52        -881.411   -1259.495        -881.730   -1259.000              52              52
   34        1386.689     233.988        1386.924     233.779              34              34
   13       -1615.545   -1140.842       -1615.568   -1140.231              13              13
   71       -1857.647    -489.883       -1857.755    -489.358              71              71
  106       -2114.246    1032.094       -2114.205    1032.903             106             106
  173        -762.302   -1964.769        -763.299   -1964.302             173             173
  154         800.594   -1886.816         799.768   -1887.145             154             154
   54         -68.710   -1332.822         -69.177   -1333.209              54              54
  248        -932.188    2092.318        -931.702    2092.384             248             248
   92       -2472.013    -849.037       -2472.762    -848.327              92              92
  138        1482.584    -610.436        1481.780    -611.136             138             138
  102        1580.856    1701.106        1581.124    1700.468             102             102
  208        -670.558     259.785        -670.721     259.946             208             208
   23        1386.305    1436.409        1386.439    1436.080              23              23
  244         550.691    -365.015         550.481    -365.050             244             244
  216        -485.657     256.886        -485.852     257.070             216             216
  111        2253.756    -492.056        2253.458    -492.731             111             111
   63         213.144     315.361         213.337     315.199              63              63
  218        -342.174     210.280        -342.092     210.276             218             218
  193       -1120.269     512.943       -1120.286     513.090             193             193
   31        -546.991    3100.195        -546.469    3100.536              31              31
  181         637.166    -561.984         636.632    -561.738             181             181
  177        -517.422   -1016.201        -518.173   -1015.917             177             177
   72        1452.585    -493.507        1451.896    -494.033              72              72
  127        2495.467    1655.514        2495.695    1654.884             127             127
   38        1978.757   -1503.274        1978.398   -1503.695              38              38
   45        -354.867    -993.480        -355.121    -993.579              45              45
   85         481.870     543.611         481.858     543.183              85              85
  209         677.826    1233.798         677.958    1233.488             209             209
  133        2274.617     454.622        2274.689     453.926             133             133
  153         951.876     683.370         952.234     683.035             153             153
    5         241.432    1450.765         241.943    1450.776               5               5
  167        1177.735     491.547        1177.991     491.417             167             167
  167         183.667    -603.213         183.697    -603.209             167             167
   77       -1009.619    1066.677       -1009.318    1066.997              77              77
   17        1596.887     353.206        1597.023     352.864              17              17
   85        -670.712     -43.380        -670.556     -43.103              85              85
  231        -847.077     462.583        -847.026     462.875             231             231
   71         693.849     664.520         693.944     664.427              71              71
   77         827.538      26.349         827.747      26.241              77              77
   67       -2878.472    -117.644       -2878.545    -116.696              67              67
  210        -594.745     242.850        -595.198     243.109             210             210
  179        1482.396   -1310.351        1481.601   -1310.956             179             179
   19        1447.021    1510.270        1447.456    1509.577              19              19
  234        -944.065    1198.789        -943.822    1199.045             234             234
  167        2172.436    2172.559        2173.044    2172.142             167             167
  236        -490.542    -721.641        -490.628    -721.223             236             236
   89        -371.768     842.129        -371.579     842.361              89              89
  231         433.724     524.300         433.814     524.424             231             231
  199         255.204    -541.606         255.078    -541.481             199             199
   27         -16.164    -599.235         -16.206    -599.242              27              27
    6       -1105.678     664.090       -1105.294     664.407               6               6
  124       -3452.236      88.574       -3452.488      89.699             124             124
  205        -749.835    -162.396        -750.599    -162.201             205             205
   78         796.172    -847.097         795.350    -847.736              78              78
  251         416.434    3551.961         417.221    3551.572             251             251
  243        -932.515    2108.448        -932.340    2109.006             243             243
  123        1867.922    1822.819        1868.091    1822.745             123             123
   81        -902.651    -781.688        -903.274    -780.964              81              81
  197        1894.192    -302.039        1893.724    -302.558             197             197
    0        -479.677    1050.239        -479.654    1050.426               0              -0
  235        1816.179    1715.360        1816.431    1715.055             235             235
  203         454.694     574.334         454.814     574.632             203             203
  168          78.247    -308.076          78.100    -307.786             168             168
  146       -1535.854     678.735       -1535.896     679.493             146             146
   24       -1018.771     210.279       -1019.379     210.950              24              24
  185        1281.473    -314.274        1280.647    -314.422             185             185
  231        2639.885     162.012        2639.709     161.352             231             231
  255        -696.141     251.610        -696.125     252.060             255             255
    1        -586.206    -181.640        -586.639    -181.270               1               1
   52         259.307     104.403         258.931     104.383              52              52
   67        -759.345    1250.269        -759.392    1250.652              67              67
  211        -726.675    1500.992        -726.856    1501.658             211             211
  232        -195.709      16.140        -196.529      16.766             232             232
   87         873.280    -357.395         872.440    -357.177              87              87
  190       -1501.550   -1632.935       -1502.995   -1632.209             190             190
  144        1428.505     588.201        1427.725     587.887             144             144
   67       -2496.150    -599.751       -2497.600    -598.682              67              67
   24        1117.115    -637.708        1115.217    -638.016              24              24
  119        -846.887     860.340        -848.622     860.728             119             119
   10        2065.511     131.226        2063.020     130.803              10              10
   52         557.935    -133.365         554.506    -133.331              52              52
  125        -715.042     302.591        -722.066     303.055             125             125
