SINAL     NFT                         FFT                         NFT INVERSA     FFT INVERSA
-----     -----------------------     -----------------------     -----------     -----------
  215       62740.000       0.000       62740.000       0.000             215             215
   39         558.157    1415.431         558.171    1415.431              39              39
   21         603.389     229.561         603.402     229.562              21              21
   64          41.533   -2417.908          41.543   -2417.908              64              64
  133         801.122     565.206         801.136     565.201             133             133
   72        1287.306    2007.031        1287.326    2007.027              72              72
   45        1692.316      10.666        1692.337      10.663              45              45
  238       -2788.019    -864.115       -2788.002    -864.106             238             238
  225        -782.485    1506.559        -782.461    1506.562             225             225
  239       -3424.563     559.821       -3424.548     559.842             239             239
   58        -372.845   -1083.485        -372.847   -1083.482              58              58
  120       -1085.809     156.169       -1085.806     156.173             120             120
   68        2265.660     736.361        2265.670     736.344              68              68
   40         371.363    -439.091         371.373    -439.098              40              40
  234         909.864    2167.888         909.897    2167.881             234             234
   96        -890.937      86.070        -890.924      86.085              96              96
  105        2668.358     705.379        2668.384     705.358             105             105
   44       -1956.026    -583.717       -1956.008    -583.690              44              44
    8        -483.821    -359.579        -483.815    -359.573               8               8
   48        -200.302     335.638        -200.289     335.639              48              48
  172         -33.083    1820.623         -33.058    1820.634             172             172
  183        2634.687    -661.687        2634.691    -661.700             183             183
  150        1930.477   -2269.769        1930.485   -2269.790             150             150
   90       -1279.243      27.797       -1279.199      27.812              90              90
  221       -1882.578   -1172.549       -1882.570   -1172.523             221             221
   54        -837.077    -790.272        -837.071    -790.270              54              54
  148        -780.157    -172.215        -780.143    -172.215             148             148
  196       -1163.643    -642.506       -1163.638    -642.506             196             196
  212       -1063.402     579.517       -1063.384     579.506             212             212
  211          19.044    2453.892          19.103    2453.878             211             211
  251       -3152.468    1193.614       -3152.447    1193.674             251             251
  172         891.556    1744.646         891.574    1744.643             172             172
  251        1109.542     178.127        1109.561     178.126             251             251
   17       -1638.794    -982.287       -1638.804    -982.247              17              17
  237         985.420     -86.586         985.426     -86.623             237             237
  129        -349.192    2599.352        -349.110    2599.360             129             129
   89       -1083.663    1022.431       -1083.622    1022.487              89              89
   27       -1087.409    -927.636       -1087.422    -927.589              27              27
  111       -1178.132     601.548       -1178.122     601.595             111             111
   58         277.144   -1694.748         277.104   -1694.746              58              58
   11       -1261.479     171.891       -1261.474     171.916              11              11
  170         539.919    -713.427         539.906    -713.456             170             170
  178       -1819.124    2192.755       -1819.062    2192.800             178             178
   79        -786.755     352.781        -786.760     352.826              79              79
  210       -1845.364    -435.373       -1845.413    -435.309             210             210
  156         815.583     606.660         815.549     606.652             156             156
  175        1311.663   -1334.843        1311.598   -1334.875             175             175
   60        1008.836     617.170        1008.838     617.138              60              60
  201        2283.785   -1232.616        2283.756   -1232.699             201             201
  184        -336.824     920.640        -336.777     920.623             184             184
  109         612.715    1671.347         612.766    1671.327             109             109
  117        2001.165     555.217        2001.208     555.166             117             117
  112          66.152     497.829          66.217     497.834             112             112
    3        -542.461    1095.720        -542.385    1095.752               3               3
  208       -1083.303     829.196       -1083.250     829.263             208             208
   77       -1652.875      69.881       -1652.882      69.969              77              77
   58        1115.648    -262.042        1115.635    -262.067              58              58
  100       -1028.452    1113.938       -1028.396    1113.993             100             100
   17        -671.250     665.457        -671.232     665.523              17              17
   15         -20.175     566.999         -20.152     567.064              15              15
   56       -1787.577   -1960.150       -1787.662   -1960.033              56              56
   13       -1464.639   -1938.920       -1464.779   -1938.878              13              13
  187        1721.886     741.156        1721.855     741.062             187             187
   51         967.946    1544.414         967.992    1544.401              51              51
   30         255.982   -1055.180         255.930   -1055.160              30              30
  169        -654.680     432.163        -654.698     432.209             169             169
  180        1607.111    -624.939        1607.045    -624.984             180             180
  119         661.006    -608.556         660.961    -608.585             119             119
  196        1745.849     505.571        1745.869     505.495             196             196
   36         376.284     375.581         376.316     375.581              36              36
  178        -989.899     245.119        -989.929     245.188             178             178
  207        3500.587     691.433        3500.598     691.321             207             207
  206        -125.068    -982.058        -125.106    -982.006             206             206
  100        3440.347    -279.392        3440.370    -279.520             100             100
   30       -1356.555    -710.790       -1356.544    -710.686              30              30
  160        1216.978   -1534.394        1216.901   -1534.433             160             160
    1        1931.125    -844.031        1931.129    -844.123               1               1
  206        -693.490   -1911.562        -693.546   -1911.555             206             206
  220        1555.866    -502.444        1555.861    -502.588             220             220
  202        1796.308    1656.369        1796.471    1656.254             202             202
  134        -979.147    -294.473        -979.077    -294.411             134             134
   74        -188.017    -389.054        -187.982    -389.052              74              74
   64       -1095.641    -340.385       -1095.626    -340.353              64              64
  247          38.663     186.953          38.689     186.910             247             247
   77         -97.571    1955.100         -97.439    1955.109              77              77
   17         251.817     -66.164         251.851     -66.139              17              17
   68         -45.173     285.367         -45.094     285.409              68              68
  135       -1947.598   -1007.493       -1947.614   -1007.351             135             135
  117       -1757.228   -1703.961       -1757.357   -1703.882             117             117
   86         547.791    -476.021         547.725    -476.121              86              86
  150        -139.645     952.669        -139.603     952.620             150             150
  173         323.381     942.716         323.429     942.670             173             173
   99         -41.955    1730.858         -41.852    1730.878              99              99
   82         325.778     120.622         325.790     120.650              82              82
  225         606.521    -462.593         606.540    -462.610             225             225
  129       -2336.531     173.226       -2336.509     173.374             129             129
  251         -58.877    -817.748         -58.963    -817.765             251             251
  149       -1383.261    1183.959       -1383.247    1184.024             149             149
  249        1075.382     690.169        1075.355     690.124             249             249
  191         648.023    -168.546         647.989    -168.568             191             191
  186         300.281     497.119         300.297     497.120             186             186
  171          80.577    -839.717          80.497    -839.720             171             171
  143          26.957    1061.635          26.972    1061.645             143             143
  136        1695.588   -2066.091        1695.409   -2066.228             136             136
   16        1784.334    1615.415        1784.465    1615.233              16              16
  174         780.983     947.050         781.110     947.000             174             174
   40       -1008.781     522.827       -1008.731     522.906              40              40
   18        1178.175    1054.691        1178.230    1054.645              18              18
  124        1672.614    -787.863        1672.625    -787.956             124             124
    5       -1701.288    -105.088       -1701.257    -105.001               5               5
  220         757.043     675.631         757.070     675.534             220             220
    3         976.390    2051.575         976.560    2051.518               3               3
   79         595.701    -411.419         595.731    -411.447              79              79
   29        -182.273    1642.594        -182.086    1642.600              29              29
  250        -892.157    1683.860        -891.998    1683.982             250             250
  157        -665.795     855.708        -665.740     855.855             157             157
   46         -58.902    -835.801         -58.992    -835.745              46              46
   63        1135.996    1535.918        1136.121    1535.881              63              63
   37         643.174    -128.735         643.252    -128.695              37              37
  164       -2574.529    -657.414       -2574.544    -657.182             164             164
  149        -939.902     517.513        -939.944     517.599             149             149
  188        1295.967     938.939        1295.994     938.889             188             188
   82        -121.866      70.323        -121.851      70.389              82              82
  248       -1409.631    1337.872       -1409.599    1338.070             248             248
   14        2774.223    -613.086        2774.140    -613.199              14              14
   51        -280.770    -406.249        -280.745    -406.165              51              51
  122        -488.813     592.515        -488.751     592.649             122             122
   10       -1023.743   -2193.788       -1023.957   -2193.651              10              10
  201        -359.886    -170.006        -360.000    -170.000             201             201
  116        1181.151     807.008        1181.124     806.926             116             116
  202        2020.370     623.993        2020.418     623.911             202             202
  131        -309.484   -1560.709        -309.607   -1560.621             131             131
   31         820.959    -518.450         820.885    -518.535              31              31
   89         983.380     415.173         983.409     415.081              89              89
   11        1095.290     580.104        1095.364     580.035              11              11
   48         801.384    1194.185         801.549    1194.213              48              48
    7        -938.004    -947.803        -938.081    -947.592               7               7
   52        1839.659   -2041.885        1839.491   -2042.020              52              52
   66        -266.451      -5.025        -266.389      -5.015              66              66
  131        -450.288    -896.681        -450.368    -896.659             131             131
   57         770.981     786.285         771.055     786.213              57              57
   31        -736.245    -516.593        -736.308    -516.495              31              31
  135         652.863    -761.994         652.728    -762.066             135             135
  137        1881.978    -615.164        1881.927    -615.413             137             137
   60         561.848    1359.483         562.045    1359.366              60              60
  129        -839.568    1399.990        -839.437    1400.089             129             129
   38        1208.074     792.013        1208.112     791.969              38              38
  107        1142.902    -282.896        1142.885    -282.966             107             107
  192        1499.103    1671.530        1499.316    1671.443             192             192
   75        1590.134     828.799        1590.353     828.802              75              75
   16       -1398.444   -1082.093       -1398.451   -1081.818              16              16
   86         771.618    -303.908         771.615    -303.876              86              86
    7        1333.468   -2169.288        1333.375   -2169.379               7               7
   98       -1064.372    -188.510       -1064.268    -188.435              98              98
   79         213.778     365.978         213.916     365.985              79              79
   22       -1693.987   -1068.667       -1694.012   -1068.485              22              22
  149       -1673.985     792.296       -1673.951     792.493             149             149
  202         171.029   -1693.285         170.760   -1693.297             202             202
   33        1573.240     974.358        1573.328     974.189              33              33
   94        -181.748   -1291.194        -181.867   -1291.184              94              94
   62        2721.373     677.239        2721.559     676.897              62              62
  235       -2046.231    1392.286       -2045.944    1392.540             235             235
  226         211.540    -434.243         211.551    -434.202             226             226
   94        -799.455     459.678        -799.316     459.809              94              94
   68       -2023.811     269.931       -2023.787     270.253              68              68
  237        -362.004   -2582.066        -362.376   -2582.039             237             237
  142        2297.925    2158.875        2298.219    2158.610             142             142
   76       -2914.511    -716.366       -2914.512    -715.962              76              76
   34        -825.286   -1298.823        -825.503   -1298.756              34              34
  209       -1482.938     883.988       -1483.000     884.112             209             209
  208        1982.317     209.311        1982.201     209.106             208             208
   92        1402.217     187.236        1402.262     187.069              92              92
  240        -257.019    2627.607        -256.681    2627.765             240             240
   87        -370.003   -2308.445        -370.272   -2308.261              87              87
  229         176.635     -43.693         176.598     -43.688             229             229
   45           0.112    -727.891          -0.003    -727.865              45              45
  217         424.051      33.808         424.026      33.785             217             217
   12        -393.974   -1234.562        -394.180   -1234.533              12              12
  153        1498.353     628.389        1498.372     628.180             153             153
  154          62.441      -4.015          62.394      -4.016             154             154
   87        2777.058     849.141        2777.170     848.889              87              87
  169        1445.421   -2820.266        1445.272   -2820.480             169             169
  240        -890.352    2018.127        -889.969    2018.125             240             240
   95          46.894     440.660          47.018     440.674              95              95
   11         563.275     147.399         563.421     147.305              11              11
   64       -1060.519    2397.743       -1060.076    2397.920              64              64
  118       -3001.019     888.951       -3000.942     889.511             118             118
  160         478.101   -1128.139         477.848   -1128.038             160             160
   10        -286.208    -996.027        -286.405    -995.967              10              10
  151        1191.748    1374.289        1191.883    1374.226             151             151
  255        -541.699   -1307.684        -541.897   -1307.499             255             255
   72        2091.354    -467.620        2091.289    -467.823              72              72
  130        1424.094   -1642.945        1424.071   -1643.159             130             130
  226       -1675.741    1284.297       -1675.424    1284.478             226             226
  167        -794.183    -511.504        -794.210    -511.373             167             167
  199       -1222.592     194.896       -1222.604     195.028             199             199
  208         828.454    1999.771         828.686    1999.775             208             208
   54        -146.649   -1186.297        -146.743   -1186.117              54              54
   20       -1050.372    -127.934       -1050.387    -127.684              20              20
  242         204.388   -1888.405         204.118   -1888.363             242             242
    7         412.277   -1120.577         412.180   -1120.674               7               7
  228        -224.498    -773.156        -224.472    -773.228             228             228
   78       -2784.318     444.764       -2784.240     445.020              78              78
  247       -1109.275    1940.006       -1109.147    1940.205             247             247
   59        -980.586   -1572.034        -980.965   -1571.838              59              59
   52         555.128      20.323         554.977      20.206              52              52
   37         373.338     -99.052         373.265     -99.154              37              37
   21       -1152.335    1355.103       -1152.255    1355.260              21              21
   64        -242.137     295.100        -242.308     295.215              64              64
  190        1941.293     199.377        1941.214     199.211             190             190
  175       -1507.877    -739.324       -1508.121    -739.046             175             175
  152        2313.943    -701.380        2313.653    -701.702             152             152
  103        1872.522     219.648        1872.541     219.372             103             103
  160         969.631     285.109         969.744     285.002             160             160
  248        -850.570     221.086        -850.551     221.290             248             248
  114        1030.854   -1964.684        1030.506   -1964.842             114             114
  224        1000.535     422.537        1000.597     422.291             224             224
  110          51.801    -208.675          51.763    -208.796             110             110
   19         855.312    2407.039         855.619    2406.896              19              19
  234         933.291     358.629         933.348     358.599             234             234
    6        1271.839     429.341        1271.986     429.248               6               6
   19        -191.869    -454.550        -191.810    -454.488              19              19
   51       -1724.929    1297.113       -1724.782    1297.409              51              51
  137         135.742     191.276         135.556     191.373             137             137
  245        3583.739     805.137        3583.844     804.788             245             245
  219         -65.950   -1877.437         -66.073   -1877.325             219             219
   81        -395.963     336.575        -395.904     336.638              81              81
  198        1575.483      54.016        1575.530      53.842             198             198
   17        -393.476     562.217        -393.320     562.402              17              17
  101         619.358   -1046.597         619.235   -1046.532             101             101
  184         213.707   -2993.179         213.323   -2993.312             184             184
   24        -237.944    1310.291        -237.735    1310.105              24              24
   73        1041.043    2880.561        1041.513    2880.482              73              73
    7         284.687    -568.843         284.715    -568.691               7               7
   16        -905.214     125.117        -905.153     125.403              16              16
  133         506.388   -1873.525         506.104   -1873.561             133             133
   59         150.817     700.845         150.976     700.800              59              59
   53        -384.048     100.006        -384.001     100.133              53              53
  154        -531.432      35.417        -531.491      35.583             154             154
  123        1914.965    -199.876        1914.970    -200.078             123             123
  244       -1304.601    -132.424       -1304.560    -132.109             244             244
   73         550.118    -555.637         550.005    -555.569              73              73
   20         119.791   -2550.316         119.416   -2550.304              20              20
   91        -397.798   -1649.342        -398.091   -1649.481              91              91
  233        1185.502    1289.158        1185.697    1288.811             233             233
   12         288.750     152.302         288.847     152.233              12              12
  206        -263.129     125.718        -263.087     125.742             206             206
  202        1057.621     125.983        1057.689     125.832             202             202
  123         557.446   -1905.939         557.320   -1906.178             123             123
  226       -1813.835    2210.863       -1813.383    2210.984             226             226
  181        -188.581     795.380        -188.469     795.411             181             181
  130        -883.395     500.248        -883.365     500.368             130             130
  246         570.968    1243.833         571.122    1243.719             246             246
  233        -398.764    1703.748        -398.501    1703.882             233             233
   11        -127.457    1801.422        -127.238    1801.650              11              11
  236         917.135     628.140         917.208     628.287             236             236
  196        -108.000      -0.324        -108.000       0.000             196             196
   92         917.288    -628.431         917.212    -628.285              92              92
  178        -127.008   -1801.883        -127.234   -1801.651             178             178
  213        -398.227   -1704.019        -398.498   -1703.883             213             213
  194         571.287   -1243.603         571.125   -1243.720             194             194
  106        -883.332    -500.497        -883.364    -500.370             106             106
  238        -188.350    -795.446        -188.468    -795.412             238             238
   11       -1812.899   -2211.118       -1813.378   -2210.988              11              11
  114         557.180    1906.434         557.317    1906.179             114             114
  254        1057.763    -125.661        1057.690    -125.826             254             254
  145        -263.041    -125.767        -263.086    -125.741             145             145
  173         288.954    -152.155         288.848    -152.230             173             173
   52        1185.916   -1288.430        1185.700   -1288.811              52              52
   43        -398.420    1649.634        -398.094    1649.481              43              43
   41         118.990    2550.290         119.410    2550.303              41              41
   41         549.878     555.494         550.004     555.571              41              41
  117       -1304.512     131.747       -1304.559     132.106             117             117
   62        1914.974     200.317        1914.969     200.083              62              62
  132        -531.558     -35.776        -531.491     -35.584             132             132
   95        -383.948    -100.280        -384.002    -100.132              95              95
   74         151.166    -700.749         150.978    -700.801              74              74
   83         505.762    1873.602         506.099    1873.560              83              83
   41        -905.082    -125.746        -905.154    -125.406              41              41
  198         284.746     568.510         284.713     568.693             198             198
   53        1042.084   -2880.383        1041.516   -2880.479              53              53
  222        -237.475   -1309.879        -237.731   -1310.105             222             222
   72         212.843    2993.473         213.316    2993.311              72              72
   43         619.082    1046.456         619.233    1046.536              43              43
  200        -393.124    -562.633        -393.319    -562.404             200             200
   83        1575.591     -53.618        1575.531     -53.838              83              83
   23        -395.829    -336.719        -395.903    -336.641              23              23
  140         -66.233    1877.183         -66.079    1877.325             140             140
  176        3583.980    -804.335        3583.845    -804.786             176             176
  202         135.317    -191.497         135.557    -191.371             202             202
   98       -1724.585   -1297.804       -1724.779   -1297.414              98              98
  114        -191.731     454.408        -191.810     454.488             114             114
   53        1272.182    -429.120        1271.987    -429.245              53              53
   80         933.424    -358.554         933.348    -358.596              80              80
  126         856.040   -2406.700         855.624   -2406.894             126             126
  167          51.710     208.961          51.762     208.796             167             167
   79        1000.681    -421.949        1000.597    -422.288              79              79
   15        1030.016    1965.066        1030.501    1964.846              15              15
   85        -850.522    -221.575        -850.550    -221.292              85              85
  132         969.904    -284.848         969.745    -285.000             132             132
   59        1872.568    -218.976        1872.541    -219.369              59              59
  127        2313.235     702.166        2313.650     701.707             127             127
  173       -1508.473     738.639       -1508.123     739.041             173             173
  176        1941.098    -198.968        1941.212    -199.208             176             176
  189        -242.559    -295.386        -242.308    -295.217             189             189
   49       -1152.133   -1355.497       -1152.252   -1355.264              49              49
   15         373.157      99.308         373.265      99.155              15              15
    8         554.752     -20.030         554.977     -20.204               8               8
  133        -981.542    1571.537        -980.969    1571.834             133             133
   57       -1108.946   -1940.509       -1109.143   -1940.207              57              57
  206       -2784.118    -445.417       -2784.238    -445.025             206             206
  187        -224.434     773.339        -224.475     773.228             187             187
   23         412.027    1120.827         412.177    1120.676              23              23
   22         203.688    1888.299         204.114    1888.363              22              22
  230       -1050.409     127.285       -1050.385     127.681             230             230
  224        -146.896    1185.827        -146.746    1186.116             224             224
  106         829.061   -1999.780         828.689   -1999.774             106             106
  254       -1222.625    -195.248       -1222.604    -195.032             254             254
  108        -794.254     511.158        -794.209     511.370             108             108
   27       -1674.896   -1284.780       -1675.421   -1284.484              27              27
  200        1424.031    1643.518        1424.070    1643.160             200             200
  206        2091.180     468.178        2091.289     467.829             206             206
  142        -542.237    1307.180        -541.899    1307.496             142             142
  253        1192.119   -1374.109        1191.886   -1374.221             253             253
   31        -286.747     995.859        -286.406     995.965              31              31
   13         477.401    1127.867         477.844    1128.040              13              13
  165       -3000.801    -890.502       -3000.938    -889.518             165             165
  110       -1059.286   -2398.237       -1060.071   -2397.922             110             110
   29         563.681    -147.135         563.420    -147.304              29              29
  250          47.240    -440.696          47.017    -440.673             250             250
  242        -889.263   -2018.124        -889.962   -2018.127             242             242
   88        1444.986    2820.878        1445.264    2820.485              88              88
  121        2777.375    -848.417        2777.170    -848.885             121             121
  160          62.303       4.016          62.392       4.015             160             160
    8        1498.410    -627.787        1498.376    -628.179               8               8
   55        -394.576    1234.475        -394.185    1234.531              55              55
  210         423.980     -33.740         424.027     -33.784             210             210
   23          -0.230     727.814          -0.006     727.865              23              23
   63         176.530      43.680         176.600      43.689              63              63
   87        -370.812    2307.899        -370.280    2308.260              87              87
   80        -256.003   -2628.077        -256.676   -2627.766              80              80
   14        1402.348    -186.733        1402.261    -187.067              14              14
   18        1981.970    -208.687        1982.202    -209.101              18              18
  104       -1483.124    -884.366       -1482.999    -884.115             104             104
   37        -825.953    1298.617        -825.507    1298.756              37              37
  249       -2914.518     715.116       -2914.513     715.955             249             249
   72        2298.842   -2158.051        2298.225   -2158.605              72              72
  143        -363.165    2581.980        -362.382    2582.037             143             143
  248       -2023.735    -270.943       -2023.787    -270.258             248             248
  181        -799.017    -460.094        -799.315    -459.812             181             181
  171         211.576     434.113         211.552     434.202             171             171
  192       -2045.316   -1393.096       -2045.940   -1392.545             192             192
  132        2721.966    -676.144        2721.558    -676.896             132             132
   57        -182.138    1291.164        -181.870    1291.185              57              57
  190        1573.531    -973.802        1573.331    -974.185             190             190
  163         170.145    1693.323         170.756    1693.296             163             163
   71       -1673.866    -792.950       -1673.948    -792.496              71              71
   99       -1694.077    1068.056       -1694.016    1068.480              99              99
   18         214.237    -365.997         213.916    -365.983              18              18
  100       -1064.022     188.254       -1064.266     188.432             100             100
   93        1333.148    2169.598        1333.371    2169.381              93              93
    5         771.609     303.802         771.616     303.877               5               5
  188       -1398.471    1081.154       -1398.452    1081.817             188             188
  215        1590.891    -828.805        1590.356    -828.800             215             215
  165        1499.843   -1671.228        1499.319   -1671.441             165             165
  196        1142.842     283.147        1142.884     282.969             196             196
   15        1208.211    -791.855        1208.115    -791.967              15              15
  119        -839.098   -1400.343        -839.432   -1400.091             119             119
  220         562.551   -1359.067         562.047   -1359.366             220             220
   78        1881.792     616.063        1881.925     615.417              78              78
  207         652.377     762.257         652.727     762.067             207             207
   45        -736.476     516.232        -736.309     516.493              45              45
   92         771.257    -786.018         771.058    -786.211              92              92
  225        -450.587     896.596        -450.370     896.657             225             225
  150        -266.221       4.986        -266.388       5.015             150             150
  130        1839.024    2042.395        1839.486    2042.025             130             130
  219        -938.296     947.005        -938.083     947.590             219             219
  223         802.013   -1194.291         801.553   -1194.212             223             223
   17        1095.574    -579.838        1095.366    -580.033              17              17
  211         983.493    -414.817         983.411    -415.080             211             211
  148         820.670     518.777         820.884     518.536             148             148
  189        -309.972    1560.366        -309.611    1560.620             189             189
  147        2020.559    -623.666        2020.420    -623.907             147             147
   25        1181.043    -806.682        1181.125    -806.924              25              25
  247        -360.341     169.983        -360.000     170.000             247             247
   82       -1024.630    2193.219       -1023.964    2193.646              82              82
  188        -488.556    -593.065        -488.749    -592.651             188             188
   62        -280.675     405.902        -280.748     406.163              62              62
  181        2773.881     613.570        2774.139     613.204             181             181
  206       -1409.485   -1338.710       -1409.595   -1338.076             206             206
  162        -121.800     -70.598        -121.851     -70.389             162             162
   19        1296.088    -938.715        1295.996    -938.885              19              19
  211        -940.081    -517.884        -939.944    -517.601             211             211
   95       -2574.604     656.393       -2574.547     657.174              95              95
  235         643.514     128.567         643.252     128.696             235             235
  121        1136.549   -1535.755        1136.124   -1535.880             121             121
   36         -59.308     835.548         -58.995     835.743              36              36
  250        -665.540    -856.372        -665.736    -855.859             250             250
  241        -891.430   -1684.416        -891.994   -1683.985             241             241
    0        -181.415   -1642.625        -182.082   -1642.601              -0               0
   72         595.840     411.550         595.732     411.448              72              72
  192         977.193   -2051.307         976.566   -2051.516             192             192
   46         757.175    -675.172         757.072    -675.532              46              46
  165       -1701.143     104.667       -1701.257     104.997             165             165
  161        1672.660     788.312        1672.623     787.959             161             161
  196        1178.452   -1054.466        1178.235   -1054.643             196             196
   39       -1008.538    -523.214       -1008.730    -522.908              39              39
  125         781.605    -946.798         781.112    -946.997             125             125
  164        1784.979   -1614.512        1784.465   -1615.230             164             164
   57        1694.679    2066.791        1695.404    2066.234              57              57
   80          27.036   -1061.687          26.974   -1061.645              80              80
   57          80.165     839.733          80.493     839.720              57              57
  247         300.365    -497.124         300.298    -497.120             247             247
  228         647.840     168.664         647.987     168.569             228             228
   82        1075.248    -689.928        1075.358    -690.121              82              82
  238       -1383.179   -1184.306       -1383.244   -1184.026             238             238
   54         -59.341     817.830         -58.964     817.763              54              54
   14       -2336.410    -174.050       -2336.509    -173.381              14              14
   45         606.623     462.693         606.539     462.612              45              45
  235         325.849    -120.772         325.792    -120.649             235             235
  221         -41.375   -1730.969         -41.850   -1730.878             221             221
  208         323.659    -942.448         323.431    -942.668             208             208
  255        -139.399    -952.388        -139.601    -952.619             255             255
  177         547.408     476.602         547.723     476.124             177             177
   47       -1757.992    1703.494       -1757.361    1703.880              47              47
  234       -1947.699    1006.635       -1947.616    1007.345             234             234
   43         -44.698    -285.614         -45.093    -285.408              43              43
   83         252.020      66.014         251.851      66.139              83              83
  228         -96.762   -1955.152         -97.436   -1955.109             228             228
   28          38.829    -186.691          38.690    -186.910              28              28
   84       -1095.546     340.178       -1095.626     340.351              84              84
   45        -187.801     389.040        -187.983     389.052              45              45
  220        -978.698     294.070        -979.076     294.409             220             220
  130        1797.394   -1655.603        1796.477   -1656.248             130             130
  211        1555.827     503.404        1555.860     502.591             211             211
  126        -693.881    1911.510        -693.550    1911.553             126             126
   71        1931.144     844.660        1931.127     844.126              71              71
  251        1216.438    1534.673        1216.897    1534.436             251             251
  251       -1356.482     710.065       -1356.545     710.684             251             251
  235        3440.504     280.313        3440.368     279.529             235             235
   53        -125.342     981.685        -125.108     982.005              53              53
   75        3500.673    -690.594        3500.600    -691.312              75              75
   37        -990.108    -245.627        -989.927    -245.189              37              37
   44         376.519    -375.583         376.315    -375.582              44              44
   47        1745.992    -504.987        1745.868    -505.491              47              47
  119         660.647     608.777         660.958     608.586             119             119
   27        1606.601     625.298        1607.045     624.988              27              27
  102        -654.822    -432.525        -654.699    -432.211             102             102
  134         255.568    1055.019         255.929    1055.159             134             134
   72         968.337   -1544.292         967.995   -1544.398              72              72
   82        1721.640    -740.361        1721.856    -741.059              82              82
  100       -1465.842    1938.536       -1464.785    1938.873             100             100
   24       -1788.336    1959.128       -1787.667    1960.028              24              24
   81         -19.975    -567.559         -20.152    -567.064              81              81
   21        -671.085    -666.043        -671.231    -665.524              21              21
   71       -1027.954   -1114.446       -1028.396   -1113.996              71              71
   59        1115.532     262.282        1115.634     262.068              59              59
   64       -1652.940     -70.727       -1652.882     -69.974              64              64
  155       -1082.789    -829.843       -1083.248    -829.264             155             155
   32        -541.712   -1096.042        -542.381   -1095.755              32              32
   92          66.797    -497.887          66.217    -497.835              92              92
  239        2001.601    -554.687        2001.209    -555.162             239             239
   77         613.255   -1671.130         612.770   -1671.325              77              77
   57        -336.330    -920.457        -336.775    -920.622              57              57
  114        2283.476    1233.511        2283.756    1232.701             114             114
   33        1008.854    -616.804        1008.837    -617.135              33              33
  183        1310.900    1335.221        1311.593    1334.879             183             183
  185         815.208    -606.560         815.551    -606.651             185             185
   28       -1845.947     434.604       -1845.414     435.304              28              28
  178        -786.809    -353.327        -786.760    -352.829             178             178
  165       -1818.345   -2193.317       -1819.058   -2192.803             165             165
   82         539.731     713.806         539.900     713.459              82              82
  254       -1261.426    -172.224       -1261.476    -171.919             254             254
  202         276.577    1694.722         277.098    1694.747             202             202
  126       -1177.988    -602.192       -1178.120    -601.597             126             126
   46       -1087.610     926.964       -1087.425     927.584              46              46
   66       -1083.066   -1023.241       -1083.620   -1022.489              66              66
  153        -347.972   -2599.479        -349.105   -2599.361             153             153
  148         985.503      87.155         985.425      86.627             148             148
  200       -1638.954     981.654       -1638.807     982.244             200             200
  226        1109.836    -178.105        1109.561    -178.127             226             226
  230         891.892   -1744.566         891.577   -1744.640             230             230
   44       -3152.078   -1194.709       -3152.444   -1193.681              44              44
  251          20.155   -2453.643          19.110   -2453.878             251             251
   56       -1063.041    -579.351       -1063.381    -579.508              56              56
   66       -1163.562     642.499       -1163.641     642.505              66              66
   66        -779.855     172.223        -780.143     172.216              66              66
  115        -836.989     790.223        -837.074     790.268             115             115
  131       -1882.412    1171.965       -1882.570    1172.519             131             131
  222       -1278.262     -28.156       -1279.199     -27.815             222             222
  147        1930.630    2270.310        1930.482    2269.796             147             147
  224        2634.769     662.065        2634.688     661.706             224             224
  205         -32.407   -1820.901         -33.054   -1820.634             205             205
  225        -199.977    -335.650        -200.290    -335.638             225             225
   25        -483.657     359.412        -483.815     359.572              25              25
   63       -1955.513     582.866       -1956.010     583.684              63              63
    3        2669.201    -704.705        2668.385    -705.355               3               3
  208        -890.515     -86.585        -890.926     -86.086             208             208
  249         911.152   -2167.578         909.902   -2167.879             249             249
   31         371.736     439.354         371.371     439.098              31              31
  131        2266.133    -735.554        2265.673    -736.340             131             131
  159       -1085.663    -156.371       -1085.806    -156.176             159             159
  113        -372.966    1083.318        -372.848    1083.482             113             113
  130       -3423.730    -561.167       -3424.549    -559.852             130             130
  105        -780.909   -1506.726        -782.459   -1506.563             105             105
  240       -2786.795     863.295       -2788.003     864.100             240             240
  177        1694.096     -10.264        1692.337     -10.658             177             177
  172        1289.522   -2006.527        1287.332   -2007.023             172             172
  138         803.004    -564.476         801.137    -565.199             138             138
   70          42.991    2418.047          41.538    2417.909              70              70
  116         606.871    -229.599         603.403    -229.560             116             116
  109         565.289   -1415.186         558.175   -1415.429             109             109
