SINAL     NFT                         FFT                         NFT INVERSA     FFT INVERSA
-----     -----------------------     -----------------------     -----------     -----------
  240       68272.000       0.000       68272.000       0.000             240             240
  236        -418.780   -1556.903        -418.766   -1556.903             236             236
   88        -425.859    -700.843        -425.846    -700.843              88              88
  252         504.972     531.551         504.987     531.550             252             252
  164         262.005     714.221         262.020     714.223             164             164
  166        1899.484   -1316.367        1899.496   -1316.369             166             166
  110        -499.563   -2004.840        -499.551   -2004.840             110             110
  161        -201.565     117.095        -201.549     117.091             161             161
  100        -161.995     562.789        -161.976     562.785             100             100
   56         133.584    3372.743         133.620    3372.743              56              56
  162       -1777.353     310.814       -1777.332     310.830             162             162
    9       -2324.090    1938.210       -2324.070    1938.230               9               9
  105        -119.284    1356.850        -119.271    1356.866             105             105
  250        -597.068     832.214        -597.060     832.238             250             250
   33        2945.611    -968.064        2945.615    -968.067              33              33
   14        -465.255   -1033.660        -465.241   -1033.641              14              14
  222       -2005.030   -1519.710       -2005.038   -1519.677             222             222
  192        1545.788    -563.082        1545.787    -563.086             192             192
   45         127.175   -2615.607         127.160   -2615.602              45              45
  160        -356.897     -94.552        -356.885     -94.553             160             160
  186        -799.072    1340.186        -799.052    1340.208             186             186
   16        1436.132   -1666.396        1436.115   -1666.397              16              16
  161          -1.183    -921.452          -1.186    -921.444             161             161
  131        1548.766    -478.285        1548.775    -478.302             131             131
  103        -600.618     540.592        -600.591     540.618             103             103
  129        -145.768   -2154.440        -145.792   -2154.423             129             129
  121         -71.523    -684.072         -71.526    -684.061             121             121
  207         -78.955   -2914.371         -79.000   -2914.375             207             207
  242         731.145     587.770         731.157     587.748             242             242
   17         306.446   -1862.181         306.412   -1862.198              17              17
  252        1965.459    1661.913        1965.495    1661.865             252             252
  226        1866.885     369.435        1866.924     369.408             226             226
  253       -1609.518     539.333       -1609.483     539.381             253             253
   85         511.640     230.717         511.646     230.732              85              85
  222         715.976   -1092.297         715.958   -1092.289             222             222
  162        1296.408    -723.285        1296.405    -723.298             162             162
  251        1114.694    -567.227        1114.705    -567.230             251             251
   77         530.793   -2210.144         530.769   -2210.141              77              77
   67         924.166   -2127.844         924.149   -2127.878              67              67
   96        -431.529   -1114.537        -431.520   -1114.558              96              96
  133        -141.078    1087.915        -141.023    1087.900             133             133
  229        -949.316     -55.230        -949.305     -55.203             229             229
  105        1194.953   -1618.814        1194.929   -1618.865             105             105
  239        -904.827    1881.640        -904.750    1881.644             239             239
  224        -493.549     763.156        -493.522     763.181             224             224
  139         468.698    -119.315         468.699    -119.321             139             139
  253         670.764    2386.678         670.849    2386.695             253             253
  191         147.122   -1357.594         147.104   -1357.537             191             191
   76         489.230   -2857.829         489.167   -2857.831              76              76
   43         133.782   -1268.126         133.776   -1268.160              43              43
   95        -119.768     872.797        -119.703     872.780              95              95
    6       -1565.831     900.204       -1565.781     900.268               6               6
   60        -272.571    -823.950        -272.595    -823.920              60              60
    1        -729.872   -1425.275        -729.919   -1425.265               1               1
  138        -392.733    1762.733        -392.688    1762.738             138             138
  163         514.492    1177.528         514.519    1177.560             163             163
  130        1337.177   -1876.305        1337.123   -1876.303             130             130
    3        -682.144   -2452.192        -682.214   -2452.181               3               3
  114        -467.790     972.870        -467.769     972.873             114             114
  116        1781.861   -1435.098        1781.809   -1435.169             116             116
   20         153.914     563.756         153.961     563.738              20              20
  111         -72.959    -455.492         -72.966    -455.491             111             111
   87         624.307    1087.273         624.360    1087.266              87              87
   18         457.331   -1645.097         457.292   -1645.094              18              18
  196        -634.088    -785.561        -634.105    -785.547             196             196
   53          47.786    -318.764          47.772    -318.776              53              53
  180        -457.200   -1433.280        -457.289   -1433.296             180             180
  192        3068.643     893.587        3068.688     893.411             192             192
  130         212.693     852.395         212.785     852.370             130             130
  247         354.586    1021.455         354.678    1021.451             247             247
   32        -390.172     116.869        -390.120     116.914              32              32
    8       -1121.069   -1100.228       -1121.099   -1100.181               8               8
  221        -263.747    1611.566        -263.671    1611.586             221             221
  138       -1304.177   -1061.562       -1304.256   -1061.474             138             138
  247         738.238    -496.470         738.157    -496.514             247             247
  189        2619.353     272.145        2619.364     272.014             189             189
   21         633.797    -409.981         633.818    -410.018              21              21
  245         469.302     -55.229         469.330     -55.273             245             245
  124         963.573     798.289         963.659     798.234             124             124
   97        -951.244    -594.565        -951.248    -594.532              97              97
   33        1702.361    1441.686        1702.468    1441.588              33              33
  220        -831.694    -583.494        -831.679    -583.465             220             220
  104         686.969    1905.397         687.103    1905.339             104             104
   93        -823.297    2438.851        -823.139    2438.955              93              93
  221        1153.371    -805.155        1153.366    -805.153             221             221
  242       -1190.822    1566.238       -1190.693    1566.366             242             242
    1         247.145    -791.356         247.131    -791.287               1               1
   96       -1568.922    -459.065       -1568.932    -458.918              96              96
  245         -41.666   -1055.567         -41.744   -1055.517             245             245
  115        -465.831   -1709.207        -465.950   -1709.184             115             115
  213         559.208     644.099         559.214     644.056             213             213
   10        1762.985      15.764        1763.012      15.693              10              10
  227       -1087.510    -723.221       -1087.527    -723.128             227             227
   44        1146.439    -666.023        1146.419    -666.074              44              44
   28       -1593.743   -1747.348       -1593.847   -1747.285              28              28
  168         761.112     833.470         761.118     833.385             168             168
   97        1485.887    -675.854        1485.844    -675.979              97              97
  209        1288.376    1494.088        1288.522    1493.982             209             209
  104        -569.401     891.244        -569.304     891.316             104             104
  228        1239.280    -718.939        1239.270    -718.997             228             228
  201         220.463     685.701         220.579     685.696             201             201
  137        -383.495    -252.577        -383.453    -252.534             137             137
  237         103.826     185.729         103.897     185.724             237             237
  167       -1296.297    1202.511       -1296.179    1202.642             167             167
   20        -200.152    -856.247        -200.206    -856.171              20              20
  228         769.995   -1214.457         769.963   -1214.508             228             228
  101       -1513.756     201.948       -1513.682     202.034             101             101
   41       -2177.378    -310.264       -2177.434    -310.122              41              41
  217         553.187    -843.995         553.063    -844.093             217             217
  226        1275.413    1800.709        1275.570    1800.562             226             226
  139       -2992.291    1737.291       -2992.194    1737.513             139             139
  250        1750.796    2256.942        1750.893    2256.918             250             250
  190        -874.104    -988.048        -874.213    -987.872             190             190
  243        2324.736    -482.901        2324.697    -483.034             243             243
   88       -1201.277     980.528       -1201.187     980.672              88              88
  156         982.222    -440.213         982.179    -440.196             156             156
  230        -182.104   -1576.991        -182.214   -1576.960             230             230
   89         753.091    1662.183         753.240    1662.168              89              89
  252       -1735.334   -1537.700       -1735.473   -1537.505             252             252
  220        1776.818     419.308        1776.822     419.208             220             220
  204        -986.346    -276.050        -986.374    -275.890             204             204
  209         200.664   -2115.631         200.424   -2115.612             209             209
  230        2236.495   -1284.188        2236.377   -1284.423             230             230
  176        1230.858     630.084        1230.989     629.931             176             176
  254       -1427.377      68.556       -1427.332      68.639             254             254
    3         559.945    1518.941         560.056    1518.904               3               3
   88        -712.716     625.108        -712.686     625.244              88              88
   96         330.054    -974.872         329.902    -974.849              96              96
  213        2061.974     526.134        2062.000     526.000             213             213
  193         615.085    -847.743         615.052    -847.756             193             193
   68         285.864     219.535         285.898     219.533              68              68
  158         514.319    -315.950         514.279    -315.967             158             158
   75        1769.370    1111.281        1769.482    1111.210              75              75
   49        1295.768   -1216.434        1295.739   -1216.415              49              49
   70         757.468   -3541.877         757.257   -3541.955              70              70
   95         888.170    -870.498         888.216    -870.725              95              95
   22         188.548    1707.679         188.863    1707.579              22              22
  171       -2021.161     561.522       -2021.005     561.710             171             171
  137       -1194.576     207.156       -1194.553     207.287             137             137
  239        -495.771    -414.972        -495.841    -414.922             239             239
  141         671.937     128.490         671.937     128.418             141             141
   20         936.942     211.908         937.035     211.832              20              20
  234       -1483.566   -1216.677       -1483.613   -1216.586             234             234
   76        -782.787     497.355        -782.762     497.302              76              76
    7         297.711    3769.069         298.047    3769.072               7               7
   66          49.549   -1157.030          49.464   -1156.946              66              66
  232       -1101.915     933.107       -1101.838     933.229             232             232
  238         314.256     209.025         314.242     209.036             238             238
  155        -121.705    -133.210        -121.720    -133.213             155             155
  228       -1183.705    2232.245       -1183.552    2232.375             228             228
  202         412.623    1674.515         412.663    1674.607             202             202
  104        2522.962    1123.554        2523.068    1123.528             104             104
  182        -817.784   -2010.910        -817.940   -2010.657             182             182
  176        -366.388   -1282.395        -366.583   -1282.335             176             176
   25        1561.633     947.579        1561.681     947.459              25              25
  180         259.113    -274.806         259.069    -274.753             180             180
  180        1649.685     863.268        1649.786     863.219             180             180
  114        -332.299    -948.208        -332.383    -948.025             114             114
   20        1195.980   -1802.312        1195.771   -1802.378              20              20
  137        1694.485    -404.389        1694.491    -404.565             137             137
   52         503.855      75.311         503.945      75.286              52              52
   89         655.120    -198.168         655.171    -198.182              89              89
   40         358.219   -1090.494         358.178   -1090.537              40              40
  127         251.462    1631.209         251.689    1631.202             127             127
  139         838.256     929.932         838.419     930.005             139             139
  110        1063.822    -758.838        1063.871    -758.754             110             110
  223        -202.335   -1797.477        -202.361   -1797.324             223             223
  161       -1568.682   -1452.480       -1568.756   -1452.249             161             161
   26        -159.070   -1289.194        -159.200   -1289.140              26              26
  104         451.658   -1553.067         451.539   -1553.124             104             104
  145         110.590    -346.177         110.662    -346.196             145             145
  167       -1449.955    -926.841       -1449.985    -926.642             167             167
  124        -544.623   -2618.013        -544.897   -2618.010             124             124
  124       -1180.898    -385.442       -1180.956    -385.446             124             124
  243        -779.710    -286.383        -779.831    -286.404             243             243
  132         976.086     487.820         976.081     487.637             132             132
  191        -200.859     396.302        -200.844     396.325             191             191
  219         695.606   -1373.971         695.404   -1374.084             219             219
  114        1053.173    -536.968        1053.113    -537.224             114             114
   90        1496.407     513.274        1496.573     512.951              90              90
  192        -882.104    1605.994        -881.800    1606.017             192             192
   60        -114.917     933.142        -114.730     933.140              60              60
  195       -2260.783    1042.155       -2260.694    1042.424             195             195
  118        1020.631    1368.129        1020.699    1368.061             118             118
  237         -56.634     797.827         -56.590     797.927             237             237
  221        1606.715    1259.958        1606.852    1259.932             221             221
   43         844.966   -1385.675         844.882   -1385.639              43              43
  162         136.368    -191.447         136.442    -191.426             162             162
   79          25.676     677.948          25.864     678.055              79              79
   63       -2050.985   -2197.447       -2051.277   -2197.159              63              63
   44        1947.170     869.651        1947.241     869.390              44              44
  131         292.607     339.819         292.750     339.880             131             131
  153        -851.628   -2427.614        -851.893   -2427.546             153             153
   84         916.484    2384.915         916.819    2384.744              84              84
    3         315.510    1216.209         315.803    1216.349               3               3
   36       -1859.378   -1326.150       -1859.456   -1325.705              36              36
  195       -1896.474   -4588.346       -1897.164   -4588.237             195             195
  226        1240.994    2250.927        1241.173    2250.481             226             226
  198          76.701    3382.090          77.104    3382.094             198             198
  221         983.412    2148.977         983.686    2149.116             221             221
   75         412.335    -860.157         412.276    -859.906              75              75
   87         274.703   -2244.314         274.489   -2244.227              87              87
  133       -1128.124    -272.481       -1128.150    -272.301             133             133
  199        1325.999   -1041.816        1325.905   -1041.983             199             199
  212       -2156.751     659.642       -2156.663     659.936             212             212
  121        1042.071     537.869        1042.058     537.840             121             121
   75         681.332    -304.007         681.336    -303.950              75              75
  147       -1315.229    -415.230       -1315.312    -414.887             147             147
   85        1328.368   -2577.077        1327.962   -2577.217              85              85
  190         584.429    1247.874         584.653    1247.856             190             190
  238       -1269.177   -2581.985       -1269.587   -2581.716             238             238
   21        2498.647   -1428.424        2498.408   -1428.851              21              21
  251         851.091     204.105         851.238     203.923             251             251
  178         443.331    -837.674         443.345    -837.789             178             178
  140         235.319     739.512         235.572     739.438             140             140
  232        -887.466     518.340        -887.291     518.531             232             232
  143         123.887    -112.155         123.945    -112.033             143             143
  183        -640.338   -2049.626        -640.539   -2049.475             183             183
  139        -944.782   -1265.260        -944.938   -1265.215             139             139
  222        -380.080      44.017        -380.094      43.974             222             222
  247        -545.744    -182.326        -545.830    -182.314             247             247
  183         534.899      75.094         534.826      74.940             183             183
   98        2079.290    1022.890        2079.515    1022.576              98              98
  144        -392.704     131.076        -392.505     131.162             144             144
   11        -776.577    1114.437        -776.306    1114.647              11              11
  102       -1382.507    -847.887       -1382.633    -847.575             102             102
  180          10.983     301.775          10.961     301.867             180             180
  207         521.219    -380.783         521.143    -380.679             207             207
   72        1176.308   -3260.655        1175.924   -3260.821              72              72
  123        -496.429    -274.499        -496.306    -274.580             123             123
  173       -1074.985    -250.325       -1074.936    -250.292             173             173
  147        -395.358    1128.206        -395.126    1128.205             147             147
  210       -1286.170     561.480       -1286.042     561.726             210             210
   50       -1497.420    -310.212       -1497.543    -309.946              50              50
   91         628.974     633.927         629.020     633.882              91              91
  167        -559.499     315.736        -559.392     315.957             167             167
  171       -1983.900    -745.123       -1984.048    -744.676             171             171
  167       -1909.432   -1180.682       -1909.860   -1180.336             167             167
   58         803.670     284.683         803.405     284.637              58              58
    0        2537.799   -1014.927        2537.575   -1015.171              -0               0
  101        -537.225   -2172.985        -537.545   -2172.856             101             101
   40         751.977   -1192.612         751.775   -1192.768              40              40
   22       -1067.578   -1958.365       -1067.962   -1958.303              22              22
   97        1224.610   -1266.759        1224.274   -1267.178              97              97
  218        1657.613     118.789        1657.641     118.291             218             218
  162        1541.937     650.842        1542.240     650.436             162             162
   73       -1701.591    1124.376       -1701.248    1124.602              73              73
  105        -392.621     418.468        -392.519     418.596             105             105
   90       -1442.701    -730.090       -1442.850    -729.785              90              90
  213        -300.376   -2138.527        -300.830   -2138.590             213             213
   72        -287.165     615.296        -287.177     615.160              72              72
   81         261.392    -348.517         261.232    -348.718              81              81
  140          85.626    2090.897          85.893    2090.842             140             140
  171        -927.494    -734.450        -927.807    -734.251             171             171
  226        2058.373    -136.723        2058.165    -137.116             226             226
  152        1249.565     307.550        1249.586     307.307             152             152
   17        1048.000       0.187        1048.000       0.000              17              17
  151        1249.608    -307.055        1249.586    -307.302             151             151
  103        2057.953     137.522        2058.165     137.120             103             103
   90        -928.131     734.046        -927.809     734.250              90              90
   18          86.174   -2090.783          85.896   -2090.841              18              18
   21         261.063     348.925         261.231     348.718              21              21
  238        -287.190    -615.018        -287.177    -615.161             238             238
  229        -301.315    2138.656        -300.835    2138.589             229             229
   72       -1443.009     729.457       -1442.850     729.783              72              72
   73        -392.404    -418.734        -392.516    -418.597              73              73
  140       -1700.873   -1124.851       -1701.246   -1124.605             140             140
  244        1542.573    -649.988        1542.242    -650.432             244             244
  241        1657.674    -117.738        1657.642    -118.286             241             241
  198        1223.901    1267.645        1224.272    1267.181             198             198
  245       -1068.397    1958.231       -1067.967    1958.300             245             245
   87         751.546    1192.946         751.771    1192.770              87              87
  239        -537.912    2172.711        -537.548    2172.857             239             239
   11        2537.312    1015.457        2537.570    1015.176              11              11
  184         803.100    -284.581         803.405    -284.635             184             184
  201       -1910.363    1179.927       -1909.865    1180.330             201             201
  174       -1984.223     744.149       -1984.050     744.674             174             174
    2        -559.268    -316.221        -559.393    -315.960               2               2
   51         629.076    -633.827         629.022    -633.881              51              51
    8       -1497.691     309.622       -1497.544     309.941               8               8
  215       -1285.886    -562.024       -1286.041    -561.727             215             215
  124        -394.843   -1128.204        -395.125   -1128.205             124             124
   90       -1074.877     250.249       -1074.936     250.290              90              90
   99        -496.157     274.678        -496.307     274.578              99              99
   40        1175.439    3261.029        1175.918    3260.823              40              40
   60         521.045     380.550         521.142     380.680              60              60
  251          10.934    -301.985          10.961    -301.868             251             251
   57       -1382.795     847.170       -1382.635     847.569              57              57
  211        -775.955   -1114.918        -776.305   -1114.648             211             211
   99        -392.247    -131.277        -392.504    -131.164              99              99
  148        2079.811   -1022.157        2079.517   -1022.571             148             148
  230         534.732     -74.737         534.827     -74.939             230             230
  120        -545.946     182.297        -545.831     182.313             120             120
  130        -380.114     -43.919        -380.094     -43.975             130             130
  203        -945.153    1265.153        -944.941    1265.214             203             203
  192        -640.818    2049.269        -640.543    2049.474             192             192
  204         124.027     111.869         123.946     112.035             204             204
   87        -887.047    -518.796        -887.289    -518.533              87              87
  180         235.924    -739.334         235.573    -739.437             180             180
  189         443.364     837.952         443.345     837.789             189             189
   30         851.446    -203.663         851.238    -203.921              30              30
  169        2498.064    1429.466        2498.405    1428.857             169             169
   20       -1270.182    2581.326       -1269.592    2581.712              20              20
   14         584.980   -1247.828         584.656   -1247.856              14              14
  181        1327.363    2577.421        1327.958    2577.217             181             181
  204       -1315.437     414.376       -1315.314     414.883             204             204
  216         681.340     303.866         681.335     303.951             216             216
   99        1042.043    -537.795        1042.060    -537.838              99              99
  206       -2156.530    -660.385       -2156.662    -659.940             206             206
   11        1325.758    1042.240        1325.901    1041.986              11              11
  108       -1128.188     272.021       -1128.149     272.298             108             108
  165         274.155    2244.090         274.485    2244.226             165             165
  136         412.181     859.514         412.274     859.907             136             136
  198         984.122   -2149.333         983.690   -2149.113             198             198
    9          77.754   -3382.099          77.113   -3382.093               9               9
  176        1241.461   -2249.765        1241.177   -2250.479             176             176
    3       -1898.285    4588.057       -1897.172    4588.231               3               3
    4       -1859.587    1324.976       -1859.460    1325.699               4               4
  234         316.288   -1216.577         315.807   -1216.348             234             234
  215         917.377   -2384.458         916.826   -2384.742             215             215
  103        -852.338    2427.434        -851.895    2427.547             103             103
  126         292.994    -339.980         292.752    -339.879             126             126
  189        1947.360    -868.935        1947.241    -869.384             189             189
  224       -2051.786    2196.655       -2051.282    2197.153             224             224
    0          26.192    -678.237          25.866    -678.054              -0               0
  137         136.572     191.386         136.443     191.424             137             137
  161         844.731    1385.578         844.879    1385.640             161             161
  205        1607.102   -1259.879        1606.857   -1259.928             205             205
  225         -56.506    -798.105         -56.587    -797.926             225             225
   85        1020.829   -1367.932        1020.703   -1368.057              85              85
  138       -2260.532   -1042.917       -2260.693   -1042.427             138             138
  255        -114.387    -933.140        -114.728    -933.141             255             255
  255        -881.232   -1606.063        -881.796   -1606.019             255             255
  158        1496.883    -512.345        1496.574    -512.948             158             158
   14        1053.000     537.706        1053.112     537.226              14              14
  180         695.016    1374.303         695.400    1374.088             180             180
  107        -200.814    -396.371        -200.843    -396.326             107             107
  230         976.071    -487.278         976.081    -487.634             230             230
   23        -780.071     286.443        -779.833     286.403              23              23
   58       -1181.070     385.447       -1180.957     385.442              58              58
  242        -545.446    2618.001        -544.901    2618.008             242             242
  132       -1450.049     926.239       -1449.988     926.638             132             132
  224         110.805     346.234         110.661     346.196             224             224
  122         451.292    1553.244         451.535    1553.126             122             122
   75        -159.470    1289.032        -159.203    1289.140              75              75
  233       -1568.917    1451.764       -1568.761    1452.246             233             233
   43        -202.420    1797.004        -202.364    1797.325              43              43
   78        1063.972     758.578        1063.870     758.755              78              78
  237         838.768    -930.161         838.423    -930.005             237             237
   21         252.182   -1631.189         251.694   -1631.203              21              21
   38         358.087    1090.631         358.176    1090.537              38              38
   85         655.285     198.214         655.172     198.184              85              85
  148         504.142     -75.230         503.945     -75.285             148             148
  228        1694.505     404.964        1694.491     404.569             228             228
   54        1195.292    1802.529        1195.766    1802.380              54              54
  149        -332.577     947.604        -332.385     948.022             149             149
  109        1650.019    -863.102        1649.787    -863.216             109             109
  215         258.969     274.631         259.070     274.753             215             215
   98        1561.797    -947.178        1561.683    -947.457              98              98
   78        -367.044    1282.194        -366.585    1282.334              78              78
   45        -818.316    2010.057        -817.944    2010.656              45              45
  236        2523.323   -1123.457        2523.070   -1123.522             236             236
   78         412.763   -1674.825         412.666   -1674.605              78              78
   44       -1183.172   -2232.695       -1183.546   -2232.378              44              44
  139        -121.758     133.222        -121.721     133.214             139             139
   92         314.208    -209.061         314.242    -209.035              92              92
  224       -1101.644    -933.538       -1101.836    -933.231             224             224
  247          49.248    1156.730          49.462    1156.945             247             247
   67         298.913   -3769.078         298.052   -3769.071              67              67
  248        -782.698    -497.172        -782.762    -497.305             248             248
   49       -1483.743    1216.344       -1483.617    1216.583              49              49
   53         937.282    -211.629         937.036    -211.830              53              53
  125         671.937    -128.223         671.937    -128.417             125             125
   17        -496.031     414.786        -495.842     414.920              17              17
  175       -1194.488    -207.645       -1194.552    -207.288             175             175
  200       -2020.574    -562.232       -2021.002    -561.717             200             200
  250         189.736   -1707.303         188.865   -1707.579             250             250
  219         888.341     871.366         888.213     870.729             219             219
   23         756.649    3542.176         757.248    3541.957              23              23
  232        1295.655    1216.363        1295.737    1216.418             232             232
  240        1769.804   -1111.002        1769.484   -1111.208             240             240
   61         514.161     316.017         514.280     315.968              61              61
   62         285.996    -219.527         285.898    -219.533              62              62
  132         614.952     847.797         615.050     847.757             132             132
   33        2062.077    -525.598        2062.000    -526.000              33              33
  116         329.433     974.776         329.900     974.848             116             116
   25        -712.597    -625.672        -712.687    -625.247              25              25
  143         560.417   -1518.790         560.062   -1518.904             143             143
   75       -1427.194     -68.904       -1427.332     -68.641              75              75
  124        1231.409    -629.441        1230.991    -629.929             124             124
  222        2235.984    1285.187        2236.371    1284.427             222             222
  120         199.638    2115.554         200.420    2115.612             120             120
  104        -986.462     275.367        -986.373     275.890             104             104
   45        1776.836    -418.863        1776.822    -419.204              45              45
  165       -1735.952    1536.844       -1735.478    1537.501             165             165
  244         753.751   -1662.110         753.244   -1662.166             244             244
  138        -182.598    1576.853        -182.217    1576.960             138             138
  133         982.023     440.139         982.177     440.197             133             133
  235       -1200.865    -981.189       -1201.185    -980.677             235             235
  205        2324.556     483.513        2324.696     483.039             205             205
  126        -874.604     987.243        -874.213     987.872             126             126
   29        1751.257   -2256.826        1750.897   -2256.915              29              29
    2       -2991.825   -1738.351       -2992.189   -1737.521               2               2
  251        1276.163   -1800.006        1275.574   -1800.558             251             251
   46         552.597     844.462         553.062     844.094              46              46
  178       -2177.651     309.567       -2177.435     310.116             178             178
  195       -1513.394    -202.374       -1513.680    -202.038             195             195
   41         769.835    1214.712         769.960    1214.509              41              41
  141        -200.423     855.873        -200.208     856.171             141             141
  218       -1295.707   -1203.169       -1296.179   -1202.645             218             218
   17         104.188    -185.706         103.899    -185.725              17              17
  125        -383.285     252.354        -383.454     252.532             125             125
   24         221.060    -685.680         220.581    -685.697              24              24
   79        1239.226     719.241        1239.269     718.998              79              79
    2        -568.891    -891.625        -569.302    -891.318               2               2
   58        1289.157   -1493.523        1288.526   -1493.979              58              58
  196        1485.658     676.529        1485.843     675.981             196             196
   28         761.151    -833.000         761.120    -833.383              28              28
  201       -1594.319    1746.986       -1593.850    1747.280             201             201
   15        1146.324     666.315        1146.417     666.078              15              15
  152       -1087.605     722.697       -1087.528     723.125             152             152
  168        1763.133     -15.351        1763.011     -15.689             168             168
  136         559.244    -643.853         559.216    -644.056             136             136
    1        -466.534    1709.074        -465.957    1709.183               1               1
  213         -42.119    1055.275         -41.745    1055.516             213             213
   45       -1568.997     458.189       -1568.936     458.914              45              45
  246         247.063     790.941         247.130     791.287             246             246
   96       -1190.034   -1567.012       -1190.689   -1566.368              96              96
  179        1153.335     805.152        1153.364     805.156             179             179
  225        -822.309   -2439.496        -823.133   -2438.957             225             225
   45         687.822   -1905.031         687.110   -1905.336              45              45
   49        -831.599     583.305        -831.680     583.463              49              49
  255        1703.051   -1441.051        1702.469   -1441.585             255             255
   47        -951.274     594.347        -951.250     594.530              47              47
   45         964.147    -797.924         963.662    -798.233              45              45
   45         469.493      55.528         469.330      55.274              45              45
  226         633.939     410.233         633.817     410.019             226             226
  241        2619.432    -271.226        2619.365    -272.007             241             241
   87         737.676     496.782         738.157     496.518              87              87
  111       -1304.733    1060.937       -1304.258    1061.469             111             111
  204        -263.194   -1611.715        -263.668   -1611.587             204             204
  104       -1121.295    1099.881       -1121.102    1100.177             104             104
  236        -389.790    -117.204        -390.120    -116.915             236             236
  228         355.281   -1021.419         354.682   -1021.450             228             228
  184         213.393    -852.210         212.787    -852.371             184             184
  239        3068.993    -892.213        3068.689    -893.402             239             239
   30        -457.892    1433.400        -457.291    1433.295              30              30
  124          47.665     318.865          47.770     318.777             124             124
   12        -634.228     785.443        -634.106     785.546              12              12
  232         456.990    1645.071         457.288    1645.094             232             232
  140         624.760   -1087.218         624.363   -1087.267             140             140
  164         -73.020     455.490         -72.966     455.493             164             164
  145         154.318    -563.603         153.961    -563.737             145             145
   21        1781.379    1435.731        1781.804    1435.173              21              21
  166        -467.601    -972.906        -467.767    -972.875             166             166
  103        -682.801    2452.075        -682.220    2452.178             103             103
   66        1336.668    1876.300        1337.120    1876.305              66              66
  156         514.746   -1177.816         514.519   -1177.559             156             156
  199        -392.280   -1762.779        -392.683   -1762.738             199             199
  246        -730.348    1425.183        -729.923    1425.264             246             246
  126        -272.812     823.651        -272.597     823.920             126             126
  245       -1565.322    -900.872       -1565.780    -900.273             245             245
   40        -119.084    -872.613        -119.699    -872.779              40              40
  125         133.699    1268.485         133.773    1268.160             125             125
   37         488.538    2857.848         489.162    2857.831              37              37
   85         146.900    1356.973         147.100    1357.536              85              85
  171         671.748   -2386.852         670.855   -2386.691             171             171
    7         468.706     119.396         468.698     119.322               7               7
   70        -493.227    -763.460        -493.520    -763.184              70              70
    2        -903.884   -1881.704        -904.746   -1881.647               2               2
  118        1194.646    1619.460        1194.926    1618.870             118             118
   18        -949.162      54.869        -949.303      55.199              18              18
  107        -140.358   -1087.720        -141.021   -1087.900             107             107
   99        -431.433    1114.812        -431.523    1114.557              99              99
  247         923.927    2128.316         924.145    2127.881             247             247
   36         530.444    2210.118         530.765    2210.142              36              36
   82        1114.854     567.284        1114.704     567.232              82              82
   22        1296.357     723.479        1296.403     723.300              22              22
  160         715.696    1092.177         715.956    1092.290             160             160
   94         511.744    -230.944         511.648    -230.731              94              94
  255       -1608.968    -540.108       -1609.483    -539.383             255             255
   45        1867.535    -368.953        1866.925    -369.404              45              45
    3        1966.114   -1661.059        1965.499   -1661.861               3               3
  144         305.816    1862.487         306.408    1862.198             144             144
   66         731.366    -587.354         731.157    -587.747              66              66
  169         -79.899    2914.422         -79.009    2914.373             169             169
  248         -71.623     683.854         -71.529     684.061             248             248
  133        -146.296    2154.049        -145.796    2154.420             133             133
   70        -600.046    -541.159        -600.590    -540.619              70              70
  191        1548.932     478.678        1548.772     478.305             191             191
  123          -1.279     921.294          -1.188     921.445             123             123
  196        1435.681    1666.453        1436.110    1666.401             196             196
  180        -798.551   -1340.773        -799.051   -1340.210             180             180
  163        -356.604      94.530        -356.887      94.550             163             163
   66         126.714    2615.495         127.155    2615.604              66              66
  217        1545.746     563.207        1545.785     563.086             217             217
  248       -2005.299    1518.619       -2005.042    1519.674             248             248
  237        -464.852    1032.904        -465.245    1033.636             237             237
  224        2945.669     968.261        2945.611     968.074             224             224
   63        -596.722    -833.235        -597.059    -832.243              63              63
  240        -118.650   -1357.513        -119.268   -1356.866             240             240
   87       -2323.023   -1939.328       -2324.064   -1938.239              87              87
   82       -1776.313    -311.744       -1777.333    -310.835              82              82
   91         135.782   -3372.765         133.632   -3372.743              91              91
  186        -160.765    -562.505        -161.976    -562.784             186             186
   73        -200.345    -116.827        -201.549    -117.092              73              73
  127        -498.729    2004.765        -499.556    2004.836             127             127
   13        1900.632    1316.653        1899.492    1316.373              13              13
   96         263.941    -714.477         262.021    -714.222              96              96
   32         507.425    -531.449         504.987    -531.549              32              32
  108        -422.602     700.673        -425.847     700.839             108             108
   95        -412.047    1556.438        -418.770    1556.900              95              95
