SINAL     NFT                         FFT                         NFT INVERSA     FFT INVERSA
-----     -----------------------     -----------------------     -----------     -----------
  211       64428.000       0.000       64428.000       0.000             211             211
    0        -961.828     215.166        -961.815     215.166               0               0
  147       -1440.036    -209.059       -1440.023    -209.058             147             147
  112          -3.315    -140.823          -3.302    -140.823             112             112
  188        -376.281     840.844        -376.266     840.843             188             188
  215       -1012.277    1865.184       -1012.260    1865.187             215             215
  242        -450.009    -302.320        -449.999    -302.318             242             242
   43       -1569.843    2067.866       -1569.827    2067.873              43              43
   89         164.178     908.880         164.187     908.887              89              89
   40        2274.832     -65.251        2274.841     -65.253              40              40
   37         276.768   -1673.255         276.771   -1673.251              37              37
  118         772.645    -754.881         772.652    -754.886             118             118
  200        1210.094     734.410        1210.116     734.405             200             200
   44        -384.753   -1570.254        -384.748   -1570.249              44              44
  103          -3.437     529.288          -3.417     529.288             103             103
    2       -1133.166   -1158.059       -1133.165   -1158.051               2               2
  252        1528.298     582.738        1528.316     582.717             252             252
   77       -1232.497    1989.290       -1232.461    1989.307              77              77
    2         341.320     612.906         341.334     612.914               2               2
   24        1487.082    1254.146        1487.114    1254.149              24              24
  215        -188.400   -1138.753        -188.391   -1138.726             215             215
   78        -863.160   -1558.594        -863.163   -1558.569              78              78
   47        -421.001   -1413.553        -421.007   -1413.540              47              47
   60         195.050   -1782.952         195.040   -1782.959              60              60
    1        -771.215     -31.473        -771.201     -31.471               1               1
  201        -234.106     381.116        -234.092     381.117             201             201
  239         146.907     994.363         146.934     994.373             239             239
    4        -111.277    -741.043        -111.275    -741.023               4               4
   89        -198.038   -1257.911        -198.048   -1257.900              89              89
   87        -501.001    -675.763        -501.008    -675.756              87              87
  202         676.963     282.736         676.975     282.728             202             202
   45         320.220   -1385.637         320.209   -1385.640              45              45
   87         670.066     -96.991         670.088     -97.012              87              87
   94        -931.360     264.068        -931.332     264.088              94              94
  157        -551.919    -153.239        -551.912    -153.226             157             157
   20         445.034     574.160         445.067     574.155              20              20
   53       -2361.559    1044.414       -2361.530    1044.493              53              53
  144         949.594    -795.409         949.568    -795.394             144             144
   63        -508.032   -1290.593        -508.061   -1290.549              63              63
  142        1128.023   -3328.729        1127.950   -3328.756             142             142
  184        -455.381    -124.079        -455.368    -124.081             184             184
  101        -105.385   -1970.838        -105.427   -1970.850             101             101
    5        -821.905     -88.935        -821.913     -88.939               5               5
  129        1937.111     497.136        1937.132     497.078             129             129
  145        -187.708    -347.384        -187.684    -347.372             145             145
  109       -1396.444    -610.238       -1396.454    -610.188             109             109
  132         481.162   -1569.776         481.115   -1569.786             132             132
  142        -529.433   -3018.835        -529.523   -3018.857             142             142
  186         861.554      39.498         861.553      39.404             186             186
  134         134.338    1782.812         134.402    1782.776             134             134
  166         558.671     150.778         558.684     150.760             166             166
  146         465.474   -1262.893         465.447   -1262.929             146             146
  213         823.569      18.173         823.596      18.101             213             213
  214        -896.666    1092.846        -896.612    1092.845             214             214
  207         954.641     316.183         954.662     316.127             207             207
  214         212.920    1202.188         212.982    1202.169             214             214
  159        1465.874     210.800        1465.922     210.743             159             159
  191         332.266    -364.515         332.330    -364.556             191             191
  219       -2437.614    1680.340       -2437.500    1680.397             219             219
  249        -579.920    2231.428        -579.813    2231.466             249             249
   22       -2049.074     129.111       -2049.063     129.217              22              22
  165         163.503     820.389         163.531     820.408             165             165
   39        -375.242    -830.436        -375.251    -830.410              39              39
  110       -2244.879    1446.988       -2244.831    1447.092             110             110
    4        1169.127    -768.626        1169.090    -768.653               4               4
  196       -1137.564     739.421       -1137.500     739.485             196             196
  130       -3483.314    -258.876       -3483.366    -258.692             130             130
   57        1087.650   -1218.422        1087.526   -1218.451              57              57
   85        1008.089   -1701.755        1008.002   -1701.832              85              85
  194        -727.951    1148.405        -727.908    1148.404             194             194
  200        -594.749     -83.775        -594.798     -83.750             200             200
   13        1681.892    -854.663        1681.822    -854.766              13              13
   39         952.853    -177.262         952.857    -177.369              39              39
  206         978.996    1834.458         979.131    1834.364             206             206
  143       -2711.613     787.232       -2711.564     787.326             143             143
  185          53.867    3477.476          53.985    3477.486             185             185
   59         398.048    1099.699         398.069    1099.765              59              59
   19         686.620   -1704.502         686.519   -1704.507              19              19
   71         520.045    2003.967         520.138    2003.963              71              71
  246        1279.449   -1248.353        1279.415   -1248.387             246             246
  154       -2048.062    1028.854       -2048.012    1028.967             154             154
  238        1093.384     -60.368        1093.338     -60.406             238             238
  136        1545.931    1414.753        1546.027    1414.713             136             136
  112        -650.480    -722.169        -650.482    -722.072             112             112
  196       -1077.867   -1400.929       -1077.960   -1400.861             196             196
   87         420.788    -506.075         420.722    -506.133              87              87
   70        1074.646     705.012        1074.681     704.913              70              70
  100        -430.242    1701.630        -430.153    1701.658             100             100
   22        1581.558    1295.195        1581.646    1295.174              22              22
   34       -1449.709   -1606.256       -1449.790   -1606.132              34              34
   93          83.437      83.086          83.399      83.068              93              93
   45        1225.197     844.187        1225.225     844.127              45              45
  200         950.591    -213.619         950.598    -213.658             200             200
  132         109.231     281.142         109.279     281.136             132             132
  155       -1087.368      55.603       -1087.382      55.642             155             155
  204        1700.198    3003.850        1700.366    3003.769             204             204
   73        -154.109    1945.022        -153.965    1945.176              73              73
   30        -362.653   -1736.640        -362.779   -1736.477              30              30
    6        1225.580   -1600.614        1225.472   -1600.632               6               6
  158         110.218   -1927.307         110.116   -1927.327             158             158
  224        -523.220      96.542        -523.227      96.519             224             224
  206         245.622    2820.880         245.746    2820.909             206             206
  172        2951.523    -671.276        2951.492    -671.343             172             172
    8        -851.422   -2179.327        -851.536   -2179.222               8               8
  156        2201.796    -389.247        2201.796    -389.387             156             156
   59        -276.169    -801.168        -276.172    -801.128              59              59
  194        1709.750   -1285.812        1709.724   -1285.930             194             194
  216         113.923   -1170.306         113.953   -1170.362             216             216
   78        -697.254     340.573        -697.136     340.570              78              78
   10       -1089.213     533.519       -1089.111     533.592              10              10
  206       -2058.592    -333.859       -2058.627    -333.695             206             206
  233        1064.159   -1286.272        1064.061   -1286.364             233             233
  248        -744.615    -815.259        -744.626    -815.282             248             248
   86       -1949.865     104.314       -1949.876     104.342              86              86
   89         221.993    2393.920         222.121    2393.842              89              89
  189        -148.163    1464.141        -148.061    1464.177             189             189
  174       -1662.439     758.818       -1662.436     758.986             174             174
  160         277.370    1236.539         277.365    1236.601             160             160
   33         598.812   -1608.489         598.615   -1608.487              33              33
  197        1561.834     602.376        1561.860     602.255             197             197
  194        -300.454     102.369        -300.448     102.414             194             194
  127          49.039     264.999          49.015     265.023             127             127
  242         561.349    -362.102         561.268    -362.136             242             242
  138         876.519     992.937         876.549     992.891             138             138
    4         957.594     253.841         957.559     253.837               4               4
  142        3521.680   -1417.084        3521.608   -1417.346             142             142
   86         321.473     608.510         321.651     608.476              86              86
   77        -408.920     -26.164        -408.861     -26.113              77              77
  172         785.917     404.034         786.000     404.000             172             172
   92         -58.286    -875.843         -58.301    -875.833              92              92
  236         851.045     868.331         851.199     868.254             236             236
  141        -485.947     -82.157        -485.843     -82.113             141             141
   43       -1601.347    2487.125       -1601.077    2487.350              43              43
  153       -1624.091   -1088.418       -1624.234   -1088.116             153             153
  150        1266.785   -2793.388        1266.510   -2793.485             150             150
  200          56.234     862.931          56.364     862.901             200             200
  212       -1586.134    -996.786       -1586.211    -996.637             212             212
   88       -1271.439     180.330       -1271.522     180.430              88              88
  160        1179.698      25.746        1179.596      25.652             160             160
   35        1392.749     255.645        1392.751     255.562              35              35
   98         964.349   -1357.790         964.262   -1357.867              98              98
  110         410.597     475.563         410.694     475.519             110             110
   12         451.087     -48.107         451.152     -48.089              12              12
   91         347.225   -2341.260         347.134   -2341.305              91              91
  197       -2958.565      73.742       -2958.513      73.945             197             197
  102        -809.454    -563.725        -809.592    -563.707             102             102
   24         686.884    -119.948         686.840    -120.093              24              24
  115       -1665.971     215.696       -1666.005     215.769             115             115
    6         502.884     946.735         502.858     946.632               6               6
   58        1994.429     -36.892        1994.432     -37.153              58              58
   57       -1507.403    2800.866       -1507.111    2801.025              57              57
  200          53.247   -1020.621          53.090   -1020.580             200             200
  186        -339.967    1009.950        -339.931    1009.970             186             186
   43         160.204     743.016         160.183     743.046              43              43
   83        1365.725    -398.124        1365.642    -398.240              83              83
  190        -659.007    1534.701        -658.916    1534.824             190             190
  185        2082.489    -785.532        2082.365    -785.639             185             185
  170        -575.854   -1967.124        -576.099   -1967.105             170             170
   12        3510.838    1380.633        3511.016    1380.218              12              12
  102       -1555.380      65.297       -1555.290      65.478             102             102
    7         734.717    -163.220         734.698    -163.292               7               7
  248        -985.219    -509.506        -985.316    -509.444             248             248
  243        1641.929     910.403        1641.965     910.200             243             243
   50         693.092    -639.004         693.019    -639.125              50              50
  145        2289.851    1593.671        2290.099    1593.382             145             145
  137        -337.202     405.332        -337.022     405.369             137             137
  250        -605.317    1580.228        -605.083    1580.333             250             250
  102        -590.947     480.335        -590.884     480.513             102             102
  225          12.741    -691.607          12.662    -691.515             225             225
  154        -686.093   -1837.415        -686.329   -1837.377             154             154
  138         780.951     587.381         780.980     587.192             138             138
   68        -324.085    1047.945        -324.002    1047.967              68              68
    9        1303.411    -980.056        1303.298    -980.249               9               9
  150        -964.062     635.829        -964.017     635.801             150             150
  159        2117.195    1795.643        2117.402    1795.304             159             159
  206       -1346.774    2601.047       -1346.464    2601.205             206             206
  252        1148.358    2097.527        1148.552    2097.520             252             252
  184        1106.670     971.293        1106.847     971.336             184             184
   66        -858.355     563.364        -858.229     563.639              66              66
    3        -834.612    -646.238        -834.726    -646.014               3               3
  243        -381.959     410.558        -382.031     410.701             243             243
  123        1154.514    -328.319        1154.354    -328.347             123             123
  203        1573.180    -330.038        1573.103    -330.147             203             203
  173         850.212     117.819         850.225     117.814             173             173
  167        1253.419   -1326.942        1253.274   -1327.023             167             167
   31        1010.963   -1031.836        1010.878   -1031.980              31              31
  108        1460.016   -1231.066        1459.958   -1231.387             108             108
   97         440.645    2650.704         441.092    2650.559              97              97
  201        -230.908    1636.866        -230.629    1637.026             201             201
  120         604.187   -1433.565         604.076   -1433.544             120             120
  199         145.942      55.030         146.036      55.006             199             199
  208        -779.140    -754.303        -779.229    -754.274             208             208
  113        2424.622    1713.710        2424.910    1713.348             113             113
  186        -458.639    1024.969        -458.330    1025.068             186             186
    3        -306.469     871.928        -306.218     872.031               3               3
    3       -2371.622    1179.196       -2371.475    1179.613               3               3
   68        1815.595     297.061        1815.633     296.996              68              68
  254        -909.456    -498.103        -909.408    -497.833             254             254
  105       -1883.202   -2398.512       -1883.568   -2398.301             105             105
   38        1720.176    1792.127        1720.367    1791.818              38              38
  153        -662.966    1747.280        -662.693    1747.488             153             153
  243        -282.940    -320.214        -283.010    -319.986             243             243
  106         584.707   -1715.384         584.477   -1715.403             106             106
  162        -427.332      26.068        -427.340      26.091             162             162
  138        1008.425     263.556        1008.461     263.422             138             138
   10         -40.678     126.923         -40.623     126.938              10              10
  112         781.745     652.547         781.892     652.488             112             112
  135         103.465    -765.378         103.489    -765.388             135             135
  195       -1092.909    1502.192       -1092.613    1502.357             195             195
  178       -1251.957      96.428       -1251.955      96.693             178             178
  138        -290.685     347.597        -290.688     347.739             138             138
  182        -772.198    -914.697        -772.405    -914.524             182             182
   45         605.248      86.282         605.177      86.230              45              45
   86         434.843   -1100.852         434.683   -1100.922              86              86
  100        -596.591    -587.774        -596.710    -587.837             100             100
  213         706.390    2225.143         706.653    2224.970             213             213
  118         -77.397     799.173         -77.306     799.254             118             118
  208         132.570    -551.851         132.434    -551.892             208             208
   54        1206.380    2058.998        1206.668    2058.792              54              54
   63         164.572    2534.945         164.999    2535.115              63              63
   72        -846.879   -1088.142        -847.038   -1087.821              72              72
  253         -33.146     399.473         -33.179     399.567             253             253
   16        1001.021     254.514        1001.000     254.497              16              16
  186         734.732   -1099.897         734.580   -1099.978             186             186
  184        1236.798    1878.673        1237.178    1878.520             184             184
   19       -1912.404    1560.419       -1912.167    1560.953              19              19
  189        1611.996   -1767.984        1611.682   -1768.004             189             189
  253         314.623      87.732         314.692      87.816             253             253
   17         892.263   -1398.073         892.162   -1398.085              17              17
   38        -272.662   -1338.880        -272.686   -1338.851              38              38
   35       -2707.009       2.251       -2707.014       2.615              35              35
  171        -189.940    -130.989        -190.138    -130.949             171             171
   26         675.237   -1363.365         674.906   -1363.563              26              26
  142         726.563    1875.688         726.778    1875.514             142             142
   77        1297.431    -365.525        1297.396    -365.702              77              77
  165        -397.094     668.282        -396.975     668.317             165             165
  153        1295.213     904.835        1295.379     904.679             153             153
  189        -343.759     713.469        -343.584     713.657             189             189
   44        -305.122   -1867.719        -305.448   -1867.648              44              44
   92        1480.097     -12.079        1480.111     -12.471              92              92
  112        -127.048    1954.403        -126.665    1954.349             112             112
  183         332.249    1096.796         332.475    1096.810             183             183
   19          83.774      54.324          83.855      54.333              19              19
  158        -145.229    1218.282        -144.973    1218.282             158             158
   14        -174.262    2589.963        -173.797    2590.148              14              14
  119        -616.639    -634.620        -616.728    -634.327             119             119
  115         219.006      90.482         219.025      90.491             115             115
  132         -42.538     980.087         -42.329     980.130             132             132
   72        -530.322     998.595        -530.095     998.761              72              72
  170       -2131.376     894.722       -2131.320     895.136             170             170
  196         198.764    2781.945         199.010    2782.136             196             196
  145         608.530    -262.068         608.361    -261.884             145             145
  168         144.553    1590.194         144.678    1590.467             168             168
  212        2229.183   -1600.216        2228.906   -1600.340             212             212
   75        -422.872    1484.669        -422.576    1484.933              75              75
   97         718.309    -604.725         718.211    -604.578              97              97
  232        -132.000      -0.215        -132.000       0.000             232             232
    8         718.112     604.433         718.211     604.580               8               8
   94        -422.269   -1485.205        -422.572   -1484.936              94              94
  250        2228.617    1600.475        2228.902    1600.345             250             250
   47         144.814   -1590.752         144.682   -1590.469              47              47
  130         608.183     261.693         608.359     261.884             130             130
  165         199.278   -2782.334         199.017   -2782.135             165             165
   74       -2131.257    -895.583       -2131.318    -895.143              74              74
   16        -529.848    -998.938        -530.092    -998.762              16              16
  242         -42.100    -980.181         -42.326    -980.132             242             242
  239         219.044     -90.499         219.024     -90.490             239             239
  169        -616.827     634.003        -616.730     634.324             169             169
  176        -173.280   -2590.352        -173.792   -2590.149             176             176
   28        -144.686   -1218.284        -144.971   -1218.283              28              28
    6          83.945     -54.344          83.855     -54.333               6               6
   32         332.730   -1096.822         332.476   -1096.809              32              32
  212        -126.224   -1954.290        -126.661   -1954.351             212             212
   25        1480.128      12.925        1480.112      12.475              25              25
  190        -305.829    1867.565        -305.452    1867.647             190             190
  226        -343.378    -713.876        -343.582    -713.658             226             226
  145        1295.575    -904.491        1295.381    -904.676             145             145
   50        -396.835    -668.361        -396.975    -668.319              50              50
  103        1297.355     365.916        1297.396     365.705             103             103
  217         727.039   -1875.303         726.782   -1875.512             217             217
  220         674.505    1363.803         674.905    1363.564             220             220
   43        -190.379     130.901        -190.138     130.949              43              43
  107       -2707.018      -3.071       -2707.013      -2.622             107             107
  132        -272.719    1338.812        -272.690    1338.849             132             132
    0         892.031    1398.102         892.158    1398.086              -0               0
  182         314.778     -87.919         314.690     -87.815             182             182
  229        1611.283    1768.031        1611.679    1768.006             229             229
  232       -1911.860   -1561.638       -1912.163   -1560.957             232             232
  191        1237.669   -1878.322        1237.179   -1878.520             191             191
   68         734.378    1100.085         734.577    1099.979              68              68
  226        1000.976    -254.471        1001.001    -254.496             226             226
  239         -33.220    -399.692         -33.177    -399.567             239             239
  198        -847.251    1087.392        -847.039    1087.819             198             198
  135         165.581   -2535.343         165.005   -2535.115             135             135
   57        1207.064   -2058.509        1206.673   -2058.789              57              57
  215         132.246     551.949         132.432     551.894             215             215
  122         -77.179    -799.367         -77.305    -799.255             122             122
   40         707.023   -2224.729         706.658   -2224.968              40              40
  129        -596.878     587.923        -596.712     587.836             129             129
   42         434.457    1101.021         434.681    1100.923              42              42
   69         605.077     -86.155         605.177     -86.229              69              69
  135        -772.704     914.278        -772.409     914.523             135             135
   74        -290.691    -347.946        -290.688    -347.741              74              74
   25       -1251.952     -97.080       -1251.956     -96.696              25              25
  161       -1092.178   -1502.600       -1092.612   -1502.359             161             161
    9         103.521     765.403         103.488     765.388               9               9
  252         782.113    -652.398         781.894    -652.487             252             252
   50         -40.540    -126.962         -40.622    -126.938              50              50
   60        1008.518    -263.221        1008.463    -263.422              60              60
  100        -427.353     -26.129        -427.341     -26.093             100             100
   12         584.120    1715.434         584.473    1715.404              12              12
   25        -283.118     319.632        -283.010     319.985              25              25
  143        -662.262   -1747.814        -662.690   -1747.489             143             143
  119        1720.672   -1791.327        1720.371   -1791.814             119             119
  157       -1884.155    2397.962       -1883.573    2398.296             157             157
  143        -909.332     497.398        -909.409     497.830             143             143
   45        1815.696    -296.887        1815.634    -296.993              45              45
  131       -2371.233   -1180.297       -2371.473   -1179.619             131             131
  120        -305.804    -872.200        -306.215    -872.033             120             120
  237        -457.818   -1025.230        -458.327   -1025.067             237             237
  199        2425.392   -1712.743        2424.911   -1713.347             199             199
   90        -779.382     754.221        -779.231     754.273              90              90
  220         146.199     -54.966         146.038     -55.006             220             220
  142         603.882    1433.510         604.074    1433.545             142             142
  226        -230.142   -1637.303        -230.626   -1637.027             226             226
   21         441.882   -2650.304         441.099   -2650.557              21              21
  101        1459.849    1231.959        1459.954    1231.392             101             101
   92        1010.726    1032.238        1010.876    1031.983              92              92
   62        1253.012    1327.170        1253.272    1327.025              62              62
  230         850.250    -117.801         850.226    -117.812             230             230
  134        1572.963     330.350        1573.103     330.149             134             134
  132        1154.063     328.400        1154.354     328.349             132             132
  110        -382.164    -410.966        -382.031    -410.702             110             110
  209        -834.943     645.593        -834.729     646.012             209             209
  157        -857.990    -564.161        -858.227    -563.643             157             157
   15        1107.181    -971.413        1106.847    -971.333              15              15
  219        1148.928   -2097.499        1148.555   -2097.517             219             219
  154       -1345.855   -2601.514       -1346.457   -2601.207             154             154
   65        2117.814   -1794.639        2117.407   -1795.300              65              65
   24        -963.925    -635.749        -964.016    -635.802              24              24
  254        1303.072     980.636        1303.296     980.252             254             254
   77        -323.831   -1048.010        -323.999   -1047.967              77              77
   49         781.040    -586.810         780.982    -587.191              49              49
  142        -686.816    1837.298        -686.334    1837.376             142             142
  197          12.501     691.326          12.662     691.514             197             197
  207        -590.753    -480.878        -590.883    -480.512             207             207
   30        -604.586   -1580.555        -605.077   -1580.335              30              30
  242        -336.641    -405.449        -337.020    -405.371             242             242
   82        2290.629   -1592.763        2290.101   -1593.378              82              82
  150         692.859     639.387         693.017     639.127             150             150
  224        1642.047    -909.757        1641.968    -910.196             224             224
   26        -985.527     509.309        -985.318     509.443              26              26
  240         734.655     163.450         734.698     163.292             240             240
  188       -1555.088     -65.886       -1555.289     -65.481             188             188
  169        3511.416   -1379.271        3511.017   -1380.210             169             169
  210        -576.660    1967.057        -576.103    1967.103             210             210
  210        2082.077     785.892        2082.362     785.644             210             210
   14        -658.695   -1535.108        -658.911   -1534.825              14              14
   47        1365.445     398.513        1365.639     398.242              47              47
   16         160.136    -743.115         160.184    -743.045              16              16
  245        -339.846   -1010.023        -339.930   -1009.972             245             245
  181          52.713    1020.484          53.088    1020.581             181             181
  148       -1506.398   -2801.413       -1507.106   -2801.028             148             148
   99        1994.440      37.795        1994.432      37.158              99              99
  135         502.796    -946.375         502.858    -946.631             135             135
   50       -1666.088    -215.956       -1666.004    -215.773              50              50
  114         686.731     120.461         686.840     120.095             114             114
   99        -809.944     563.660        -809.595     563.705              99              99
  205       -2958.379     -74.467       -2958.513     -73.949             205             205
  180         346.892    2341.424         347.131    2341.307             180             180
  123         451.320      48.046         451.151      48.091             123             123
  204         410.952    -475.401         410.696    -475.518             204             204
    1         964.024    1358.074         964.258    1357.868               1               1
  172        1392.759    -255.336        1392.752    -255.559             172             172
   90        1179.318     -25.393        1179.595     -25.649              90              90
  198       -1271.747    -180.706       -1271.521    -180.434             198             198
  123       -1586.426     996.224       -1586.212     996.634             123             123
  120          56.730    -862.818          56.366    -862.900             120             120
  185        1265.725    2793.764        1266.505    2793.489             185             185
  206       -1624.641    1087.249       -1624.235    1088.111             206             206
   14       -1600.297   -2488.001       -1601.074   -2487.354              14              14
  153        -485.540      81.981        -485.843      82.111             153             153
  233         851.653    -868.027         851.200    -868.252             233             233
  255         -58.346     875.802         -58.303     875.833             255             255
   86         786.250    -403.897         786.000    -404.000              86              86
  146        -408.678      25.954        -408.860      26.111             146             146
  210         322.192    -608.366         321.650    -608.474             210             210
   40        3521.375    1418.177        3521.605    1417.353              40              40
  161         957.446    -253.816         957.559    -253.834             161             161
    1         876.650    -992.734         876.551    -992.888               1               1
   57         560.998     362.249         561.264     362.137              57              57
  150          48.939    -265.097          49.015    -265.023             150             150
  183        -300.424    -102.566        -300.447    -102.415             183             183
  205        1561.952    -601.844        1561.862    -602.251             205             205
  250         597.945    1608.481         598.611    1608.487             250             250
   63         277.355   -1236.811         277.367   -1236.602              63              63
    0       -1662.422    -759.563       -1662.436    -758.988              -0              -0
  108        -147.699   -1464.299        -148.057   -1464.176             108             108
  162         222.580   -2393.570         222.126   -2393.841             162             162
  205       -1949.920    -104.449       -1949.878    -104.347             205             205
   32        -744.667     815.366        -744.627     815.282              32              32
   29        1063.695    1286.714        1064.058    1286.369              29              29
  153       -2058.754     333.081       -2058.627     333.690             153             153
   34       -1088.729    -533.868       -1089.109    -533.594              34              34
  201        -696.697    -340.565        -697.136    -340.572             201             201
  244         114.058    1170.573         113.950    1170.362             244             244
  233        1709.614    1286.393        1709.721    1285.934             233             233
   69        -276.190     800.969        -276.174     801.127              69              69
  108        2201.794     389.943        2201.796     389.390             108             108
  163        -851.998    2178.795        -851.541    2179.219             163             163
   19        2951.362     671.629        2951.490     671.349              19              19
  123         246.271   -2821.029         245.755   -2820.909             123             123
   61        -523.260     -96.427        -523.228     -96.519              61              61
  253         109.681    1927.408         110.111    1927.327             253             253
  122        1225.009    1600.709        1225.467    1600.633             122             122
  147        -363.323    1735.776        -362.783    1736.475             147             147
  143        -153.334   -1945.846        -153.963   -1945.177             143             143
   77        1701.133   -3003.402        1700.374   -3003.765              77              77
  188       -1087.447     -55.833       -1087.383     -55.647             188             188
   48         109.500    -281.106         109.280    -281.135              48              48
   78         950.624     213.843         950.597     213.660              78              78
  245        1225.353    -843.841        1225.226    -844.124             245             245
  199          83.208     -82.985          83.396     -83.069             199             199
    5       -1450.183    1605.528       -1449.794    1606.127               5               5
  194        1582.076   -1295.062        1581.648   -1295.171             194             194
  193        -429.708   -1701.799        -430.149   -1701.659             193             193
   69        1074.858    -704.424        1074.682    -704.912              69              69
  195         420.386     506.428         420.721     506.135             195             195
   45       -1078.437    1400.507       -1077.963    1400.859              45              45
  231        -650.497     721.570        -650.483     722.071             231             231
  145        1546.535   -1414.497        1546.028   -1414.711             145             145
   78        1093.093      60.615        1093.339      60.408              78              78
    4       -2047.734   -1029.587       -2048.009   -1028.970               4               4
   43        1279.217    1248.588        1279.412    1248.391              43              43
  113         520.668   -2003.934         520.141   -2003.961             113             113
  206         685.930    1704.533         686.514    1704.507             206             206
   31         398.195   -1100.137         398.071   -1099.764              31              31
   90          54.700   -3477.549          53.994   -3477.487              90              90
   20       -2711.277    -787.907       -2711.565    -787.333              20              20
  140         979.958   -1833.792         979.137   -1834.362             140             140
  254         952.875     178.031         952.856     177.370             254             254
   40        1681.372     855.422        1681.818     854.771              40              40
    7        -595.111      83.595        -594.799      83.749               7               7
   59        -727.622   -1148.396        -727.904   -1148.405              59              59
   37        1007.423    1702.342        1007.998    1701.834              37              37
  130        1086.682    1218.653        1087.521    1218.453             130             130
  207       -3483.724     257.440       -3483.368     258.685             207             207
  180       -1137.061    -739.932       -1137.500    -739.488             180             180
  207        1168.827     768.841        1169.089     768.652             207             207
  139       -2244.468   -1447.856       -2244.827   -1447.097             139             139
  229        -375.328     830.221        -375.253     830.410             229             229
   30         163.743    -820.552         163.533    -820.407              30              30
  128       -2048.984    -130.039       -2049.063    -129.222             128             128
  172        -578.970   -2231.742        -579.808   -2231.464             172             172
   36       -2436.596   -1680.873       -2437.497   -1680.402              36              36
   67         332.840     364.887         332.330     364.557              67              67
  109        1466.314    -210.270        1465.922    -210.741             109             109
  105         213.516   -1201.986         212.985   -1202.166             105             105
    6         954.842    -315.648         954.662    -316.125               6               6
  155        -896.133   -1092.838        -896.609   -1092.845             155             155
   80         823.843     -17.454         823.596     -18.100              80              80
  152         465.189    1263.264         465.444    1262.931             152             152
  234         558.803    -150.583         558.685    -150.758             234             234
   85         135.015   -1782.432         134.405   -1782.775              85              85
  195         861.556     -38.478         861.554     -39.401             195             195
   91        -530.459    3019.083        -529.531    3018.859              91              91
   36         480.620    1569.887         481.111    1569.787              36              36
  227       -1396.556     609.662       -1396.455     610.186             227             227
  182        -187.446     347.244        -187.686     347.371             182             182
   56        1937.361    -496.407        1937.133    -497.072              56              56
  111        -822.004      88.981        -821.914      88.937             111             111
  181        -105.932    1970.982        -105.431    1970.850             181             181
   97        -455.215     124.096        -455.368     124.080              97              97
  119        1127.011    3329.094        1127.941    3328.758             119             119
  240        -508.440    1289.989        -508.064    1290.547             240             240
  134         949.236     795.212         949.567     795.396             134             134
  250       -2361.146   -1045.571       -2361.529   -1044.499             250             250
  192         445.510    -574.085         445.067    -574.155             192             192
   59        -551.813     153.025        -551.912     153.223              59              59
  202        -930.918    -264.378        -931.332    -264.090             202             202
   75         670.407      97.330         670.088      97.013              75              75
   32         319.990    1385.706         320.205    1385.642              32              32
  232         677.170    -282.594         676.975    -282.728             232             232
  203        -501.126     675.625        -501.009     675.754             203             203
  205        -198.245    1257.712        -198.051    1257.900             205             205
   13        -111.288     740.664        -111.279     741.024              13              13
   15         147.442    -994.535         146.936    -994.372              15              15
   59        -233.811    -381.144        -234.091    -381.118              59              59
  118        -770.937      31.414        -771.202      31.469             118             118
   22         194.772    1783.104         195.035    1782.958              22              22
  214        -421.199    1413.240        -421.012    1413.538             214             214
  199        -863.245    1557.938        -863.166    1558.565             199             199
  174        -188.165    1138.050        -188.392    1138.724             174             174
  193        1487.947   -1254.215        1487.116   -1254.146             193             193
   28         341.718    -613.151         341.334    -612.914              28              28
  114       -1231.392   -1989.811       -1232.456   -1989.311             114             114
   29        1528.906    -582.021        1528.319    -582.713              29              29
   65       -1133.198    1157.713       -1133.168    1158.047              65              65
   85          -2.675    -529.308          -3.416    -529.288              85              85
  212        -384.572    1570.012        -384.750    1570.247             212             212
  122        1211.047    -734.172        1210.118    -734.403             122             122
  197         772.953     755.116         772.649     754.888             197             197
  137         276.872    1673.015         276.767    1673.251             137             137
  219        2275.300      65.440        2274.841      65.258             219             219
   61         164.733    -909.327         164.189    -908.886              61              61
  122       -1568.548   -2068.556       -1569.823   -2067.879             122             122
   97        -449.147     302.056        -449.999     302.316              97              97
   56       -1010.404   -1865.621       -1012.254   -1865.190              56              56
   58        -374.336    -840.786        -376.264    -840.844              58              58
  156          -1.256     140.982          -3.304     140.822             156             156
    2       -1436.814     208.612       -1440.023     209.054               2               2
  133        -954.828    -215.469        -961.815    -215.168             133             133
