SINAL     NFT                         FFT                         NFT INVERSA     FFT INVERSA
-----     -----------------------     -----------------------     -----------     -----------
  171       66560.000       0.000       66560.000       0.000             171             171
  176         859.354    -948.812         859.367    -948.813             176             176
  182          27.600    1376.641          27.616    1376.640             182             182
  165         204.094     893.040         204.109     893.040             165             165
   89         658.810   -1023.411         658.823   -1023.414              89              89
   70        -902.310     987.515        -902.293     987.515              70              70
  108        -330.518    1417.742        -330.500    1417.744             108             108
  205          69.875   -1772.360          69.883   -1772.362             205             205
   31       -1296.464    3351.045       -1296.437    3351.050              31              31
   33        1223.035    1389.032        1223.052    1389.035              33              33
  230         447.949   -1072.197         447.955   -1072.192             230             230
   80         642.606    -727.767         642.614    -727.767              80              80
  140        1189.025   -1227.159        1189.032   -1227.170             140             140
  134         247.484     526.560         247.508     526.552             134             134
  227        -833.851     557.666        -833.831     557.668             227             227
  130        1373.180    2021.884        1373.214    2021.873             130             130
    3       -1013.798     567.536       -1013.771     567.551               3               3
   33        -877.805    1653.435        -877.778    1653.452              33              33
   92         977.720     734.605         977.741     734.608              92              92
  113        -532.863     461.130        -532.844     461.152             113             113
    7         858.672    -137.908         858.685    -137.902               7               7
  127         364.476    -156.347         364.496    -156.337             127             127
  176        -121.394    -327.445        -121.374    -327.431             176             176
  160        -879.631     395.018        -879.606     395.047             160             160
   48        -376.787   -1222.095        -376.790   -1222.072              48              48
  237        -263.882     138.396        -263.863     138.418             237             237
  159        -899.783   -2683.756        -899.813   -2683.730             159             159
  255        -505.373    -524.867        -505.373    -524.861             255             255
  242         547.520   -1245.661         547.518   -1245.672             242             242
   89       -2706.440   -1101.582       -2706.448   -1101.549              89              89
  109       -1624.480     804.533       -1624.489     804.552             109             109
  157        2064.699    -299.663        2064.676    -299.708             157             157
    9        1202.679     769.572        1202.711     769.546               9               9
   35       -2270.406    -223.536       -2270.411    -223.486              35              35
   67         865.124    -386.800         865.091    -386.828              67              67
   99        2382.256     968.821        2382.278     968.755              99              99
  106         591.151    1902.299         591.214    1902.293             106             106
  175        -861.299     913.751        -861.282     913.796             175             175
   48        2470.975     576.437        2470.985     576.414              48              48
  137        1191.602   -1510.628        1191.581   -1510.634             137             137
  208        1998.603     373.590        1998.643     373.553             208             208
   22         571.402   -1246.270         571.413   -1246.275              22              22
  218         283.740     409.515         283.791     409.509             218             218
   92        -655.215      43.871        -655.189      43.898              92              92
  156         887.754     572.593         887.796     572.585             156             156
  190        -842.282     508.061        -842.245     508.121             190             190
  223        1872.792   -1004.819        1872.799   -1004.831             223             223
  160       -2214.449   -2718.866       -2214.499   -2718.801             160             160
  223         909.611    1037.215         909.650    1037.181             223             223
   60         550.048    -861.353         550.054    -861.352              60              60
   18        -309.056   -1593.659        -309.066   -1593.658              18              18
  231       -1658.590    -435.006       -1658.588    -434.988             231             231
  187        -294.469    2113.160        -294.410    2113.162             187             187
  195         233.697     135.897         233.687     135.917             195             195
  136        2428.444    -619.455        2428.441    -619.524             136             136
  236        -117.616     274.730        -117.560     274.742             236             236
  177        -123.293      69.751        -123.261      69.774             177             177
   40         508.279    -449.768         508.300    -449.769              40              40
  235       -1081.318    -524.729       -1081.313    -524.681             235             235
  163        1053.676     280.700        1053.712     280.679             163             163
  129          70.430   -2158.579          70.412   -2158.593             129             129
   88       -2640.970    1723.177       -2640.873    1723.262              88              88
   64        -446.344     179.158        -446.345     179.206              64              64
  139        -536.732    -561.653        -536.757    -561.603             139             139
  123        -932.840   -1692.946        -932.932   -1692.909             123             123
  131         973.795   -1065.157         973.731   -1065.250             131             131
  238         721.443    2614.256         721.571    2614.211             238             238
  230        -751.290   -1383.590        -751.340   -1383.557             230             230
   51        -520.397    1949.689        -520.342    1949.706              51              51
   31        1554.592      81.527        1554.560      81.486              31              31
  112        3909.742     203.480        3909.816     203.324             112             112
    4       -2520.044     212.185       -2519.960     212.326               4               4
   54         244.160    -971.338         244.119    -971.346              54              54
   75        1107.448     691.865        1107.524     691.802              75              75
   97       -1492.473     942.780       -1492.390     942.869              97              97
  211       -1045.472     148.427       -1045.490     148.502             211             211
    9        1381.803    1557.310        1381.853    1557.301               9               9
   65        1461.099   -1192.656        1461.064   -1192.655              65              65
  116         630.852   -1304.953         630.828   -1304.957             116             116
  233         851.138   -1402.251         851.113   -1402.309             233             233
  125        1734.043    -574.314        1734.108    -574.466             125             125
  134       -1300.672    2485.509       -1300.440    2485.546             134             134
  208         -41.340    2198.011         -41.138    2198.077             208             208
   56       -2061.210     160.587       -2061.124     160.800              56              56
   73       -2161.083   -1432.778       -2161.145   -1432.600              73              73
   88        -990.930     385.544        -990.922     385.647              88              88
   37       -1245.837   -1362.096       -1245.949   -1361.977              37              37
  250         627.658    -691.424         627.584    -691.441             250             250
  128         647.132    -175.189         647.125    -175.200             128             128
   16         673.369    -827.007         673.361    -827.019              16              16
  158        -509.643    -545.986        -509.622    -545.937             158             158
    2       -1391.678   -1634.685       -1391.763   -1634.628               2               2
  104         388.028    1558.953         388.120    1558.921             104             104
  222        -296.404    -499.917        -296.410    -499.868             222             222
  141          -4.749     190.024          -4.706     190.047             141             141
  228        -768.395     145.846        -768.339     145.936             228             228
   98       -2976.633    -281.856       -2976.685    -281.609              98              98
  124         424.450   -1366.720         424.272   -1366.703             124             124
  203        1450.047    -987.729        1449.959    -987.804             203             203
  150         321.486   -1618.507         321.401   -1618.552             150             150
  156        -514.209     769.431        -514.176     769.457             156             156
   59        1987.266   -2355.502        1987.127   -2355.661              59              59
  155        -141.761    1319.522        -141.621    1319.482             155             155
  210         371.434    -577.409         371.438    -577.449             210             210
  134         397.473     223.738         397.555     223.658             134             134
  252         157.876    2533.597         158.152    2533.605             252             252
  166       -2141.843    -317.189       -2141.782    -316.979             166             166
  144       -2042.252     531.370       -2042.220     531.553             144             144
   61        -593.577     185.147        -593.600     185.247              61              61
   26         457.464      32.692         457.488      32.716              26              26
  121       -2364.795    1596.461       -2364.676    1596.754             121             121
  187       -1095.477   -2382.031       -1095.717   -2381.821             187             187
  160         600.668    -932.301         600.567    -932.275             160             160
   74       -1928.506   -1775.499       -1928.678   -1775.301              74              74
  244        -393.453   -1635.917        -393.689   -1635.869             244             244
  234        1457.000   -1429.082        1456.823   -1429.199             234             234
  163         258.960     -79.391         258.922     -79.390             163             163
   25        1292.476   -2123.351        1292.318   -2123.422              25              25
  229        -676.038   -1740.638        -676.167   -1740.624             229             229
   36         628.974    -498.921         628.916    -498.998              36              36
   41         143.307   -1894.513         143.159   -1894.557              41              41
  131         485.757   -1320.670         485.664   -1320.789             131             131
   38        -303.786    -771.378        -303.836    -771.447              38              38
  146         -92.807    -325.201         -92.846    -325.277             146             146
   98         625.688    -661.579         625.642    -661.716              98              98
  180         104.963    -172.232         104.998    -172.339             180             180
  119       -1146.688     548.382       -1146.606     548.413             119             119
  197       -2430.211   -1703.079       -2430.421   -1702.993             197             197
   49        -148.982    1745.113        -149.001    1745.000              49              49
   66        1725.264     207.188        1725.162     206.966              66              66
   91        2035.733    2106.667        2035.882    2106.469              91              91
  205        2246.881   -1103.197        2246.873   -1103.419             205             205
  126        -619.771    1433.475        -619.530    1433.451             126             126
  246       -1000.508    1167.959       -1000.357    1168.029             246             246
  160       -1385.001    1001.975       -1384.935    1002.114             160             160
    4        -467.166    -218.361        -467.260    -218.321               4               4
  243         190.588     457.475         190.549     457.402             243             243
   70         819.923    2387.746         820.083    2387.672              70              70
  149         492.652    1653.317         492.777    1653.388             149             149
   49         772.934    -508.061         772.897    -508.018              49              49
   96       -1095.022     294.399       -1095.029     294.593              96              96
   14        1087.452   -1973.118        1087.209   -1973.189              14              14
  236         467.927     709.133         467.968     709.073             236             236
    1         756.079    -186.245         756.051    -186.288               1               1
   88        -279.149    -191.209        -279.204    -191.174              88              88
  224        1169.772    -251.453        1169.692    -251.577             224             224
  235        1567.448     578.773        1567.516     578.610             235             235
  251        -197.230     978.027        -197.139     978.090             251             251
  249        2104.852     -66.625        2104.862     -66.751             249             249
  209         558.106    -649.269         558.134    -649.284             209             209
   32        -415.153     263.538        -415.080     263.614              32              32
   35         276.595    -661.517         276.531    -661.499              35              35
   84         856.536    -769.591         856.483    -769.669              84              84
   71         611.424   -1115.512         611.379   -1115.640              71              71
  181        -634.724    1518.391        -634.540    1518.413             181             181
  183         662.678     -91.151         662.680     -91.194             183             183
  251         238.635     285.380         238.713     285.363             251             251
   45       -1117.898     799.103       -1117.843     799.281              45              45
  124        2346.993   -1553.369        2346.857   -1553.583             124             124
   45       -1646.617     536.514       -1646.525     536.662              45              45
  112         923.423     303.765         923.415     303.716             112             112
  215         634.208   -1477.054         634.067   -1477.129             215             215
  250         585.179     927.553         585.308     927.467             250             250
  238         274.402    -821.730         274.355    -821.769             238             238
  206        -523.225     421.393        -523.209     421.395             206             206
  154        2099.762    1118.748        2099.868    1118.536             154             154
  243        1978.037    -344.044        1978.149    -344.244             243             243
  193       -1007.882     898.807       -1007.630     898.899             193             193
  224        -543.396    2444.926        -543.080    2445.106             224             224
  136         462.605     417.012         462.700     417.244             136             136
  242        -226.979   -3265.500        -227.274   -3265.285             242             242
   65         312.424   -2666.272         312.204   -2666.328              65              65
  150        -560.737   -1092.502        -560.777   -1092.534             150             150
  223        -414.988    -729.845        -415.001    -729.887             223             223
   66       -2005.944   -1020.786       -2006.087   -1020.685              66              66
  239         430.265     583.453         430.234     583.298             239             239
  191         418.932   -1182.657         418.733   -1182.854             191             191
   45        2314.043    2288.950        2314.359    2288.563              45              45
  235         -15.258     353.090         -15.045     353.070             235             235
  185       -2210.837     681.276       -2210.721     681.485             185             185
  254          88.592    1497.754          88.690    1497.756             254             254
   11         869.897     148.301         869.898     148.242              11              11
  220         -94.830     974.032         -94.726     974.114             220             220
   83        1111.514   -1434.161        1111.313   -1434.275              83              83
   82        3164.925     393.840        3165.134     393.383              82              82
  146        -464.801     951.456        -464.393     951.462             146             146
   10       -1477.797    2254.611       -1477.311    2254.867              10              10
   78       -3055.219    -189.568       -3055.212    -189.038              78              78
  192         340.243   -1436.897         340.040   -1436.903             192             192
  135        -680.422     218.737        -680.332     218.769             135             135
  123       -1671.713    1076.845       -1671.570    1077.058             123             123
   48       -1406.244     882.748       -1406.217     883.028              48              48
   95        -806.781   -1055.086        -807.067   -1054.908              95              95
  117         896.333      89.350         896.214      89.248             117             117
   31        1437.533     466.628        1437.610     466.515              31              31
   45       -1069.589   -1073.598       -1069.700   -1073.404              45              45
   16         533.813    -923.634         533.694    -923.737              16              16
   18       -1258.733   -1139.444       -1258.904   -1139.452              18              18
  239           1.123    2845.149           1.378    2845.047             239             239
  241        1394.163    1219.196        1394.300    1219.118             241             241
  155        -490.730     -55.127        -490.717     -54.952             155             155
  226         147.516   -1168.747         147.343   -1168.787             226             226
   50         119.269    1598.693         119.480    1598.635              50              50
   50        -824.936     879.821        -824.878     879.981              50              50
  193         993.967    2056.056         994.164    2056.108             193             193
  117         946.132   -1498.855         945.964   -1498.789             117             117
   33        -459.482    -307.461        -459.496    -307.330              33              33
  129         750.186    -310.948         750.179    -310.984             129             129
  162       -1103.986    -240.750       -1103.993    -240.540             162             162
   13        -975.173    -541.282        -975.370    -541.115              13              13
   59        1582.030     262.549        1581.965     262.376              59              59
  161         580.933     -91.298         580.921     -91.278             161             161
   25         518.295   -1694.735         518.062   -1694.797              25              25
   23        1036.412     729.381        1036.563     729.228              23              23
  245         450.565   -1035.179         450.567   -1035.241             245             245
  108       -2941.995     857.191       -2941.921     857.608             108             108
  170        1825.948    -833.580        1825.704    -833.796             170             170
    0        -133.330    -701.406        -133.442    -701.452              -0              -0
  186        -243.389    1168.012        -243.348    1168.019             186             186
  107        2105.967    -224.546        2105.828    -224.822             107             107
  135        2736.291     894.695        2736.529     894.345             135             135
   54         390.513    -119.228         390.708    -119.206              54              54
  155         209.975     736.139         210.268     736.238             155             155
  230        -990.028   -1380.843        -990.101   -1380.561             230             230
  172        -973.152   -1821.243        -973.440   -1821.133             172             172
  186        1543.499     126.341        1543.532     126.037             186             186
   20         354.073    -503.496         354.149    -503.613              20              20
  188        -572.535     923.831        -572.261     923.907             188             188
  205       -1478.821   -1552.658       -1479.041   -1552.504             205             205
    4         392.352    1722.204         392.549    1722.067               4               4
  174        1440.777     632.955        1440.972     632.821             174             174
  104       -1281.113    -579.047       -1281.076    -578.803             104             104
  230        -387.187     102.620        -387.142     102.678             230             230
  224       -1235.856    1187.932       -1235.744    1188.260             224             224
  154        1910.365   -3102.298        1909.896   -3102.538             154             154
  168        -524.581    -487.737        -524.525    -487.826             168             168
   86       -1067.906    -388.756       -1067.951    -388.801              86              86
  188         202.154    2163.881         202.461    2163.748             188             188
   42         218.715     -83.005         218.741     -83.052              42              42
  249        -477.776     935.600        -477.592     935.634             249             249
  202        -234.186     439.314        -234.089     439.321             202             202
  101       -1745.766    2017.684       -1745.564    2018.038             101             101
  154        2188.196   -1451.079        2187.891   -1451.382             154             154
  227        -460.976    1487.508        -460.705    1487.532             227             227
  125         728.589     531.738         728.665     531.642             125             125
  144        1239.203    1670.597        1239.586    1670.466             144             144
   79        -638.283    1575.613        -637.879    1575.950              79              79
   39        -560.061    -994.020        -560.151    -993.708              39              39
  144        -299.005    -472.841        -299.044    -472.707             144             144
    9          60.744     253.401          60.859     253.477               9               9
  146        -720.384    -171.525        -720.319    -171.297             146             146
   24       -1642.280    -495.064       -1642.391    -494.717              24              24
   63         -40.031    -477.327         -40.231    -477.298              63              63
   46        1405.716     506.953        1405.840     506.776              46              46
  255       -1185.402    -899.877       -1185.452    -899.657             255             255
  235       -1157.827     832.293       -1157.765     832.503             235             235
  233        1394.000       0.132        1394.000       0.000             233             233
   19       -1157.702    -832.720       -1157.764    -832.507              19              19
  168       -1185.507     899.426       -1185.454     899.653             168             168
  182        1405.968    -506.590        1405.841    -506.773             182             182
   23         -40.437     477.268         -40.231     477.298              23              23
   86       -1642.508     494.349       -1642.393     494.712              86              86
   30        -720.251     171.054        -720.318     171.294              30              30
  254          60.981    -253.556          60.859    -253.477             254             254
   55        -299.081     472.564        -299.042     472.707              55              55
  185        -560.250     993.367        -560.153     993.704             185             185
  167        -637.436   -1576.317        -637.874   -1575.951             167             167
  141        1240.011   -1670.320        1239.591   -1670.464             141             141
  118         728.749    -531.536         728.665    -531.641             118             118
  209        -460.401   -1487.562        -460.702   -1487.534             209             209
  134        2187.549    1451.727        2187.890    1451.388             134             134
   64       -1745.331   -2018.442       -1745.558   -2018.043              64              64
   54        -233.978    -439.327        -234.088    -439.320              54              54
   33        -477.376    -935.672        -477.588    -935.634              33              33
   35         218.769      83.105         218.740      83.052              35              35
  179         202.825   -2163.592         202.467   -2163.746             179             179
  178       -1068.006     388.850       -1067.952     388.798             178             178
  114        -524.462     487.930        -524.527     487.825             114             114
  219        1909.330    3102.829        1909.889    3102.542             219             219
   67       -1235.605   -1188.657       -1235.740   -1188.262              67              67
  124        -387.088    -102.751        -387.142    -102.679             124             124
  110       -1281.033     578.502       -1281.077     578.800             110             110
   91        1441.212    -632.653        1440.973    -632.819              91              91
  188         392.798   -1721.895         392.554   -1722.064             188             188
  156       -1479.319    1552.307       -1479.044    1552.500             156             156
   90        -571.913    -924.000        -572.258    -923.906              90              90
  168         354.243     503.763         354.148     503.612             168             168
  133        1543.575    -125.643        1543.534    -126.030             133             133
  110        -973.814    1820.990        -973.442    1821.132             110             110
   80        -990.202    1380.194        -990.105    1380.560              80              80
   60         210.652    -736.369         210.269    -736.239              60              60
  133         390.964     119.180         390.708     119.208             133             133
  167        2736.849    -893.873        2736.532    -894.340             167             167
   91        2105.641     225.200        2105.827     224.828              91              91
  132        -243.291   -1168.032        -243.346   -1168.022             132             132
  222        -133.597     701.514        -133.444     701.452             222             222
   20        1825.371     834.094        1825.704     833.797              20              20
   43       -2941.813    -858.196       -2941.917    -857.616              43              43
  108         450.565    1035.330         450.564    1035.243             108             108
  139        1036.777    -729.006        1036.565    -729.223             139             139
  253         517.728    1694.886         518.059    1694.798             253             253
  243         580.902      91.253         580.919      91.281             243             243
  203        1581.870    -262.124        1581.965    -262.374             203             203
   51        -975.660     540.871        -975.372     541.114              51              51
   20       -1104.003     240.231       -1103.993     240.538              20              20
  238         750.169     311.038         750.180     310.985             238             238
  231        -459.521     307.133        -459.499     307.328             231             231
  199         945.708    1498.696         945.960    1498.793             199             199
   97         994.469   -2056.183         994.169   -2056.106              97              97
  194        -824.790    -880.227        -824.877    -879.983             194             194
   10         119.806   -1598.550         119.483   -1598.638              10              10
  221         147.072    1168.847         147.340    1168.787             221             221
   49        -490.695      54.677        -490.717      54.950              49              49
  101        1394.518   -1218.988        1394.303   -1219.113             101             101
  153           1.789   -2844.888           1.384   -2845.048             153             153
  205       -1259.181    1139.461       -1258.907    1139.449             205             205
  192         533.498     923.904         533.690     923.737             192             192
   65       -1069.883    1073.089       -1069.703    1073.403              65              65
   83        1437.737    -466.326        1437.611    -466.512              83              83
   46         896.018     -89.078         896.216     -89.247              46              46
  146        -807.545    1054.612        -807.068    1054.909             146             146
  144       -1406.171    -883.504       -1406.216    -883.031             144             144
  180       -1671.321   -1077.427       -1671.567   -1077.062             180             180
   57        -680.179    -218.826        -680.333    -218.770              57              57
  235         339.685    1436.915         340.038    1436.903             235             235
   56       -3055.198     188.103       -3055.211     189.030              56              56
   24       -1476.448   -2255.322       -1477.305   -2254.871              24              24
    0        -463.665    -951.471        -464.388    -951.463              -0              -0
  100        3165.507    -392.559        3165.134    -393.378             100             100
  132        1110.950    1434.486        1111.312    1434.278             132             132
  139         -94.533    -974.257         -94.723    -974.112             139             139
   97         869.902    -148.130         869.899    -148.239              97              97
  120          88.874   -1497.760          88.692   -1497.758             120             120
   86       -2210.504    -681.882       -2210.719    -681.490              86              86
  149         -14.647    -353.031         -15.045    -353.069             149             149
  141        2314.964   -2287.822        2314.366   -2288.556             141             141
   69         418.353    1183.231         418.732    1182.854              69              69
  124         430.181    -582.990         430.237    -583.293             124             124
   84       -2006.366    1020.484       -2006.088    1020.682              84              84
  166        -415.029     729.969        -415.003     729.888             166             166
   63        -560.861    1092.597        -560.780    1092.534              63              63
   94         311.756    2666.441         312.198    2666.329              94              94
  131        -227.877    3264.852        -227.281    3265.285             131             131
  112         462.897    -417.715         462.703    -417.243             112             112
  196        -542.429   -2445.478        -543.077   -2445.108             196             196
   29       -1007.104    -899.094       -1007.627    -898.902              29              29
   62        1978.384     344.665        1978.149     344.247              62              62
  132        2100.094   -1118.080        2099.871   -1118.529             132             132
   95        -523.175    -421.402        -523.209    -421.398              95              95
  146         274.250     821.858         274.353     821.771             146             146
  178         585.589    -927.279         585.311    -927.467             178             178
  242         633.754    1477.294         634.062    1477.132             242             242
   34         923.397    -303.606         923.415    -303.714              34              34
  102       -1646.318    -536.997       -1646.524    -536.666             102             102
   43        2346.546    1554.068        2346.853    1553.587              43              43
   14       -1117.715    -799.687       -1117.841    -799.282              14              14
  159         238.894    -285.326         238.714    -285.363             159             159
   68         662.688      91.297         662.681      91.196              68              68
   14        -634.105   -1518.467        -634.536   -1518.415              14              14
    3         611.270    1115.945         611.376    1115.643               3               3
  201         856.355     769.856         856.482     769.671             201             201
  153         276.378     661.459         276.532     661.501             153             153
  101        -414.907    -263.799        -415.081    -263.615             101             101
   65         558.200     649.325         558.132     649.287              65              65
  240        2104.885      67.067        2104.861      66.755             240             240
  250        -196.906    -978.244        -197.135    -978.090             250             250
  206        1567.688    -578.198        1567.517    -578.607             206             206
   53        1169.486     251.897        1169.690     251.581              53              53
  118        -279.347     191.084        -279.204     191.174             118             118
   34         755.977     186.409         756.050     186.292              34              34
  219         468.074    -708.919         467.968    -709.073             219             219
  182        1086.559    1973.378        1087.203    1973.191             182             182
  129       -1095.046    -295.113       -1095.028    -294.596             129             129
   95         772.796     507.904         772.895     508.019              95              95
   38         493.118   -1653.576         492.780   -1653.387              38              38
   69         820.530   -2387.467         820.089   -2387.671              69              69
  125         190.439    -457.199         190.548    -457.401             125             125
  101        -467.525     218.210        -467.262     218.322             101             101
  201       -1384.749   -1002.511       -1384.934   -1002.117             201             201
  221        -999.925   -1168.229       -1000.354   -1168.029             221             221
  248        -618.835   -1433.385        -619.528   -1433.453             248             248
  124        2246.845    1104.076        2246.870    1103.427             124             124
  207        2036.322   -2105.882        2035.886   -2106.463             207             207
   26        1724.855    -206.301        1725.161    -206.959              26              26
  227        -149.053   -1744.662        -148.999   -1745.000             227             227
  250       -2431.073    1702.714       -2430.426    1702.987             250             250
   41       -1146.350    -548.515       -1146.604    -548.415              41              41
  130         105.103     172.673         104.997     172.340             130             130
   63         625.497     662.147         625.642     661.717              63              63
   55         -92.968     325.521         -92.846     325.279              55              55
  134        -304.000     771.673        -303.838     771.449             134             134
    8         485.358    1321.178         485.660    1320.792               8               8
  209         142.665    1894.703         143.155    1894.558             209             209
  235         628.724     499.256         628.916     499.000             235             235
   73        -676.612    1740.575        -676.171    1740.623              73              73
  193        1291.766    2123.670        1292.311    2123.426             193             193
  230         258.791      79.387         258.921      79.390             230             230
   23        1456.194    1429.615        1456.816    1429.203              23              23
  247        -394.525    1635.696        -393.694    1635.867             247             247
   93       -1929.298    1774.591       -1928.684    1775.295              93              93
   58         600.204     932.182         600.566     932.275              58              58
  210       -1096.602    2381.054       -1095.723    2381.818             210             210
   19       -2364.224   -1597.844       -2364.671   -1596.760              19              19
  187         457.575     -32.799         457.488     -32.716             187             187
   50        -593.685    -185.630        -593.599    -185.250              50              50
   58       -2042.093    -532.267       -2042.219    -531.560              58              58
    0       -2141.548     316.160       -2141.782     316.973              -0              -0
  175         159.240   -2533.632         158.160   -2533.604             175             175
  160         397.874    -223.345         397.555    -223.658             160             160
  202         371.453     577.612         371.437     577.451             202             202
  141        -141.045   -1319.323        -141.616   -1319.482             141             141
  152        1986.540    2356.320        1987.119    2355.666             152             152
   70        -514.032    -769.571        -514.174    -769.460              70              70
   92         321.034    1618.740         321.396    1618.553              92              92
  179        1449.579     988.130        1449.956     987.807             179             179
   42         423.499    1366.629         424.267    1366.703              42              42
   87       -2976.911     280.530       -2976.685     281.606              87              87
  220        -768.091    -146.341        -768.339    -145.938             220             220
  173          -4.507    -190.147          -4.705    -190.047             173             173
  150        -296.448     499.644        -296.413     499.867             150             150
   19         388.551   -1558.769         388.123   -1558.920              19              19
   51       -1392.167    1634.352       -1391.767    1634.623              51              51
  158        -509.523     545.708        -509.623     545.936             158             158
  229         673.320     827.080         673.359     827.020             229             229
   31         647.094     175.255         647.126     175.200              31              31
  231         627.214     691.525         627.582     691.441             231             231
  166       -1246.511    1361.377       -1245.951    1361.974             166             166
    5        -990.885    -386.178        -990.924    -385.652               5               5
  255       -2161.467    1431.679       -2161.148    1432.595             255             255
  157       -2060.677    -161.915       -2061.124    -160.806             157             157
   98         -40.061   -2198.423         -41.133   -2198.078              98              98
   57       -1299.192   -2485.749       -1300.434   -2485.550              57              57
  112        1734.460     575.292        1734.108     574.468             112             112
  118         850.964    1402.636         851.110    1402.310             118             118
  245         630.692    1304.982         630.827    1304.958             245             245
  163        1460.853    1192.660        1461.060    1192.658             163             163
  176        1382.152   -1557.237        1381.858   -1557.298             176             176
  245       -1045.593    -148.948       -1045.489    -148.506             245             245
   82       -1491.887    -943.406       -1492.386    -942.873              82              82
   80        1107.984    -691.420        1107.525    -691.799              80              80
  192         243.863     971.389         244.116     971.344             192             192
  224       -2519.437    -213.219       -2519.959    -212.332             224             224
  232        3910.289    -202.316        3909.818    -203.315             232             232
    7        1554.355     -81.215        1554.559     -81.482               7               7
   60        -519.979   -1949.818        -520.338   -1949.707              60              60
  156        -751.679    1383.334        -751.343    1383.555             156             156
   49         722.441   -2613.904         721.576   -2614.208              49              49
  147         973.286    1065.893         973.727    1065.253             147             147
  120        -933.580    1692.643        -932.934    1692.908             120             120
  222        -536.933     561.235        -536.758     561.600             222             222
   41        -446.345    -179.551        -446.344    -179.206              41              41
  140       -2640.135   -1723.929       -2640.870   -1723.270             140             140
   18          70.257    2158.699          70.408    2158.593              18              18
  199        1054.007    -280.499        1053.715    -280.675             199             199
  113       -1081.264     524.302       -1081.312     524.680             113             113
   49         508.464     449.776         508.298     449.770              49              49
  175        -122.992     -69.966        -123.261     -69.775             175             175
   24        -117.086    -274.844        -117.559    -274.742              24              24
   55        2428.419     620.141        2428.441     619.530              55              55
  174         233.592    -136.086         233.686    -135.916             174             174
  182        -293.864   -2113.188        -294.404   -2113.163             182             182
  154       -1658.575     434.811       -1658.589     434.983             154             154
  232        -309.170    1593.646        -309.070    1593.657             232             232
   38         550.106     861.352         550.051     861.353              38              38
   16         910.031   -1036.845         909.651   -1037.180              16              16
  221       -2215.030    2718.120       -2214.505    2718.795             221             221
  201        1872.855    1004.978        1872.797    1004.835             201             201
  193        -841.865    -508.754        -842.245    -508.124             193             193
  211         888.256    -572.491         887.797    -572.583             211             211
   28        -654.879     -44.207        -655.186     -43.901              28              28
   18         284.374    -409.442         283.793    -409.509              18              18
  147         571.523    1246.339         571.409    1246.277             147             147
  252        1999.115    -373.105        1998.642    -373.551             252             252
  251        1191.314    1510.718        1191.578    1510.636             251             251
  154        2471.101    -576.103        2470.984    -576.409             154             154
   57        -861.051    -914.400        -861.282    -913.801              57              57
  151         592.064   -1902.204         591.219   -1902.292             151             151
  204        2382.581    -967.837        2382.280    -968.751             204             204
  204         864.607     387.233         865.088     386.830             204             204
   15       -2270.488     222.740       -2270.413     223.480              15              15
  170        1203.210    -769.137        1202.712    -769.544             170             170
  246        2064.323     300.436        2064.676     299.711             246             246
  156       -1624.618    -804.887       -1624.488    -804.556             156             156
  188       -2706.606    1100.933       -2706.450    1101.542             188             188
  190         547.461    1245.880         547.516    1245.675             190             190
   13        -505.389     524.732        -505.374     524.858              13              13
  238        -900.401    2683.229        -899.817    2683.728             238             238
  109        -263.488    -138.873        -263.862    -138.421             109             109
   37        -376.871    1221.605        -376.792    1222.071              37              37
   38        -879.056    -395.704        -879.604    -395.050              38              38
   28        -120.943     327.104        -121.377     327.429              28              28
  219         364.953     156.111         364.495     156.337             219             219
  192         858.993     137.776         858.685     137.905             192             192
    4        -532.318    -461.753        -532.841    -461.154               4               4
    2         978.322    -734.692         977.742    -734.607               2               2
  209        -876.927   -1653.971        -877.773   -1653.455             209             209
  226       -1012.937    -568.036       -1013.771    -567.552             226             226
  204        1374.464   -2021.438        1373.221   -2021.869             204             204
  147        -833.099    -557.754        -833.831    -557.671             147             147
  181         248.460    -526.234         247.510    -526.552             181             181
  233        1189.321    1227.676        1189.030    1227.173             233             233
  165         642.967     727.835         642.613     727.769             165             165
   73         448.249    1071.916         447.954    1072.193              73              73
  230        1224.044   -1389.141        1223.055   -1389.031             230             230
  160       -1294.650   -3351.360       -1296.432   -3351.053             160             160
  227          70.294    1772.530          69.878    1772.362             227             227
   31        -328.900   -1417.978        -330.499   -1417.745              31              31
   56        -900.423    -987.622        -902.291    -987.517              56              56
  176         660.412    1023.686         658.821    1023.414             176             176
  236         206.806    -893.065         204.111    -893.040             236             236
   72          31.704   -1376.407          27.617   -1376.639              72              72
   90         866.161     949.325         859.365     948.815              90              90
