SINAL     NFT                         FFT                         NFT INVERSA     FFT INVERSA
-----     -----------------------     -----------------------     -----------     -----------
   72       67429.000       0.000       67429.000       0.000              72              72
  152        -898.658     120.020        -898.644     120.020             152             152
   14         139.542     620.540         139.557     620.540              14              14
  129       -2887.203   -1290.137       -2887.192   -1290.134             129             129
  156        1631.971    1483.923        1631.985    1483.918             156             156
   62         561.571    -164.962         561.583    -164.964              62              62
  238        1796.927    1199.617        1796.947    1199.611             238             238
   63       -1468.118     827.138       -1468.100     827.144              63              63
  187        2479.267    1638.530        2479.290    1638.523             187             187
   68        -953.454    -644.628        -953.436    -644.619              68              68
  231        -906.145    1914.438        -906.116    1914.451             231             231
   85       -2079.652   -1462.711       -2079.650   -1462.685              85              85
  219         764.026   -2885.757         764.015   -2885.760             219             219
  193        -687.760    -909.201        -687.753    -909.202             193             193
   22         -80.994      65.889         -80.982      65.884              22              22
  123        -386.405     215.471        -386.391     215.475             123             123
  238         290.399    -427.219         290.406    -427.219             238             238
   78        -847.272   -2089.220        -847.285   -2089.221              78              78
   50         697.885    2039.688         697.913    2039.670              50              50
   95        1347.123     714.045        1347.146     714.039              95              95
   50         409.130   -1895.085         409.128   -1895.087              50              50
  105        -867.809    -100.319        -867.795    -100.313             105             105
  112         992.381   -1112.612         992.378   -1112.635             112             112
  171         596.694    -442.933         596.711    -442.959             171             171
  119         526.857     614.260         526.894     614.233             119             119
   59        -820.451    2033.293        -820.389    2033.303              59              59
  105       -1110.230    -669.146       -1110.218    -669.126             105             105
  102       -1091.321      62.089       -1091.305      62.098             102             102
  139        -686.920     601.449        -686.899     601.453             139             139
  227       -1132.338     469.111       -1132.323     469.125             227             227
   51        -271.548     451.227        -271.542     451.223              51              51
  211         622.782    1313.936         622.812    1313.919             211             211
  124        1130.469    1792.134        1130.531    1792.119             124             124
   66       -2048.531    1310.396       -2048.483    1310.470              66              66
   84        -321.261   -1979.709        -321.302   -1979.686              84              84
   24         -70.612     660.053         -70.590     660.052              24              24
  128       -1119.174     338.866       -1119.168     338.902             128             128
   67         219.599     399.512         219.594     399.527              67              67
   88        2030.885   -1651.236        2030.856   -1651.275              88              88
   60        -315.237    -257.608        -315.217    -257.609              60              60
  135        -717.851      76.670        -717.842      76.683             135             135
   63         862.413     349.639         862.429     349.619              63              63
  145         622.113    -729.499         622.128    -729.514             145             145
   98       -3072.079   -1026.359       -3072.102   -1026.301              98              98
    1         527.806    2072.774         527.832    2072.748               1               1
  168        1207.067    -545.027        1207.041    -545.056             168             168
  221        1592.222     927.337        1592.258     927.293             221             221
  240        1335.071    -315.272        1335.094    -315.302             240             240
  246        1076.716    -883.730        1076.745    -883.779             246             246
   16       -1699.622    2015.306       -1699.516    2015.357              16              16
   80          26.986   -1180.265          26.970   -1180.261              80              80
   41        -500.875     457.379        -500.830     457.377              41              41
  122       -1414.418     570.906       -1414.390     570.936             122             122
  192        -148.266    2989.749        -148.171    2989.785             192             192
  213        -332.435   -1896.140        -332.515   -1896.085             213             213
  241        2405.059   -1067.705        2405.041   -1067.811             241             241
  252        -291.630    3208.583        -291.463    3208.614             252             252
   63        -957.432   -2442.370        -957.487   -2442.296              63              63
   88        -820.007     -33.917        -819.997     -33.884              88              88
  135         353.793   -1883.498         353.743   -1883.526             135             135
   34       -1294.698    -669.481       -1294.705    -669.493              34              34
  140        -564.118    1876.048        -564.046    1876.025             140             140
   91        -946.253     694.737        -946.244     694.751              91              91
  158         702.194    2575.789         702.279    2575.764             158             158
  206        -447.294    1312.755        -447.256    1312.823             206             206
  175        1858.392     -74.318        1858.387     -74.343             175             175
  183         427.330    -816.790         427.328    -816.784             183             183
   79           0.348     -44.410           0.373     -44.404              79              79
  243          61.037    -226.808          61.045    -226.813             243             243
   15        1230.836    1084.475        1230.927    1084.432              15              15
  140        -818.256    -304.399        -818.215    -304.333             140             140
  122        -151.347    -992.007        -151.341    -992.006             122             122
   79       -2613.135     545.252       -2613.097     545.351              79              79
   30        -207.626     974.156        -207.617     974.164              30              30
  221        1285.852     797.991        1285.895     797.947             221             221
   81        -246.269    1269.604        -246.172    1269.662              81              81
  198        -602.502     -26.397        -602.481     -26.293             198             198
  187        -219.940   -2174.308        -220.029   -2174.270             187             187
   65        -235.464     -98.957        -235.435     -98.959              65              65
  189       -1744.595    -603.639       -1744.611    -603.570             189             189
  204       -1505.266    1055.309       -1505.260    1055.381             204             204
  145        1731.956    -340.192        1731.915    -340.274             145             145
  231           9.126      -2.092           9.170      -2.110             231             231
   70       -2036.566    1258.934       -2036.490    1259.039              70              70
   81        -881.261    1070.118        -881.240    1070.205              81              81
  188       -1918.229     227.481       -1918.313     227.642             188             188
   56        2478.038    -118.847        2477.939    -118.924              56              56
   77        1968.033   -1221.332        1967.978   -1221.404              77              77
  252        -775.625    -769.776        -775.662    -769.734             252             252
  145         905.973     -24.053         905.945     -24.109             145             145
  213        1538.773    -461.206        1538.762    -461.302             213             213
   30          63.247     447.490          63.308     447.488              30              30
   29         123.583   -1029.898         123.535   -1029.921              29              29
   48         855.883     835.439         855.959     835.349              48              48
  189        -224.283    1990.541        -224.135    1990.583             189             189
  236         739.092    -160.657         739.122    -160.634             236             236
  224       -1670.585    -312.161       -1670.596    -312.016             224             224
  117         505.597     313.034         505.574     313.059             117             117
   60        1958.029   -1840.589        1957.937   -1840.681              60              60
  211        -367.790    -320.495        -367.753    -320.482             211             211
  133        -147.692    -476.729        -147.694    -476.729             133             133
  201        -621.441     570.923        -621.407     570.986             201             201
   78        1261.368   -2494.317        1261.210   -2494.421              78              78
  212         204.205    1146.208         204.322    1146.139             212             212
  231         954.242     134.886         954.330     134.823             231             231
   43       -1839.711    -330.568       -1839.666    -330.455              43              43
   38       -1678.623     319.054       -1678.630     319.165              38              38
  174        -579.193   -1586.639        -579.400   -1586.654             174             174
  231        2841.217    2079.824        2841.322    2079.574             231             231
  103        1269.965     452.821        1270.066     452.747             103             103
  107         173.243     250.452         173.347     250.447             107             107
  179        -642.459     336.918        -642.370     336.966             179             179
  248       -1123.407     623.129       -1123.357     623.230             248             248
   82         200.062    -296.894         200.000    -296.889              82              82
  249        2837.472    -254.492        2837.518    -254.712             249             249
   73       -1389.718    -115.180       -1389.614    -115.120              73              73
   15        -595.167    1316.005        -595.033    1316.026              15              15
   50        -151.918      82.340        -151.877      82.342              50              50
  151        -904.291     603.776        -904.245     603.796             151             151
   11        1583.941    3159.794        1584.220    3159.709              11              11
  195        -703.437    -267.138        -703.367    -267.007             195             195
  108        -777.863    1416.244        -777.691    1416.361             108             108
   42       -1694.450     616.211       -1694.398     616.447              42              42
  225         379.429    -767.288         379.363    -767.256             225             225
  156        -781.571    1151.055        -781.465    1151.181             156             156
  232        -104.814    -901.386        -104.874    -901.310             232             232
  206       -1199.395      28.869       -1199.407      28.977             206             206
  124         246.307    1264.110         246.374    1264.137             124             124
   93         206.948     721.903         207.000     722.000              93              93
   11         418.330    -635.515         418.292    -635.435              11              11
   80         -72.959    -816.278         -73.000    -816.199              80              80
  227        -148.882   -1062.723        -148.958   -1062.696             227             227
  212         602.346     693.373         602.436     693.333             212             212
  158         503.013     671.896         503.158     671.933             158             158
  184        -597.155    -561.207        -597.093    -561.066             184             184
  188       -1455.142    -183.787       -1455.077    -183.591             188             188
  202       -1898.467    -142.367       -1898.461    -142.111             202             202
  222       -1761.795    -830.880       -1761.931    -830.639             222             222
  106         260.127    -429.191         260.031    -429.125             106             106
  177        -636.590   -1621.519        -636.752   -1621.381             177             177
   69       -1018.294   -2486.804       -1018.580   -2486.740              69              69
  213         939.561     189.560         939.558     189.416             213             213
  100       -2178.153    -228.150       -2178.231    -227.951             100             100
   61        1372.864    -936.718        1372.686    -936.869              61              61
   40         742.557     268.155         742.593     268.051              40              40
   94         -11.546     350.152         -11.472     350.166              94              94
  135        -522.577    -637.212        -522.597    -637.163             135             135
   56       -1787.869    1017.801       -1787.805    1017.996              56              56
  145         147.611    -657.910         147.472    -657.860             145             145
   30         280.287    -963.883         280.182    -963.904              30              30
   67       -1443.958    -311.134       -1444.035    -311.028              67              67
   84         181.443     629.732         181.410     629.708              84              84
  139         322.325     199.775         322.282     199.784             139             139
  110         773.529    -597.356         773.465    -597.416             110             110
   54       -1335.282     498.389       -1335.262     498.535              54              54
   40        -141.344    -151.805        -141.462    -151.765              40              40
   86         243.253     967.906         243.244     967.945              86              86
    4         866.214    -314.269         866.096    -314.251               4               4
  165         982.672    -538.792         982.573    -538.802             165             165
  180         577.654   -1104.770         577.516   -1104.773             180             180
   15         380.016    -984.417         379.864    -984.461              15              15
  245        1794.513     554.671        1794.564     554.506             245             245
  151         771.249    -750.006         771.238    -750.033             151             151
  227        -304.361    -197.762        -304.336    -197.690             227             227
  147         -74.435    -650.547         -74.505    -650.502             147             147
   79        -112.453     420.603        -112.441     420.691              79              79
  159         555.821    -926.403         555.670    -926.331             159             159
   93        1334.176   -2667.688        1333.891   -2667.811              93              93
   45         504.283     422.326         504.383     422.293              45              45
   10        -472.338   -2897.428        -472.650   -2897.362              10              10
   15         960.359   -1249.031         960.210   -1249.245              15              15
  115         693.523    -330.641         693.535    -330.810             115             115
  223        -773.905    -385.952        -773.953    -385.926             223             223
  115        1120.932    -959.949        1120.781    -960.166             115             115
  176        1223.375     987.546        1223.501     987.356             176             176
    8        2332.963    -758.680        2333.030    -758.947               8               8
  210       -1081.106    -719.649       -1080.985    -719.595             210             210
   56       -1690.773     787.753       -1690.622     787.922              56              56
   64       -1486.003   -1582.336       -1486.276   -1582.212              64              64
  100        1227.891     621.080        1227.864     620.840             100             100
   86         969.962     945.557         970.066     945.456              86              86
  132         965.658   -1204.267         965.557   -1204.384             132             132
  184        1045.996     837.595        1046.199     837.465             184             184
  225        -278.222    -886.217        -278.200    -886.149             225             225
  243       -1003.363   -1009.920       -1003.433   -1009.824             243             243
  238        -165.162   -1843.554        -165.386   -1843.685             238             238
    9        -392.669    1590.510        -392.522    1590.418               9               9
   73        1569.178    -182.207        1569.152    -182.448              73              73
  243         998.599     375.469         998.775     375.280             243             243
  174        -795.624    -626.191        -795.559    -626.219             174             174
  254       -1804.966    1678.209       -1804.758    1678.276             254             254
    2        -179.688    3363.301        -179.378    3363.394               2               2
  164        1275.435   -1109.110        1275.257   -1109.176             164             164
  150         631.849    2694.022         632.228    2694.054             150             150
  230         493.803    -759.480         493.777    -759.318             230             230
   55           4.500   -1466.649           4.394   -1466.561              55              55
  229        -517.662     127.418        -517.613     127.555             229             229
  134         703.670   -1591.596         703.522   -1591.629             134             134
  149       -1528.225    -769.888       -1528.325    -769.710             149             149
   19        1189.378    -714.197        1189.250    -714.398              19              19
  144          14.917     978.248          15.063     978.286             144             144
  164        1011.064   -2044.259        1010.844   -2044.350             164             164
  135        -603.524    -735.612        -603.595    -735.608             135             135
  112        1599.352      47.024        1599.395      46.785             112             112
   24         557.879   -1418.478         557.843   -1418.597              24              24
   55       -1064.866    -664.227       -1064.874    -664.205              55              55
  120         866.784    -315.866         866.793    -316.115             120             120
  235         -45.540     -15.705         -45.451     -15.835             235             235
  111         935.101      20.801         935.256      20.506             111             111
  185       -1245.755    2127.282       -1245.308    2127.367             185             185
   79        -855.308    1139.878        -855.095    1140.081              79              79
  198        -852.424   -1208.700        -852.600   -1208.557             198             198
   62         789.550     921.900         789.689     921.781              62              62
    8         -25.980    -493.024         -25.969    -492.986               8               8
  168         284.996    -830.833         284.987    -830.947             168             168
   49        -922.671    1632.199        -922.361    1632.320              49              49
  246        -280.529   -1286.712        -280.699   -1286.657             246             246
  178        1205.913     704.634        1206.104     704.441             178             178
  123         -60.388    -866.972         -60.314    -866.980             123             123
  234        -652.941      61.724        -652.734      61.747             234             234
   96       -1631.975    -103.453       -1631.862    -103.299              96              96
  121        -177.516    1115.004        -177.211    1115.008             121             121
  236       -2781.009    -357.022       -2780.944    -356.611             236             236
    5       -2270.790     336.641       -2270.809     336.966               5               5
   15       -1439.515    -768.503       -1439.799    -768.328              15              15
  211         344.913     483.011         344.847     482.896             211             211
   60        -259.145     142.103        -259.191     142.112              60              60
  245        -140.502     523.058        -140.500     523.091             245             245
   89         560.093   -1113.326         559.881   -1113.452              89              89
  210        1616.167     952.776        1616.448     952.477             210             210
    9       -2012.682    -678.656       -2012.608    -678.397               9               9
  233       -2390.876    -322.252       -2390.999    -322.073             233             233
  118         255.922    3195.491         256.261    3195.444             118             118
  144         885.063   -1146.291         884.932   -1146.342             144             144
   89       -2751.297    1139.983       -2751.185    1140.444              89              89
  143        2046.380   -1820.129        2046.048   -1820.439             143             143
  199       -2049.029    -119.526       -2049.036    -119.375             199             199
  210         111.224     498.874         111.188     498.691             210             210
  122         392.502    1446.312         392.701    1446.139             122             122
   55         -70.813    1431.887         -70.546    1431.881              55              55
  139       -1151.549     848.673       -1151.397     848.860             139             139
  202       -1612.470    1757.577       -1612.321    1757.895             202             202
  253         358.338     877.066         358.311     877.164             253             253
  202         319.121     550.042         319.140     550.187             202             202
  210        -618.914   -1320.343        -619.205   -1320.146             210             210
  166         213.747     259.126         213.676     259.094             166             166
  251        -151.510     448.100        -151.557     448.188             251             251
  201         -33.396    -559.265         -33.686    -559.214             201             201
   88        2825.591     -79.651        2825.513     -80.119              88              88
  118          83.814    -455.746          83.790    -455.857             118             118
  179        1908.273    2543.229        1908.791    2542.942             179             179
  185        -630.177    -945.321        -630.169    -945.133             185             185
  239        -316.585     508.747        -316.443     508.746             239             239
  160          20.147    1533.507          20.454    1533.524             160             160
  190        -473.137     925.426        -472.940     925.572             190             190
  255         174.620    3197.065         175.216    3197.313             255             255
  115       -1643.000      -0.786       -1643.000       0.000             115             115
  251         175.829   -3197.567         175.223   -3197.315             251             251
  244        -472.739    -925.724        -472.939    -925.575             244             244
  204          20.774   -1533.538          20.457   -1533.523             204             204
  205        -316.294    -508.745        -316.442    -508.746             205             205
  253        -630.163     944.935        -630.171     945.132             253             253
  182        1909.342   -2542.636        1908.796   -2542.939             182             182
   68          83.765     455.977          83.790     455.858              68              68
  141        2825.430      80.623        2825.513      80.122             141             141
   16         -34.002     559.159         -33.689     559.214              16              16
  212        -151.605    -448.282        -151.556    -448.188             212             212
   85         213.596    -259.056         213.675    -259.092              85              85
  226        -619.532    1319.927        -619.209    1320.145             226             226
   79         319.161    -550.346         319.141    -550.186              79              79
  141         358.283    -877.273         358.312    -877.163             141             141
  110       -1612.150   -1758.258       -1612.317   -1757.901             110             110
   25       -1151.224    -849.075       -1151.396    -848.862              25              25
  139         -70.236   -1431.874         -70.542   -1431.881             139             139
   56         392.935   -1445.939         392.704   -1446.139              56              56
  236         111.150    -498.476         111.191    -498.689             236             236
   49       -2049.045     119.192       -2049.036     119.371              49              49
   52        2045.651    1820.815        2046.044    1820.446              52              52
  181       -2751.050   -1140.998       -2751.184   -1140.449             181             181
  137         884.771    1146.407         884.929    1146.345             137             137
  170         256.677   -3195.387         256.265   -3195.444             170             170
  105       -2391.151     321.847       -2391.000     322.067             105             105
   67       -2012.518     678.076       -2012.609     678.394              67              67
  154        1616.798    -952.101        1616.451    -952.472             154             154
   10         559.615    1113.612         559.880    1113.454              10              10
    1        -140.497    -523.133        -140.500    -523.091               1               1
  153        -259.246    -142.124        -259.188    -142.112             153             153
  125         344.764    -482.750         344.848    -482.897             125             125
  252       -1440.165     768.101       -1439.800     768.327             252             252
  142       -2270.832    -337.398       -2270.808    -336.972             142             142
   74       -2780.863     356.065       -2780.946     356.606              74              74
  202        -176.805   -1115.011        -177.208   -1115.007             202             202
  140       -1631.711     103.091       -1631.862     103.296             140             140
    1        -652.455     -61.780        -652.733     -61.749               1               1
   15         -60.217     866.991         -60.316     866.981              15              15
   26        1206.365    -704.173        1206.105    -704.437              26              26
   17        -280.936    1286.581        -280.702    1286.657              17              17
  227        -921.924   -1632.489        -922.356   -1632.321             227             227
  111         284.973     831.105         284.986     830.947             111             111
  244         -25.958     492.939         -25.972     492.990             244             244
   50         789.891    -921.611         789.692    -921.780              50              50
  253        -852.856    1208.350        -852.604    1208.555             253             253
   99        -854.783   -1140.376        -855.091   -1140.083              99              99
   76       -1244.656   -2127.493       -1245.303   -2127.370              76              76
  136         935.481     -20.072         935.256     -20.504             136             136
  155         -45.314      16.029         -45.448      15.837             155             155
   56         866.805     316.489         866.792     316.118              56              56
  186       -1064.886     664.171       -1064.873     664.205             186             186
  208         557.786    1418.777         557.841    1418.599             208             208
  238        1599.463     -46.414        1599.397     -46.780             238             238
   67        -603.707     735.601        -603.597     735.607              67              67
  123        1010.498    2044.493        1010.839    2044.353             123             123
   88          15.293    -978.343          15.064    -978.285              88              88
  134        1189.046     714.720        1189.248     714.403             134             134
   21       -1528.485     769.425       -1528.326     769.706              21              21
   98         703.279    1591.681         703.516    1591.630              98              98
  136        -517.533    -127.776        -517.612    -127.556             136             136
  175           4.218    1466.416           4.390    1466.560             175             175
  224         493.733     759.052         493.777     759.319             224             224
  133         632.862   -2694.108         632.237   -2694.054             133             133
   62        1274.958    1109.288        1275.256    1109.177              62              62
   43        -178.837   -3363.552        -179.369   -3363.395              43              43
   79       -1804.396   -1678.401       -1804.754   -1678.281              79              79
  202        -795.450     626.268        -795.561     626.219             202             202
   44         999.080    -374.951         998.776    -375.278              44              44
   95        1569.107     182.878        1569.152     182.454              95              95
  228        -392.260   -1590.257        -392.519   -1590.417             228             228
   62        -165.792    1843.918        -165.392    1843.686              62              62
   66       -1003.562    1009.650       -1003.436    1009.822              66              66
   84        -278.161     886.027        -278.201     886.149              84              84
   50        1046.573    -837.224        1046.202    -837.462              50              50
  117         965.366    1204.600         965.553    1204.385             117             117
   81         970.260    -945.267         970.067    -945.454              81              81
  149        1227.814    -620.387        1227.864    -620.837             149             149
  194       -1486.791    1581.977       -1486.278    1582.210             194             194
  218       -1690.332    -788.243       -1690.619    -787.924             218             218
   49       -1080.756     719.491       -1080.986     719.594              49              49
  250        2333.159     759.475        2333.030     758.954             250             250
  148        1223.751    -986.978        1223.504    -987.352             148             148
    2        1120.483     960.600        1120.780     960.171               2               2
  233        -774.049     385.871        -773.954     385.924             233             233
  216         693.556     331.154         693.532     330.814             216             216
  125         959.905    1249.679         960.207    1249.248             125             125
   66        -473.293    2897.224        -472.657    2897.360              66              66
   94         504.590    -422.222         504.383    -422.291              94              94
  146        1333.291    2668.070        1333.884    2667.814             146             146
  164         555.355     926.186         555.669     926.333             164             164
  231        -112.418    -420.877        -112.441    -420.693             231             231
   66         -74.656     650.407         -74.506     650.502              66              66
  133        -304.285     197.533        -304.337     197.688             133             133
  108         771.215     750.096         771.238     750.036             108             108
  128        1794.676    -554.142        1794.566    -554.501             128             128
  176         379.527     984.558         379.863     984.462             176             176
  188         577.199    1104.782         577.512    1104.774             188             188
   75         982.343     538.829         982.569     538.804              75              75
  220         865.824     314.212         866.094     314.253             220             220
   27         243.226    -968.031         243.245    -967.943              27              27
   47        -141.738     151.671        -141.464     151.764              47              47
   27       -1335.215    -498.881       -1335.262    -498.538              27              27
   94         773.310     597.556         773.462     597.417              94              94
  132         322.179    -199.804         322.282    -199.784             132             132
   77         181.332    -629.650         181.410    -629.708              77              77
  211       -1444.223     310.768       -1444.035     311.025             211             211
  214         279.919     963.956         280.176     963.904             214             214
  227         147.130     657.737         147.471     657.860             227             227
  149       -1787.643   -1018.490       -1787.803   -1018.002             149             149
  176        -522.646     637.037        -522.597     637.161             176             176
   21         -11.282    -350.200         -11.470    -350.165              21              21
  144         742.686    -267.782         742.594    -268.049             144             144
   68        1372.219     937.265        1372.683     936.872              68              68
   23       -2178.435     227.424       -2178.232     227.945              23              23
  122         939.547    -189.030         939.557    -189.412             122             122
   28       -1019.347    2486.564       -1018.584    2486.737              28              28
  148        -637.195    1621.011        -636.758    1621.381             148             148
  188         259.770     428.949         260.030     429.126             188             188
  123       -1762.305     829.973       -1761.933     830.632             123             123
   39       -1898.444     141.400       -1898.462     142.107              39              39
   97       -1454.896     183.033       -1455.078     183.586              97              97
   98        -596.918     560.667        -597.092     561.064              98              98
  106         503.571    -672.036         503.159    -671.933             106             106
  230         602.697    -693.219         602.437    -693.334             230             230
  206        -149.182    1062.614        -148.960    1062.695             206             206
  235         -73.120     815.967         -73.000     816.199             235             235
  150         418.180     635.197         418.291     635.435             150             150
  139         207.158    -722.292         207.000    -722.000             139             139
   54         246.587   -1264.219         246.377   -1264.137              54              54
  115       -1199.442     -29.319       -1199.406     -28.981             115             115
  166        -105.071     901.075        -104.878     901.309             166             166
  102        -781.123   -1151.581        -781.462   -1151.183             102             102
  142         379.148     767.154         379.361     767.255             142             142
    4       -1694.226    -617.209       -1694.396    -616.451               4               4
  234        -777.127   -1416.744        -777.688   -1416.364             234             234
  220        -703.136     266.574        -703.367     267.005             220             220
  216        1585.166   -3159.412        1584.229   -3159.704             216             216
  192        -904.080    -603.866        -904.241    -603.797             192             192
  192        -151.748     -82.352        -151.880     -82.343             192             192
  109        -594.569   -1316.103        -595.031   -1316.028             109             109
  112       -1389.262     114.906       -1389.616     115.117             112             112
  213        2837.678     255.495        2837.519     254.719             213             213
  254         199.780     296.875         199.999     296.890             254             254
  181       -1123.178    -623.594       -1123.356    -623.231             181             181
  237        -642.049    -337.144        -642.370    -336.967             237             237
  121         173.732    -250.424         173.349    -250.446             121             121
  209        1270.444    -452.466        1270.067    -452.743             209             209
  129        2841.727   -2078.619        2841.327   -2079.568             129             129
   54        -580.197    1586.706        -579.406    1586.652              54              54
   76       -1678.651    -319.598       -1678.628    -319.168              76              76
  169       -1839.490     330.001       -1839.666     330.448             169             169
  151         954.674    -134.569         954.330    -134.821             151             151
  175         204.798   -1145.862         204.326   -1146.138             175             175
   19        1260.570    2494.852        1261.207    2494.425              19              19
  125        -621.268    -571.244        -621.406    -570.988             125             125
  126        -147.704     476.729        -147.696     476.729             126             126
  254        -367.599     320.426        -367.753     320.480             254             254
   20        1957.542    1841.077        1957.934    1840.685              20              20
    9         505.478    -313.166         505.576    -313.058               9               9
   53       -1670.642     311.381       -1670.596     312.014              53              53
  136         739.254     160.543         739.122     160.636             136             136
  175        -223.461   -1990.776        -224.130   -1990.585             175             175
  155         856.301    -834.935         855.960    -835.346             155             155
   23         123.307    1030.031         123.532    1029.922              23              23
  180          63.591    -447.477          63.309    -447.488             180             180
  134        1538.714     461.759        1538.762     461.305             134             134
  243         905.810      24.378         905.944      24.111             243             243
  140        -775.844     769.525        -775.663     769.732             140             140
   71        1967.693    1221.778        1967.972    1221.411              71              71
  179        2477.448     119.321        2477.939     118.929             179             179
  250       -1918.739    -228.467       -1918.315    -227.648             250             250
  183        -881.127   -1070.650        -881.238   -1070.206             183             183
  137       -2036.089   -1259.598       -2036.487   -1259.045             137             137
  248           9.399       2.203           9.170       2.109             248             248
  109        1731.695     340.721        1731.914     340.279             109             109
  118       -1505.224   -1055.771       -1505.259   -1055.382             118             118
  114       -1744.710     603.180       -1744.613     603.567             114             114
   62        -235.281      98.966        -235.436      98.958              62              62
  248        -220.548    2174.055        -220.035    2174.269             248             248
  168        -602.359      25.694        -602.480      26.292             168             168
  139        -245.594   -1270.003        -246.168   -1269.663             139             139
  161        1286.152    -797.675        1285.897    -797.944             161             161
   63        -207.557    -974.216        -207.614    -974.166              63              63
   59       -2612.865    -545.964       -2613.096    -545.355              59              59
  180        -151.313     991.996        -151.344     992.005             180             180
  189        -817.954     303.914        -818.214     304.332             189             189
  185        1231.517   -1084.155        1230.929   -1084.431             185             185
  179          61.091     226.847          61.044     226.813             179             179
  210           0.541      44.363           0.373      44.404             210             210
  195         427.313     816.742         427.326     816.785             195             195
  232        1858.353      74.526        1858.386      74.348             232             232
   90        -446.990   -1313.302        -447.256   -1312.824              90              90
  114         702.926   -2575.575         702.286   -2575.762             114             114
  131        -946.168    -694.860        -946.243    -694.752             131             131
  113        -563.501   -1875.855        -564.043   -1876.026             113             113
   38       -1294.766     669.572       -1294.707     669.490              38              38
   10         353.330    1883.748         353.737    1883.528              10              10
  101        -819.922      33.627        -819.998      33.884             101             101
  179        -957.953    2441.696        -957.494    2442.293             179             179
   81        -290.064   -3208.873        -291.456   -3208.614              81              81
   24        2404.865    1068.721        2405.036    1067.816              24              24
  173        -333.205    1895.624        -332.518    1896.085             173             173
    9        -147.323   -2990.102        -148.165   -2989.787               9               9
  162       -1414.131    -571.218       -1414.389    -570.939             162             162
  166        -500.427    -457.368        -500.831    -457.378             166             166
  118          26.814    1180.213          26.968    1180.260             118             118
   24       -1698.498   -2015.855       -1699.512   -2015.361              24              24
   24        1077.022     884.269        1076.744     883.781              24              24
  181        1335.308     315.619        1335.093     315.306             181             181
   16        1592.637    -926.822        1592.261    -927.289              16              16
  192        1206.745     545.380        1207.037     545.060             192             192
   65         528.135   -2072.467         527.837   -2072.746              65              65
  178       -3072.369    1025.619       -3072.106    1026.293             178             178
    0         622.291     729.684         622.127     729.515               0              -0
  124         862.632    -349.391         862.431    -349.618             124             124
  102        -717.728     -76.836        -717.841     -76.684             102             102
  190        -314.975     257.620        -315.218     257.607             190             190
   53        2030.460    1651.786        2030.852    1651.279              53              53
   26         219.528    -399.721         219.593    -399.526              26              26
  144       -1119.089    -339.384       -1119.167    -338.904             144             144
  248         -70.292    -660.050         -70.588    -660.053             248             248
    2        -321.911    1979.358        -321.307    1979.685               2               2
  234       -2047.778   -1311.560       -2048.481   -1310.474             234             234
  107        1131.475   -1791.895        1130.533   -1792.117             107             107
  134         623.282   -1313.616         622.814   -1313.916             134             134
   91        -271.434    -451.159        -271.542    -451.224              91              91
  146       -1132.093    -469.373       -1132.324    -469.127             146             146
  144        -686.511    -601.517        -686.897    -601.453             144             144
  192       -1091.018     -62.274       -1091.304     -62.101             192             192
   69       -1110.010     668.727       -1110.220     669.122              69              69
  225        -819.145   -2033.508        -820.384   -2033.304             225             225
  217         527.687    -613.672         526.898    -614.232             217             217
  243         597.029     443.529         596.708     442.961             243             243
  234         992.300    1113.136         992.376    1112.636             234             234
  124        -867.485     100.167        -867.797     100.311             124             124
  153         409.047    1895.146         409.126    1895.089             153             153
   96        1347.732    -713.843        1347.148    -714.034              96              96
  148         698.704   -2039.180         697.918   -2039.670             148             148
  178        -847.722    2089.232        -847.291    2089.220             178             178
   21         290.619     427.247         290.406     427.220              21              21
  165        -385.974    -215.580        -386.392    -215.475             165             165
  115         -80.561     -65.724         -80.982     -65.885             115             115
   86        -687.550     909.233        -687.757     909.201              86              86
   87         763.480    2885.906         764.010    2885.762              87              87
  115       -2079.613    1461.382       -2079.654    1462.680             115             115
  211        -904.577   -1915.164        -906.111   -1914.454             211             211
  190        -952.449     644.045        -953.436     644.616             190             190
   49        2480.844   -1637.971        2479.294   -1638.517              49              49
    9       -1466.774    -827.673       -1468.099    -827.148               9               9
  216        1798.656   -1198.924        1796.950   -1199.607             216             216
  193         562.804     165.229         561.581     164.965             193             193
    2        1633.796   -1483.184        1631.988   -1483.915               2               2
  219       -2885.538    1289.331       -2887.195    1290.127             219             219
  172         143.384    -620.497         139.559    -620.539             172             172
  109        -891.449    -120.201        -898.642    -120.022             109             109
