SINAL     NFT                         FFT                         NFT INVERSA     FFT INVERSA
-----     -----------------------     -----------------------     -----------     -----------
  228       66550.000       0.000       66550.000       0.000             228             228
   99       -1202.881     938.743       -1202.866     938.744              99              99
  102       -1442.759    -163.573       -1442.746    -163.572             102             102
  181        -377.205     573.377        -377.192     573.376             181             181
  168        2009.493    2379.632        2009.510    2379.627             168             168
  216       -1007.232     696.033       -1007.216     696.038             216             216
  194         287.039     895.866         287.053     895.869             194             194
   73         950.795    -510.487         950.806    -510.488              73              73
   85        -228.184    1196.413        -228.167    1196.417              85              85
  113        2240.957    -850.997        2240.966    -851.005             113             113
    5         519.154    1409.994         519.183    1409.995               5               5
  134       -1524.585    -169.535       -1524.570    -169.516             134             134
  232          45.442    -684.050          45.448    -684.044             232             232
  148        -588.392     295.938        -588.379     295.948             148             148
   72          75.987     332.050          75.996     332.062              72              72
  110        1093.118   -2326.556        1093.105   -2326.556             110             110
   83        1657.957    -914.880        1657.961    -914.897              83              83
   32        1136.224    -975.606        1136.235    -975.619              32              32
   71        -782.041    -769.745        -782.033    -769.743              71              71
  131        1511.875     142.700        1511.891     142.676             131             131
  117         528.783     425.379         528.812     425.366             117             117
   20        -460.019    1504.052        -459.978    1504.062              20              20
   89         -12.708    -257.641         -12.696    -257.635              89              89
  192         736.880    1600.799         736.919    1600.805             192             192
   17         917.268   -1639.085         917.274   -1639.084              17              17
   77       -1100.213    -720.069       -1100.192    -720.052              77              77
   96       -1856.272     -63.937       -1856.256     -63.909              96              96
   65       -1289.148     899.771       -1289.136     899.799              65              65
  158        1399.171    -124.330        1399.170    -124.338             158             158
   32          47.091    -696.275          47.096    -696.263              32              32
  209        -315.085   -1164.535        -315.094   -1164.528             209             209
  130         316.176    1522.059         316.217    1522.069             130             130
  132        -584.333   -3493.222        -584.395   -3493.203             132             132
   56         129.101    -175.353         129.100    -175.382              56              56
   56          94.010    1282.946          94.038    1282.936              56              56
   44        1565.195     134.346        1565.208     134.320              44              44
   16         163.897    -121.201         163.914    -121.199              16              16
  250         122.033     171.406         122.049     171.414             250             250
  118         700.115    -954.166         700.105    -954.177             118             118
  102         794.352     355.027         794.379     355.013             102             102
  108         746.390   -1405.237         746.383   -1405.258             108             108
  123        -532.723     305.547        -532.697     305.552             123             123
  236        1822.531    -119.403        1822.556    -119.450             236             236
   84        -377.005    -715.597        -376.983    -715.594              84              84
   16         163.535     348.966         163.582     348.951              16              16
   53       -1812.339    -484.051       -1812.336    -484.012              53              53
  195        1111.778     407.637        1111.795     407.584             195             195
   99          27.861    1521.250          27.922    1521.245              99              99
   86        1990.728     332.822        1990.777     332.767              86              86
   11        -415.570    1715.874        -415.453    1715.910              11              11
  231       -1301.712    -514.069       -1301.686    -513.993             231             231
  203       -1107.397    -301.155       -1107.392    -301.103             203             203
   31         892.961    -831.250         892.962    -831.285              31              31
   65       -1624.832    2403.098       -1624.721    2403.172              65              65
  140         744.398    -785.779         744.400    -785.753             140             140
   48       -1673.928    -254.941       -1673.905    -254.836              48              48
  142         157.275   -3588.220         157.175   -3588.219             142             142
  236       -2004.806    -492.591       -2004.802    -492.560             236             236
  114         288.983     331.486         289.016     331.454             114             114
   45       -2737.355    -619.695       -2737.366    -619.614              45              45
   13       -1239.561     376.224       -1239.592     376.241              13              13
   67        2392.971    1120.641        2393.022    1120.544              67              67
  175       -2675.986    -655.681       -2675.992    -655.588             175             175
  145         108.325    2666.248         108.417    2666.259             145             145
  124       -2019.696   -1369.745       -2019.785   -1369.625             124             124
  232        1385.257     338.913        1385.233     338.872             232             232
  190         319.108   -1907.787         319.031   -1907.803             190             190
  140        -339.435    -151.082        -339.439    -151.110             140             140
  226        -691.526     195.124        -691.537     195.108             226             226
   52         825.515    1665.430         825.572    1665.363              52              52
  243        -269.216    2281.857        -269.125    2281.898             243             243
   79        1615.333     411.050        1615.366     411.045              79              79
  176       -1723.948   -1695.212       -1724.021   -1695.103             176             176
  224        1480.983    -309.180        1480.967    -309.266             224             224
  164       -1214.334     587.334       -1214.291     587.386             164             164
  192       -1197.748     -49.644       -1197.796     -49.580             192             192
   21        1389.636    -402.108        1389.570    -402.184              21              21
  103         697.035    -644.924         696.989    -645.005             103             103
   36        1020.117    1674.829        1020.196    1674.731              36              36
  108         818.190    1456.538         818.268    1456.483             108             108
  114        1996.027    2053.959        1996.184    2053.873             114             114
   11       -1285.096    1218.841       -1284.982    1218.946              11              11
   55         712.429    2620.072         712.595    2620.120              55              55
  146        -587.864      78.354        -587.811      78.509             146             146
   76       -1714.642    -183.078       -1714.655    -182.868              76              76
  196         643.506   -2292.077         643.374   -2292.037             196             196
  195       -1734.042   -1271.528       -1734.132   -1271.424             195             195
  219         295.749     344.569         295.709     344.576             219             219
  176         640.167   -1630.202         640.036   -1630.219             176             176
   53         485.923    -114.929         485.879    -114.966              53              53
    8        1772.037     259.066        1772.039     258.981               8               8
  189        1995.646    -298.600        1995.698    -298.673             189             189
  121       -2082.485   -2086.425       -2082.563   -2086.307             121             121
  184        -142.585      15.415        -142.620      15.379             184             184
   79         501.414     600.960         501.415     600.933              79              79
  245        1297.161   -2010.996        1297.031   -2011.114             245             245
  160         366.091    1733.274         366.206    1733.198             160             160
   13         370.464      98.863         370.448      98.830              13              13
  130        2780.034    1018.241        2780.128    1018.055             130             130
  131          88.643    1234.168          88.793    1234.200             131             131
   66        1321.620    -275.134        1321.682    -275.171              66              66
  117        -766.873    -478.730        -766.819    -478.667             117             117
  211        -440.148     328.309        -440.084     328.349             211             211
  242         256.647    -842.865         256.645    -842.894             242             242
   85       -1019.440     969.075       -1019.318     969.123              85              85
  119       -1726.332     176.514       -1726.333     176.630             119             119
  179         701.046     725.396         701.077     725.336             179             179
  107        -996.777    2071.817        -996.645    2071.937             107             107
  223         338.702    -977.759         338.605    -977.731             223             223
  215          21.731    1179.171          21.797    1179.191             215             215
  215        -292.770    1199.476        -292.739    1199.594             215             215
   82        2559.385   -1567.428        2559.265   -1567.531              82              82
  227        1028.638    -646.833        1028.679    -646.910             227             227
   15        -532.426    1290.361        -532.245    1290.429              15              15
  228        -749.863    -215.951        -749.829    -215.818             228             228
   48       -1139.437    -873.639       -1139.493    -873.506              48              48
  211        -616.225    -387.548        -616.283    -387.470             211             211
  167        -189.433   -1315.364        -189.569   -1315.353             167             167
   11        -210.383     444.589        -210.400     444.597              11              11
  132         404.829    -635.986         404.722    -636.004             132             132
  221         771.160   -1342.385         771.011   -1342.501             221             221
   20        1127.573     986.981        1127.631     986.819              20              20
   66         636.786     980.196         636.849     980.117              66              66
   86        1462.524    1981.408        1462.675    1981.349              86              86
  205        2108.139   -1400.618        2108.091   -1400.740             205             205
  145        1357.405     405.201        1357.585     405.072             145             145
   75       -1229.697     165.831       -1229.559     165.909              75              75
  109         -76.170    1130.201         -76.000    1130.191             109             109
  159       -1697.147    1346.832       -1697.000    1347.000             159             159
  206         417.278    1196.382         417.395    1196.414             206             206
  241       -1496.038     611.345       -1495.980     611.551             241             241
  225        -427.293    1392.511        -427.237    1392.669             225             225
   67         508.571    -707.003         508.451    -706.909              67              67
  196         644.457    -874.703         644.331    -874.694             196             196
  212        2187.938     499.648        2187.994     499.523             212             212
  153         726.211      49.066         726.281      49.131             153             153
   59        2328.861   -3289.581        2328.727   -3289.782              59              59
  136       -2105.943    2696.842       -2105.544    2697.047             136             136
    5        -917.559   -2249.173        -917.717   -2249.011               5               5
   27       -1208.828    -233.687       -1208.867    -233.595              27              27
   96        1013.780     131.265        1013.776     131.191              96              96
  221         701.720    -658.384         701.716    -658.437             221             221
  109         949.127     151.504         949.277     151.418             109             109
   67       -1837.037    -353.035       -1836.941    -352.869              67              67
  236       -2272.838     679.008       -2272.800     679.235             236             236
   82        1820.800    -228.477        1820.789    -228.610              82              82
  116       -1098.501    -100.977       -1098.406    -100.837             116             116
  192       -1575.700   -1802.278       -1575.836   -1802.179             192             192
  249       -1521.988     769.016       -1521.962     769.024             249             249
  128         863.539    4002.791         863.913    4002.758             128             128
   68       -1262.264    -493.394       -1262.268    -493.101              68              68
  214       -2620.802   -1151.157       -2621.017   -1150.855             214             214
  148        1783.945     379.915        1783.879     379.731             148             148
  135         314.182    1403.598         314.363    1403.634             135             135
   45       -1638.555    -257.077       -1638.583    -256.806              45              45
   98        -816.614    -213.142        -816.736    -212.979              98              98
   24        1117.728    -519.205        1117.620    -519.246              24              24
  121        -736.114   -1562.412        -736.295   -1562.352             121             121
  208        -267.950     686.481        -267.958     686.457             208             208
  184         649.026     453.505         649.009     453.430             184             184
   71         261.966    1024.604         262.032    1024.598              71              71
  193         994.972    1018.818         995.075    1018.791             193             193
  153         -55.732     590.010         -55.640     590.141             153             153
  138        -547.808    -821.465        -547.911    -821.319             138             138
  134         550.436     376.684         550.459     376.674             134             134
  110        -189.233     967.366        -189.118     967.514             110             110
   36       -1001.087   -1366.534       -1001.292   -1366.305              36              36
  194         863.019    -267.710         862.914    -267.732             194             194
  246         287.853   -1918.859         287.602   -1918.898             246             246
   42        1322.562     836.223        1322.656     836.028              42              42
  221          65.437     368.435          65.518     368.436             221             221
   86         191.375    1211.754         191.528    1211.792              86              86
    7         546.488     155.821         546.552     155.870               7               7
   74        -592.946    -535.841        -592.965    -535.721              74              74
  154          89.725    1237.397          89.877    1237.461             154             154
  243         576.403    -118.414         576.474    -118.359             243             243
  156       -2015.818     155.011       -2015.747     155.347             156             156
   14       -1115.012    -260.283       -1115.103    -260.069              14              14
  180        -578.005    1317.274        -577.933    1317.489             180             180
  150       -1459.836    -745.815       -1460.086    -745.448             150             150
  142        1259.722    -484.585        1259.466    -484.564             142             142
  248        2828.766   -1110.836        2828.648   -1111.016             248             248
  109       -1484.873    -969.869       -1484.951    -969.571             109             109
   35         316.789    -934.445         316.579    -934.345              35              35
  128        2174.558   -2979.680        2174.222   -2979.915             128             128
  154        -228.265     198.999        -228.125     199.001             154             154
  133       -1485.991    -989.758       -1486.102    -989.542             133             133
  152        -219.855   -1011.828        -220.056   -1011.812             152             152
   19         409.339     284.177         409.318     284.150              19              19
   85         119.637   -1277.050         119.444   -1277.039              85              85
   81        1056.989      55.670        1057.039      55.539              81              81
   90       -2341.622     303.266       -2341.626     303.639              90              90
   23        1062.088   -1321.583        1061.787   -1321.623              23              23
  234        1457.132    -811.343        1457.062    -811.469             234             234
  229       -1753.095   -2238.090       -1753.380   -2237.900             229             229
  157         671.912    -287.822         671.801    -288.029             157             157
   89        -408.765    1351.471        -408.631    1351.529              89              89
   10        -761.493    -564.456        -761.697    -564.265              10              10
   95        1804.352    -267.107        1804.239    -267.236              95              95
   80        -499.486   -2218.999        -499.786   -2218.896              80              80
   52           2.099    -785.635           1.930    -785.690              52              52
   60       -1200.365    -372.148       -1200.584    -372.005              60              60
  167        1120.789   -1851.997        1120.297   -1852.220             167             167
   59        2279.887     235.833        2279.765     235.410              59              59
  135        2622.200     358.067        2622.250     357.675             135             135
   65        1207.380     233.239        1207.500     233.098              65              65
   47         842.095    -444.157         842.127    -444.226              47              47
   36         379.456    -993.564         379.413    -993.607              36              36
   80        -533.905   -1333.656        -534.072   -1333.669              80              80
  227         621.954     145.649         621.925     145.459             227             227
  186        1262.810    -315.685        1262.759    -315.938             186             186
  223        2221.267      94.606        2221.441      94.214             223             223
  220       -1714.174     431.537       -1713.972     431.714             220             220
   39         209.657      78.451         209.677      78.381              39              39
    2         435.233     464.519         435.380     464.433               2               2
   92       -1388.017     -19.677       -1387.976     -19.501              92              92
  194        -793.666     131.327        -793.721     131.402             194             194
  136        -844.742     331.252        -844.872     331.336             136             136
  245        1324.525     343.660        1324.381     343.437             245             245
  214        1881.689    1028.773        1881.762    1028.504             214             214
  221        2277.107    1167.426        2277.375    1167.208             221             221
   70        -313.473    -791.771        -313.438    -791.632              70              70
   49        -552.450     134.212        -552.415     134.318              49              49
  245         655.786     194.598         655.795     194.549             245             245
   49         528.051     598.159         528.158     598.196              49              49
   22         592.597   -1280.225         592.444   -1280.219              22              22
  146        1081.462    -505.674        1081.509    -505.831             146             146
  139       -1564.691     135.372       -1564.618     135.655             139             139
   33         737.532   -1986.482         737.204   -1986.600              33              33
  242         492.748   -1443.453         492.579   -1443.767             242             242
  219         350.521    2573.955         351.001    2573.732             219             219
   86       -1055.327     853.035       -1055.153     853.192              86              86
   46         -62.569    2069.558         -62.279    2069.676              46              46
  131        -275.785    -426.225        -275.883    -426.036             131             131
  145         623.314    1095.217         623.481    1095.267             145             145
  182        -285.477      31.371        -285.418      31.673             182             182
  196       -1816.292   -2196.509       -1816.722   -2196.068             196             196
  193         464.584   -1601.888         464.129   -1601.989             193             193
  218        1885.173     144.051        1885.134     143.731             218             218
   21         298.186    -856.789         298.109    -856.826              21              21
  165       -1114.729   -1076.744       -1114.986   -1076.662             165             165
  148        1811.962    1391.998        1812.077    1391.715             148             148
  244          11.475   -1840.858          11.112   -1840.834             244             244
  129        3183.005   -1013.945        3182.884   -1014.623             129             129
  188         771.369    1016.197         771.794    1015.893             188             188
  247       -1535.711    1483.152       -1535.339    1483.348             247             247
  222         -76.722    1701.557         -76.450    1701.690             222             222
  126         219.071     295.535         219.151     295.746             126             126
  127           3.530   -1998.831           3.284   -1998.703             127             127
  212       -1047.891    -575.482       -1047.944    -575.322             212             212
   84       -1771.514    -734.384       -1771.794    -734.118              84              84
   93        1239.008    -816.867        1238.666    -817.151              93              93
   27        1566.305      82.628        1566.308      82.252              27              27
  133        -488.293    1184.327        -488.084    1184.409             133             133
   82        -234.792    -902.958        -235.066    -902.894              82              82
   76        1714.991      60.130        1714.919      59.801              76              76
  156         656.000       0.141         656.000       0.000             156             156
  229        1714.844     -59.461        1714.918     -59.797             229             229
  216        -235.348     902.830        -235.068     902.895             216             216
  190        -487.865   -1184.493        -488.081   -1184.409             190             190
  215        1566.315     -81.862        1566.310     -82.250             215             215
  179        1238.307     817.453        1238.664     817.155             179             179
   20       -1772.089     733.830       -1771.795     734.113              20              20
    6       -1048.002     575.148       -1047.946     575.318               6               6
   55           3.018    1998.568           3.281    1998.704              55              55
  166         219.239    -295.973         219.152    -295.746             166             166
  188         -76.149   -1701.833         -76.445   -1701.690             188             188
  251       -1534.927   -1483.565       -1535.334   -1483.351             251             251
  103         772.262   -1015.557         771.795   -1015.891             103             103
  150        3182.746    1015.387        3182.881    1014.633             150             150
   17          10.702    1840.807          11.108    1840.834              17              17
   12        1812.208   -1391.392        1812.080   -1391.710              12              12
   43       -1115.280    1076.566       -1114.987    1076.661              43              43
    6         298.015     856.867         298.105     856.826               6               6
  142        1885.089    -143.358        1885.135    -143.728             142             142
  232         463.594    1602.110         464.123    1601.992             232             232
  253       -1817.228    2195.546       -1816.724    2196.064             253             253
  108        -285.347     -32.032        -285.418     -31.676             108             108
  103         623.683   -1095.326         623.484   -1095.267             103             103
  125        -276.000     425.809        -275.884     426.036             125             125
   65         -61.925   -2069.820         -62.276   -2069.676              65              65
  187       -1054.939    -853.387       -1055.151    -853.194             187             187
  218         351.597   -2573.455         351.007   -2573.730             218             218
   92         492.367    1444.158         492.575    1443.769              92              92
   65         736.792    1986.747         737.200    1986.599              65              65
   45       -1564.525    -136.015       -1564.617    -135.660              45              45
  168        1081.567     506.031        1081.508     505.834             168             168
  222         592.246    1280.211         592.441    1280.219             222             222
   19         528.293    -598.245         528.157    -598.197              19              19
  129         655.808    -194.483         655.796    -194.548             129             129
  157        -552.369    -134.457        -552.415    -134.319             157             157
  234        -313.395     791.447        -313.440     791.631             234             234
   53        2277.737   -1166.911        2277.378   -1167.204              53              53
  177        1881.865   -1028.138        1881.766   -1028.500             177             177
  240        1324.187    -343.131        1324.381    -343.434             240             240
  108        -845.048    -331.452        -844.872    -331.339             108             108
   87        -793.794    -131.506        -793.720    -131.403              87              87
  173       -1387.919      19.254       -1387.976      19.499             173             173
  104         435.585    -464.309         435.381    -464.430             104             104
  191         209.707     -78.280         209.679     -78.380             191             191
   68       -1713.686    -431.970       -1713.972    -431.718              68              68
  121        2221.689     -93.645        2221.441     -94.206             121             121
  204        1262.685     316.303        1262.757     315.941             204             204
  112         621.882    -145.183         621.925    -145.458             112             112
  127        -534.318    1333.684        -534.074    1333.667             127             127
   90         379.346     993.672         379.411     993.608              90              90
   88         842.174     444.334         842.126     444.229              88              88
  125        1207.680    -232.880        1207.500    -233.094             125             125
  199        2622.326    -357.079        2622.251    -357.671             199             199
  191        2279.578    -234.756        2279.764    -235.403             191             191
  250        1119.534    1852.565        1120.291    1852.223             250             250
    8       -1200.925     371.781       -1200.586     372.002               8               8
  123           1.663     785.777           1.928     785.693             123             123
  213        -500.268    2218.735        -499.792    2218.896             213             213
  100        1804.057     267.445        1804.237     267.241             100             100
  188        -762.026     563.959        -761.699     564.263             188             188
    3        -408.413   -1351.622        -408.629   -1351.530               3               3
   13         671.620     288.364         671.799     288.030              13              13
  155       -1753.854    2237.586       -1753.388    2237.896             155             155
   22        1456.945     811.680        1457.060     811.471              22              22
  142        1061.281    1321.692        1061.785    1321.625             142             142
   56       -2341.632    -304.281       -2341.627    -303.647              56              56
    0        1057.118     -55.312        1057.036     -55.536              -0              -0
  195         119.110    1277.021         119.441    1277.039             195             195
  234         409.282    -284.103         409.318    -284.149             234             234
  241        -220.412    1011.783        -220.060    1011.811             241             241
   47       -1486.301     989.155       -1486.105     989.537              47              47
   66        -227.874    -199.006        -228.124    -199.002              66              66
  159        2173.616    2980.341        2174.218    2979.920             159             159
  151         316.199     934.165         316.578     934.345             151             151
    1       -1485.098     969.026       -1484.955     969.568               1               1
  227        2828.425    1111.356        2828.643    1111.023             227             227
   17        1258.992     484.529        1259.464     484.566              17              17
  205       -1460.559     744.756       -1460.091     745.443             205             205
   83        -577.796   -1317.896        -577.930   -1317.492              83              83
  145       -1115.278     259.656       -1115.105     260.063             145             145
   40       -2015.608    -155.997       -2015.745    -155.351              40              40
  172         576.613     118.252         576.475     118.359             172             172
   14          90.177   -1237.585          89.880   -1237.462              14              14
  239        -593.007     535.482        -592.967     535.718             239             239
  107         546.682    -155.963         546.553    -155.868             107             107
    9         191.836   -1211.871         191.530   -1211.793               9               9
  247          65.681    -368.436          65.518    -368.435             247             247
  230        1322.849    -835.628        1322.658    -836.026             230             230
  223         287.081    1918.979         287.598    1918.899             223             223
   91         862.697     267.779         862.914     267.733              91              91
  163       -1001.725    1365.824       -1001.296    1366.302             163             163
  226        -188.876    -967.830        -189.117    -967.517             226             226
  105         550.508    -376.651         550.459    -376.673             105             105
   63        -548.136     821.004        -547.914     821.317              63              63
  248         -55.440    -590.425         -55.639    -590.142             248             248
  247         995.303   -1018.731         995.077   -1018.790             247             247
  119         262.179   -1024.584         262.034   -1024.597             119             119
  249         648.971    -453.262         649.009    -453.429             249             249
  187        -267.974    -686.407        -267.957    -686.459             187             187
   98        -736.709    1562.209        -736.298    1562.349              98              98
  235        1117.372     519.344        1117.618     519.248             235             235
  234        -817.020     212.599        -816.738     212.977             234             234
  164       -1638.648     256.170       -1638.583     256.802             164             164
  138         314.790   -1403.717         314.366   -1403.634             138             138
  130        1783.725    -379.291        1783.881    -379.728             130             130
  166       -2621.536    1150.120       -2621.020    1150.847             166             166
  110       -1262.278     492.388       -1262.268     493.097             110             110
  148         864.841   -4002.673         863.924   -4002.755             148             148
  115       -1521.899    -769.049       -1521.961    -769.027             115             115
  194       -1576.183    1801.926       -1575.841    1802.175             194             194
   37       -1098.166     100.483       -1098.406     100.834              37              37
  156        1820.760     228.951        1820.787     228.614             156             156
  110       -2272.701    -679.819       -2272.798    -679.239             110             110
   52       -1836.690     352.428       -1836.940     352.863              52              52
  139         949.668    -151.190         949.277    -151.416             139             139
  217         701.704     658.579         701.713     658.438             217             217
   61        1013.764    -130.988        1013.776    -131.188              61              61
  131       -1208.974     233.339       -1208.868     233.590             131             131
  192        -918.149    2248.568        -917.721    2249.007             192             192
   28       -2104.445   -2697.615       -2105.537   -2697.053              28              28
  223        2328.349    3290.341        2328.719    3289.785             223             223
   99         726.481     -49.311         726.284     -49.130              99              99
  255        2188.154    -499.164        2187.995    -499.519             255             255
   72         643.972     874.667         644.329     874.695              72              72
  162         508.104     706.640         508.449     706.909             162             162
  247        -427.067   -1393.136        -427.232   -1392.673             247             247
   63       -1495.807    -612.157       -1495.978    -611.555              63              63
   26         417.745   -1196.507         417.398   -1196.413              26              26
  241       -1696.558   -1347.504       -1697.000   -1347.000             241             241
  250         -75.469   -1130.161         -75.995   -1130.191             250             250
  124       -1229.139    -166.155       -1229.559    -165.912             124             124
  220        1358.147    -404.663        1357.587    -405.069             220             220
  229        2107.929    1401.132        2108.087    1400.744             229             229
   33        1463.167   -1981.147        1462.680   -1981.344              33              33
  103         637.063    -979.864         636.853    -980.117             103             103
  104        1127.823    -986.283        1127.633    -986.814             104             104
  199         770.517    1342.881         771.008    1342.501             199             199
  213         404.368     636.067         404.722     636.006             213             213
  253        -210.451    -444.620        -210.399    -444.597             253             253
   59        -190.042    1315.315        -189.575    1315.353              59              59
  151        -616.484     387.199        -616.284     387.468             151             151
   34       -1139.693     873.038       -1139.496     873.502              34              34
  215        -749.712     215.347        -749.828     215.815             215             215
    6        -531.603   -1290.674        -532.243   -1290.431               6               6
   87        1028.831     647.191        1028.681     646.912              87              87
   99        2558.820    1567.919        2559.261    1567.536              99              99
  223        -292.618   -1200.029        -292.736   -1199.595             223             223
  149          22.047   -1179.269          21.798   -1179.192             149             149
  230         338.235     977.627         338.603     977.732             230             230
  160        -996.129   -2072.396        -996.639   -2071.939             160             160
  178         701.202    -725.101         701.080    -725.335             178             178
  197       -1726.332    -177.079       -1726.332    -176.631             197             197
    3       -1018.836    -969.316       -1019.318    -969.126               3               3
  177         256.635     843.010         256.644     842.894             177             177
   13        -439.823    -328.509        -440.083    -328.349              13              13
  166        -766.599     478.404        -766.820     478.665             166             166
  169        1321.936     275.323        1321.681     275.172             169             169
   77          89.428   -1234.332          88.797   -1234.199              77              77
  192        2780.531   -1017.262        2780.131   -1018.049             192             192
  154         370.382     -98.686         370.449     -98.828             154             154
   72         366.709   -1732.869         366.208   -1733.198              72              72
   61        1296.445    2011.638        1297.026    2011.116              61              61
  118         501.418    -600.803         501.416    -600.931             118             118
   46        -142.778     -15.222        -142.619     -15.380              46              46
   95       -2082.936    2085.750       -2082.568    2086.302              95              95
  222        1995.931     299.030        1995.696     298.678             222             222
  150        1772.044    -258.572        1772.038    -258.977             150             150
   38         485.669     115.150         485.878     114.968              38              38
  179         639.392    1630.305         640.032    1630.220             179             179
  147         295.513    -344.615         295.710    -344.577             147             147
   98       -1734.591    1270.893       -1734.135    1271.419              98              98
   75         642.690    2291.838         643.367    2292.038              75              75
  182       -1714.718     181.784       -1714.655     182.864             182             182
   58        -587.544     -79.321        -587.812     -78.512              58              58
   82         713.485   -2620.370         712.601   -2620.119              82              82
   14       -1284.369   -1219.515       -1284.979   -1218.950              14              14
  157        1997.044   -2053.407        1996.189   -2053.870             157             157
   49         818.711   -1456.180         818.273   -1456.482              49              49
  163        1020.647   -1674.175        1020.199   -1674.728             163             163
  131         696.721     645.467         696.986     645.006             131             131
  209        1389.184     402.623        1389.568     402.185             209             209
   85       -1198.080      49.197       -1197.798      49.577              85              85
   73       -1214.031    -587.703       -1214.290    -587.388              73              73
  213        1480.870     309.792        1480.967     309.270             213             213
    7       -1724.479    1694.426       -1724.026    1695.098               7               7
   86        1615.572    -411.002        1615.367    -411.042              86              86
  123        -268.540   -2282.150        -269.120   -2281.897             123             123
  176         825.947   -1664.926         825.575   -1665.362             176             176
  164        -691.612    -195.009        -691.537    -195.111             164             164
   60        -339.463     151.288        -339.440     151.108              60              60
   74         318.500    1907.920         319.025    1907.806              74              74
  236        1385.070    -338.584        1385.233    -338.868             236             236
  122       -2020.414    1368.776       -2019.787    1369.623             122             122
  193         109.109   -2666.342         108.423   -2666.260             193             193
   26       -2676.045     654.892       -2675.994     655.584              26              26
  217        2393.397   -1119.799        2393.022   -1120.538             217             217
  159       -1239.818    -376.391       -1239.590    -376.245             159             159
  177       -2737.471     618.958       -2737.370     619.608             177             177
  255         289.280    -331.197         289.017    -331.453             255             255
   83       -2004.783     492.299       -2004.805     492.555              83              83
   69         156.331    3588.206         157.169    3588.217              69              69
   98       -1673.711     253.927       -1673.905     254.830              98              98
  159         744.415     785.541         744.399     785.755             159             159
  252       -1623.743   -2403.837       -1624.717   -2403.178             252             252
  156         892.970     831.602         892.962     831.285             156             156
  241       -1107.341     300.611       -1107.391     301.099             241             241
   10       -1301.442     513.286       -1301.686     513.991              10              10
   57        -414.322   -1716.253        -415.448   -1715.911              57              57
   35        1991.263    -332.221        1990.779    -332.764              35              35
  173          28.558   -1521.194          27.927   -1521.244             173             173
  189        1111.976    -407.022        1111.796    -407.580             189             189
  245       -1812.319     483.583       -1812.338     484.008             245             245
    3         164.095    -348.797         163.584    -348.951               3               3
    6        -376.747     715.561        -376.984     715.593               6               6
  202        1822.824     120.002        1822.555     119.455             202             202
   10        -532.384    -305.613        -532.695    -305.552              10              10
   92         746.285    1405.492         746.381    1405.256              92              92
   70         794.723    -354.830         794.382    -355.011              70              70
  186         699.957     954.332         700.102     954.179             186             186
    0         122.262    -171.508         122.050    -171.413               0              -0
  131         164.146     121.162         163.915     121.197             131             131
    5        1565.384    -133.940        1565.208    -134.316               5               5
  237          94.435   -1282.801          94.040   -1282.936             237             237
  253         129.088     175.799         129.100     175.382             253             253
  199        -585.348    3492.918        -584.399    3493.203             199             199
    7         316.888   -1522.210         316.220   -1522.068               7               7
  214        -315.271    1164.425        -315.097    1164.528             214             214
  102          47.152     696.062          47.094     696.264             102             102
  185        1399.169     124.507        1399.170     124.340             185             185
  214       -1288.908    -900.329       -1289.134    -899.802             214             214
  186       -1855.964      63.362       -1856.256      63.905             186             186
  254       -1099.772     719.690       -1100.192     720.049             254             254
   56         917.372    1639.038         917.271    1639.083              56              56
   89         737.820   -1600.881         736.925   -1600.802              89              89
  250         -12.436     257.477         -12.695     257.634             250             250
  212        -458.992   -1504.288        -459.974   -1504.062             212             212
   75         529.555    -425.048         528.813    -425.365              75              75
    4        1512.332    -141.982        1511.892    -142.670               4               4
   13        -781.826     769.667        -782.034     769.741              13              13
  110        1136.548     976.041        1136.233     975.623             110             110
  178        1658.072     915.431        1657.960     914.900             178             178
  202        1092.553    2326.608        1093.098    2326.560             202             202
   99          76.299    -332.496          75.995    -332.062              99              99
  181        -587.906    -296.366        -588.380    -295.951             181             181
  208          45.697     683.810          45.447     684.043             208             208
   46       -1523.882     168.610       -1524.569     169.514              46              46
  192         520.687   -1410.040         519.187   -1409.994             192             192
   45        2241.447     851.541        2240.964     851.011              45              45
  117        -227.069   -1196.725        -228.166   -1196.421             117             117
  122         951.513     510.591         950.803     510.490             122             122
   46         288.258    -896.078         287.053    -895.867              46              46
  248       -1005.620    -696.631       -1007.216    -696.041             248             248
  128        2011.897   -2378.965        2009.515   -2379.625             128             128
   27        -375.125    -573.242        -377.191    -573.377              27              27
  245       -1439.525     163.217       -1442.747     163.570             245             245
   71       -1195.462    -938.989       -1202.864    -938.746              71              71
