SINAL     NFT                         FFT                         NFT INVERSA     FFT INVERSA
-----     -----------------------     -----------------------     -----------     -----------
  124       66737.000       0.000       66737.000       0.000             124             124
  221         339.861     383.329         339.875     383.329             221             221
   59        -353.157     382.010        -353.143     382.011              59              59
  120         581.009    -643.018         581.023    -643.018             120             120
  247       -1974.340     304.166       -1974.326     304.171             247             247
  236        1133.296     383.081        1133.306     383.079             236             236
   93         984.615     641.365         984.628     641.365              93              93
    9        2031.621    -845.248        2031.632    -845.254               9               9
  193         789.436    1229.458         789.459    1229.459             193             193
  205        1161.397   -2153.053        1161.404   -2153.054             205             205
  218        -632.162   -1461.948        -632.152   -1461.948             218             218
  233          89.362     898.671          89.383     898.666             233             233
  152         747.688    1979.400         747.721    1979.402             152             152
  168        -956.629   -1440.037        -956.624   -1440.020             168             168
  121         465.972    -274.348         465.983    -274.345             121             121
  194        1027.967   -1916.054        1027.972   -1916.061             194             194
   69       -1415.324    -283.607       -1415.307    -283.597              69              69
   49         -69.939    -265.625         -69.930    -265.628              49              49
   41        1064.682     877.308        1064.711     877.297              41              41
   27       -1046.418      27.435       -1046.397      27.455              27              27
  109         -90.934    -468.282         -90.924    -468.273             109             109
  234       -1001.536   -1113.062       -1001.539   -1113.045             234             234
  169         142.775    -741.336         142.768    -741.341             169             169
  224        2046.441    -178.009        2046.454    -178.038             224             224
   33         496.975   -1687.968         496.981   -1687.986              33              33
  119        -866.745     113.524        -866.718     113.517             119             119
   76        -524.005    1336.085        -523.970    1336.083              76              76
  169        1696.734     724.582        1696.772     724.557             169             169
   22       -1007.444    -221.882       -1007.407    -221.865              22              22
   97       -2389.355     413.081       -2389.332     413.118              97              97
  159         611.586     737.448         611.611     737.434             159             159
  147       -1107.390    1466.049       -1107.343    1466.083             147             147
   62       -1188.812    -974.261       -1188.825    -974.222              62              62
  218        -399.272    -100.914        -399.274    -100.903             218             218
   11         104.618    -837.969         104.600    -837.979              11              11
   54         518.513     788.993         518.540     788.968              54              54
  199         259.696     679.135         259.731     679.124             199             199
  105        -696.723    1051.534        -696.684    1051.548             105             105
   63          -4.961    1821.676          -4.912    1821.691              63              63
  136         716.011     762.148         716.048     762.162             136             136
   55        -438.799     440.881        -438.761     440.933              55              55
   25        -945.476   -2588.009        -945.525   -2587.973              25              25
  113       -1962.355    1469.103       -1962.330    1469.149             113             113
  208        1582.721     162.464        1582.712     162.436             208             208
  194        -414.213     963.760        -414.184     963.793             194             194
  235         317.659     159.798         317.655     159.826             235             235
  146         332.293   -1079.693         332.243   -1079.684             146             146
    7        3071.064     948.787        3071.095     948.716               7               7
   28        2263.832     444.255        2263.903     444.237              28              28
  188         847.383   -2039.833         847.407   -2039.819             188             188
   34       -2385.566   -1562.839       -2385.553   -1562.763              34              34
  138        -681.625     688.599        -681.579     688.630             138             138
  166        -412.451   -1550.493        -412.476   -1550.464             166             166
  204        -508.658    -249.691        -508.635    -249.675             204             204
  106       -1219.271      24.885       -1219.247      24.939             106             106
  200       -1381.069   -1167.663       -1381.116   -1167.606             200             200
   67         573.131    -551.985         573.098    -552.015              67              67
  182        1814.535     434.315        1814.586     434.252             182             182
  113        -671.345    -642.869        -671.298    -642.840             113             113
   90       -2129.367    1307.521       -2129.278    1307.633              90              90
   24       -1610.940   -2678.382       -1611.034   -2678.293              24              24
   16       -1627.084    -690.691       -1627.126    -690.645              16              16
  237        -440.940    -558.810        -440.986    -558.807             237             237
   87        -489.284    -668.587        -489.330    -668.592              87              87
  235        -217.918     574.551        -217.916     574.547             235             235
  249          93.009    -510.165          92.974    -510.176             249             249
  141        -957.609     509.480        -957.620     509.516             141             141
  179        1709.682    -516.625        1709.635    -516.699             179             179
   99         353.322    -182.915         353.325    -182.953              99              99
  205          44.820    1938.809          44.910    1938.822             205             205
   59        -180.610    -927.317        -180.666    -927.272              59              59
  154        1439.111    -194.236        1439.092    -194.288             154             154
  230        2168.503      87.714        2168.563      87.647             230             230
  173       -1221.097   -2569.857       -1221.153   -2569.795             173             173
  107         410.897   -1027.002         410.900   -1027.082             107             107
  169       -2186.430    1002.400       -2186.353    1002.454             169             169
  153         255.670     982.273         255.725     982.256             153             153
  254       -1021.733    -344.101       -1021.728    -344.056             254             254
  176       -1353.077    1660.458       -1353.006    1660.543             176             176
  182         -83.370   -1018.559         -83.444   -1018.522             182             182
  186        -316.259    -299.261        -316.290    -299.245             186             186
  211        -285.968     187.899        -285.980     187.923             211             211
   64         364.973    -323.894         364.943    -323.888              64              64
   97         -59.175   -2006.383         -59.285   -2006.395              97              97
  159         746.309    -615.141         746.300    -615.255             159             159
  170       -2365.911    1556.308       -2365.839    1556.396             170             170
   41        1265.099    -546.336        1265.033    -546.433              41              41
  227          37.228    1606.220          37.333    1606.200             227             227
   97       -1041.790    -902.426       -1041.847    -902.394              97              97
  154        -188.425    2070.399        -188.333    2070.376             154             154
   62        -971.448    1182.623        -971.430    1182.703              62              62
  122        1205.894     561.022        1205.887     560.983             122             122
  171        -716.418     504.556        -716.418     504.629             171             171
   44         321.378     450.345         321.346     450.360              44              44
  209        1016.924     229.656        1016.899     229.632             209             209
  151         228.858    -427.822         228.792    -427.823             151             151
   38        1941.288     961.810        1941.326     961.705              38              38
   95        1126.609    -201.447        1126.629    -201.502              95              95
   74        -295.152    2288.190        -294.988    2288.272              74              74
  137         433.874   -1285.900         433.787   -1285.833             137             137
   44         413.169   -1145.729         413.091   -1145.739              44              44
  134         535.496      54.095         535.495      54.055             134             134
   36         915.261      96.489         915.279      96.429              36              36
   19        -117.194    1192.842        -117.117    1192.892              19              19
   52        1881.185   -1483.483        1881.110   -1483.588              52              52
  144        -185.744     826.235        -185.635     826.225             144             144
  188          97.393    2232.832          97.573    2232.899             188             188
  205          65.652   -1114.274          65.596   -1114.166             205             205
  142         255.495   -2106.681         255.376   -2106.698             142             142
  109        -863.937    1563.403        -863.834    1563.464             109             109
  131        1280.690   -1508.328        1280.578   -1508.414             131             131
   72         641.101    1183.903         641.244    1183.814              72              72
   64        -942.705    3125.713        -942.429    3125.864              64              64
  195       -1294.845    -229.044       -1294.888    -228.795             195             195
  170         718.937    -199.696         718.883    -199.615             170             170
  224         369.945   -1476.839         369.840   -1476.770             224             224
  110        -538.453     -51.104        -538.477     -50.978             110             110
  211        1368.860    -993.270        1368.793    -993.264             211             211
  196       -1335.176   -1649.816       -1335.293   -1649.633             196             196
  208         125.203   -1807.398         125.024   -1807.372             208             208
  110        -323.086    -739.402        -323.193    -739.350             110             110
    3          14.445    -730.401          14.299    -730.327               3               3
   74        1799.508   -3871.056        1799.155   -3871.200              74              74
   26          37.007    -712.245          36.924    -712.335              26              26
   47         894.523    -516.564         894.427    -516.681              47              47
   28         720.771     -86.681         720.695     -86.732              28              28
  177        2522.302   -2983.309        2522.020   -2983.564             177             177
   86        2248.187    -170.540        2248.212    -170.854              86              86
  123        2096.818     802.244        2097.000     802.000             123             123
  251        -378.227     357.696        -378.090     357.728             251             251
  223         281.236   -1348.728         281.171   -1348.778             223             223
  167          60.012    -207.491          60.020    -207.581             167             167
  129         792.182    1340.995         792.316    1340.907             129             129
    4         547.134   -1592.743         547.026   -1592.836               4               4
  186         382.816    2830.778         383.064    2830.746             186             186
  181        2508.488   -1203.487        2508.449   -1203.616             181             181
  148        -368.859   -1616.769        -368.893   -1616.754             148             148
  119        -540.072    -779.830        -540.140    -779.877             119             119
  131        2288.041    1022.231        2288.158    1021.955             131             131
   34        1048.157     467.370        1048.317     467.257              34              34
  228         131.744     862.263         131.940     862.270             228             228
    6        -695.780     492.735        -695.692     492.883               6               6
  107        2246.638   -1977.493        2246.540   -1977.655             107             107
   37        -568.464   -1601.108        -568.471   -1601.151              37              37
  202        -670.707    1644.555        -670.496    1644.557             202             202
   21         791.441    -653.704         791.429    -653.778              21              21
    6         538.705     -15.957         538.806     -16.042               6               6
   56        -291.130      94.533        -291.022      94.540              56              56
  233         -14.532    -262.723         -14.474    -262.744             233             233
  202        -338.697    -468.985        -338.673    -469.016             202             202
    9         712.904     847.706         713.089     847.579               9               9
   88       -1780.315     394.108       -1780.217     394.256              88              88
  206        1594.246    1103.204        1594.433    1103.068             206             206
   84       -2117.595   -1131.609       -2117.618   -1131.410              84              84
  114        -731.545    1176.149        -731.472    1176.183             114             114
  253        1551.742     135.363        1551.765     135.199             253             253
  112          14.572    1520.328          14.799    1520.353             112             112
   35         615.525     360.692         615.636     360.719              35              35
   83        1029.651      73.792        1029.808      73.787              83              83
  236        -398.707    -899.931        -398.585    -899.806             236             236
   31       -2365.728   -1535.370       -2365.745   -1535.121              31              31
   51       -1936.403    -635.598       -1936.454    -635.456              51              51
  147        -445.473    -299.753        -445.506    -299.788             147             147
  161       -1065.511     463.869       -1065.446     463.903             161             161
   55       -1302.092    1058.173       -1302.013    1058.289              55              55
   78         -87.944     228.327         -87.951     228.336              78              78
   87       -1262.965    1179.581       -1262.877    1179.747              87              87
  204       -1025.784     536.410       -1025.868     536.623             204             204
  198        2330.754   -1150.401        2330.577   -1150.592             198             198
  218       -1550.004    -155.544       -1550.048    -155.370             218             218
  238        1212.143     139.635        1212.062     139.544             238             238
  171        1124.630   -1775.344        1124.405   -1775.491             171             171
  225        2259.975     982.441        2260.176     982.146             225             225
   90        -744.824    -556.400        -744.763    -556.307              90              90
  208         -68.390    -610.833         -68.420    -610.876             208             208
  171         214.082     199.952         214.129     199.856             171             171
  111        1333.549     530.806        1333.713     530.612             111             111
  215       -1427.423    -360.919       -1427.387    -360.837             215             215
  228        1472.108    2753.751        1472.504    2753.586             228             228
   89        -899.540    -564.554        -899.462    -564.370              89              89
  162       -1056.182     594.203       -1056.041     594.358             162             162
  237       -1679.440    -202.722       -1679.508    -202.487             237             237
  177        1449.085    -396.465        1449.011    -396.671             177             177
  112         153.615    2014.209         153.945    2014.221             112             112
   65        -593.901     -56.827        -593.822     -56.636              65              65
   35       -1390.158    -587.139       -1390.233    -586.919              35              35
  110         890.113     445.364         890.175     445.305             110             110
  178       -1205.896    -111.162       -1205.884    -110.919             178             178
   71        -111.173   -1759.442        -111.431   -1759.432              71              71
  194         627.550    1279.384         627.709    1279.302             194             194
  158        -177.278    -871.775        -177.370    -871.705             158             158
  102        1508.910    -142.043        1508.999    -142.231             102             102
  245       -1946.172    -147.702       -1946.085    -147.454             245             245
   50        -428.028    -380.711        -428.077    -380.678              50              50
    8        -513.814     387.280        -513.754     387.318               8               8
   45        -949.326    1076.614        -949.208    1076.803              45              45
  129       -1292.750    -974.195       -1292.993    -973.937             129             129
   95         260.386   -1283.961         260.025   -1284.022              95              95
  250        2498.934    -175.627        2498.836    -176.058             250             250
   71         954.165    1961.095         954.470    1960.983              71              71
   57        1186.157    -822.070        1186.147    -822.153              57              57
  233        -178.055     681.838        -177.869     681.934             233             233
  243         227.109   -2147.599         226.867   -2147.610             243             243
   27        1395.384    -657.073        1395.414    -657.406              27              27
   67       -1073.054    1004.199       -1072.822    1004.197              67              67
  195        1238.590    2580.874        1239.015    2580.758             195             195
  198        -315.850    -222.120        -315.750    -221.914             198             198
  179         742.668   -1252.780         742.649   -1252.845             179             179
  155        -157.731     400.904        -157.453     400.907             155             155
  170       -1247.875     128.394       -1247.653     128.591             170             170
   12       -1928.340    -141.374       -1928.246    -141.093              12              12
   61       -2037.314     572.339       -2037.261     572.669              61              61
  152        -252.328    -743.948        -252.490    -743.868             152             152
  189        -772.360     399.073        -772.353     399.228             189             189
  173         719.671   -1350.931         719.482   -1351.011             173             173
  218        -636.932     -56.231        -636.889     -56.196             218             218
  225        -395.997     207.794        -395.955     207.839             225             225
   27         135.093    -555.745         135.061    -555.798              27              27
  140        -501.175     911.160        -500.953     911.221             140             140
   40       -1597.570     -13.433       -1597.534     -13.131              40              40
  222       -1834.067   -1880.363       -1834.460   -1880.165             222             222
   42        1095.404    1342.577        1095.494    1342.310              42              42
  143       -1271.012     908.789       -1270.983     909.015             143             143
  212        2319.863     -75.117        2319.797     -75.359             212             212
   93         569.310   -1466.938         569.246   -1467.044              93              93
  151       -1248.078     599.033       -1247.901     599.140             151             151
    1        -173.340    -656.824        -173.419    -656.904               1               1
  222        -557.441    2400.934        -557.082    2400.994             222             222
  246         273.409    -742.157         273.328    -742.162             246             246
  252       -1066.849    1260.714       -1066.667    1260.855             252             252
   38        1244.675    1089.507        1244.880    1089.423              38              38
   48       -1292.185     -81.699       -1292.120     -81.391              48              48
  229         433.663     770.564         433.847     770.650             229             229
   25       -1601.234   -1580.771       -1601.402   -1580.424              25              25
   75        -866.144     178.664        -866.144     178.829              75              75
   40        -149.046    -471.467        -149.092    -471.357              40              40
  221       -2817.342   -1564.415       -2817.679   -1563.990             221             221
   18         253.021    -569.847         252.712    -570.006              18              18
  219         190.484     570.814         190.416     570.701             219             219
  120        1176.577    -465.565        1176.428    -465.845             120             120
  189          48.110    1817.964          48.355    1817.912             189             189
  232        1528.447     124.134        1528.493     123.941             232             232
  181         251.109     743.246         251.377     743.251             181             181
   85       -1797.438     122.916       -1797.397     123.268              85              85
  165          33.832      60.906          33.714      60.944             165             165
   99        1965.201     189.105        1965.262     188.817              99              99
   48         -88.519     718.640         -88.221     718.703              48              48
  135       -1869.534    1029.307       -1869.345    1029.762             135             135
  127         716.336    -253.039         716.262    -252.929             127             127
  188        -274.755   -1582.927        -274.971   -1582.757             188             188
  175         240.118   -1110.525         240.004   -1110.594             175             175
   93       -1522.383    1178.842       -1522.207    1179.162              93              93
  231         832.075   -1954.478         831.686   -1954.505             231             231
   63        1186.527   -1075.987        1186.450   -1076.224              63              63
   49         407.627   -1441.117         407.659   -1441.332              49              49
   68       -2749.199     636.133       -2748.926     636.431              68              68
  214       -1283.000      -0.144       -1283.000       0.000             214             214
   51       -2748.646    -636.743       -2748.923    -636.438              51              51
   35         407.689    1441.553         407.657    1441.333              35              35
  205        1186.370    1076.469        1186.449    1076.226             205             205
   47         831.278    1954.540         831.682    1954.509              47              47
   73       -1522.020   -1179.500       -1522.205   -1179.165              73              73
  254         239.881    1110.665         240.002    1110.593             254             254
   20        -275.206    1582.576        -274.975    1582.755              20              20
   98         716.183     252.812         716.262     252.929              98              98
   74       -1869.136   -1030.256       -1869.342   -1029.766              74              74
   60         -87.897    -718.772         -88.219    -718.704              60              60
   64        1965.329    -188.497        1965.263    -188.813              64              64
   92          33.587     -60.985          33.715     -60.942              92              92
   24       -1797.350    -123.662       -1797.397    -123.272              24              24
  184         251.677    -743.257         251.378    -743.251             184             184
   26        1528.542    -123.720        1528.492    -123.937              26              26
    0          48.636   -1817.853          48.357   -1817.913              -0               0
  110        1176.260     466.171        1176.428     465.849             110             110
  111         190.341    -570.572         190.418    -570.701             111             111
  166         252.350     570.189         252.709     570.006             166             166
  210       -2818.078    1563.486       -2817.682    1563.985             210             210
  159        -149.148     471.230        -149.093     471.358             159             159
   45        -866.145    -179.029        -866.145    -178.831              45              45
   81       -1601.608    1580.003       -1601.406    1580.419              81              81
   92         434.072    -770.754         433.849    -770.650              92              92
  221       -1292.040      81.011       -1292.120      81.387             221             221
  174        1245.135   -1089.317        1244.883   -1089.420             174             174
   67       -1066.438   -1261.036       -1066.663   -1260.860              67              67
   29         273.225     742.170         273.326     742.164              29              29
  223        -556.622   -2401.070        -557.075   -2400.995             223             223
  136        -173.522     657.003        -173.422     656.903             136             136
  243       -1247.674    -599.279       -1247.899    -599.143             243             243
   19         569.160    1467.184         569.244    1467.046              19              19
  171        2319.713      75.685        2319.798      75.366             171             171
  193       -1270.940    -909.314       -1270.980    -909.017             193             193
   66        1095.619   -1341.955        1095.498   -1342.308              66              66
  244       -1834.986    1879.897       -1834.463    1880.161             244             244
  191       -1597.484      12.724       -1597.533      13.128             191             191
   86        -500.649    -911.304        -500.950    -911.222              86              86
   87         135.017     555.870         135.060     555.798              87              87
    9        -395.899    -207.901        -395.955    -207.840               9               9
  147        -636.831      56.145        -636.889      56.195             147             147
  151         719.217    1351.127         719.481    1351.014             151             151
  102        -772.344    -399.448        -772.353    -399.230             102             102
  171        -252.719     743.752        -252.490     743.867             171             171
   80       -2037.181    -573.145       -2037.258    -572.673              80              80
  128       -1928.112     140.685       -1928.247     141.089             128             128
  172       -1247.331    -128.880       -1247.652    -128.595             172             172
  191        -157.047    -400.914        -157.453    -400.909             191             191
  240         742.618    1252.943         742.647    1252.846             240             240
   82        -315.599     221.610        -315.749     221.914              82              82
  145        1239.661   -2580.578        1239.022   -2580.754             145             145
  144       -1072.467   -1004.197       -1072.819   -1004.200             144             144
  128        1395.458     657.918        1395.412     657.410             128             128
  226         226.491    2147.629         226.864    2147.611             226             226
  237        -177.580    -682.082        -177.867    -681.933             237             237
   94        1186.131     822.286        1186.146     822.155              94              94
  145         954.957   -1960.804         954.476   -1960.981             145             145
   48        2498.682     176.748        2498.836     176.063              48              48
  123         259.443    1284.123         260.021    1284.025             123             123
  113       -1293.388     973.520       -1292.996     973.935             113             113
  184        -949.014   -1077.113        -949.206   -1076.805             184             184
  111        -513.656    -387.381        -513.753    -387.320             111             111
  132        -428.160     380.623        -428.079     380.678             132             132
   99       -1945.938     147.041       -1946.084     147.453              99              99
   48        1509.148     142.556        1508.999     142.235              48              48
  198        -177.526     871.586        -177.370     871.705             198             198
   88         627.983   -1279.160         627.710   -1279.300              88              88
  240        -111.880    1759.414        -111.433    1759.432             240             240
   29       -1205.863     110.494       -1205.885     110.918              29              29
  175         890.286    -445.201         890.177    -445.305             175             175
  250       -1390.368     586.523       -1390.235     586.915             250             250
  176        -593.682      56.293        -593.822      56.634             176             176
   71         154.545   -2014.237         153.949   -2014.218              71              71
   97        1448.873     397.049        1449.009     396.673              97              97
   92       -1679.636     202.053       -1679.509     202.484              92              92
  152       -1055.777    -594.648       -1056.038    -594.361             152             152
  226        -899.317     564.027        -899.462     564.369             226             226
    9        1473.256   -2753.270        1472.510   -2753.582               9               9
   87       -1427.321     360.680       -1427.388     360.834              87              87
  210        1334.025    -530.239        1333.713    -530.611             210             210
   92         214.221    -199.668         214.130    -199.855              92              92
  233         -68.480     610.960         -68.421     610.877             233             233
   99        -744.646     556.124        -744.765     556.306              99              99
  220        2260.577    -981.556        2260.178    -982.142             220             220
  204        1123.951    1775.792        1124.402    1775.495             204             204
   80        1211.898    -139.360        1212.061    -139.542              80              80
   59       -1550.136     155.011       -1550.047     155.367              59              59
   93        2330.212    1150.989        2330.575    1150.596              93              93
  129       -1026.038    -537.068       -1025.866    -536.625             129             129
  182       -1262.690   -1180.095       -1262.875   -1179.750             182             182
  207         -87.964    -228.355         -87.950    -228.336             207             207
   58       -1301.840   -1058.536       -1302.010   -1058.291              58              58
   38       -1065.302    -463.980       -1065.443    -463.905              38              38
   83        -445.575     299.861        -445.506     299.787              83              83
  157       -1936.565     635.145       -1936.454     635.452             157             157
   87       -2365.784    1534.570       -2365.747    1535.119              87              87
   26        -398.315     899.529        -398.586     899.806              26              26
  246        1030.167     -73.769        1029.810     -73.784             246             246
   71         615.888    -360.776         615.637    -360.717              71              71
   56          15.323   -1520.410          14.802   -1520.353              56              56
  165        1551.820    -134.813        1551.766    -135.195             165             165
   66        -731.297   -1176.265        -731.469   -1176.185              66              66
  232       -2117.673    1130.935       -2117.620    1131.404             232             232
  237        1594.877   -1102.743        1594.434   -1103.066             237             237
  163       -1779.977    -394.616       -1780.214    -394.259             163             163
   69         713.542    -847.267         713.093    -847.576              69              69
  133        -338.616     469.090        -338.674     469.016             133             133
  133         -14.330     262.799         -14.474     262.745             133             133
   78        -290.748     -94.555        -291.019     -94.539              78              78
  221         539.058      16.257         538.807      16.043             221             221
   88         791.400     653.967         791.430     653.780              88              88
  171        -669.954   -1644.565        -670.494   -1644.558             171             171
  199        -568.491    1601.259        -568.473    1601.150             199             199
  187        2246.280    1978.086        2246.537    1977.660             187             187
  135        -695.457    -493.276        -695.690    -492.884             135             135
  147         132.465    -862.286         131.942    -862.269             147             147
   12        1048.749    -466.951        1048.318    -467.255              12              12
  195        2288.474   -1021.199        2288.159   -1021.950             195             195
  241        -540.325     780.004        -540.139     779.877             241             241
  141        -368.991    1616.711        -368.897    1616.753             141             141
  121        2508.340    1203.988        2508.448    1203.624             121             121
  192         383.768   -2830.650         383.068   -2830.744             192             192
  199         546.712    1593.103         547.023    1592.837             199             199
  160         792.704   -1340.651         792.318   -1340.904             160             160
   20          60.042     207.844          60.020     207.582              20              20
  101         280.978    1348.929         281.167    1348.780             101             101
  247        -377.683    -357.823        -378.087    -357.729             247             247
   47        2097.545    -801.267        2097.000    -802.000              47              47
   91        2248.286     171.828        2248.212     170.861              91              91
   63        2521.133    2984.366        2522.013    2983.571              63              63
  103         720.454      86.895         720.694      86.734             103             103
    1         894.121     517.058         894.426     516.684               1               1
  129          36.653     712.621          36.921     712.336             129             129
   80        1798.001    3871.668        1799.146    3871.203              80              80
  238          13.831     730.080          14.299     730.325             238             238
   36        -323.545     739.181        -323.194     739.350              36              36
  150         124.416    1807.289         125.018    1807.372             150             150
  116       -1335.696    1649.008       -1335.298    1649.628             116             116
  170        1368.561     993.249        1368.790     993.266             170             170
  229        -538.555      50.550        -538.476      50.979             229             229
   82         369.464    1476.530         369.836    1476.771              82              82
    2         718.689     199.337         718.880     199.615               2               2
  144       -1295.042     227.905       -1294.889     228.790             144             144
   25        -941.434   -3126.405        -942.425   -3125.865              25              25
  190         641.768   -1183.490         641.247   -1183.814             190             190
   23        1280.160    1508.733        1280.574    1508.415              23              23
  172        -863.442   -1563.698        -863.830   -1563.467             172             172
  202         254.918    2106.765         255.371    2106.699             202             202
  219          65.379    1113.753          65.593    1114.165             219             219
  158          98.269   -2233.161          97.576   -2232.901             158             158
   88        -185.204    -826.188        -185.631    -826.225              88              88
   85        1880.805    1484.003        1881.107    1483.589              85              85
   94        -116.800   -1193.087        -117.113   -1192.892              94              94
   32         915.352     -96.182         915.279     -96.427              32              32
  245         535.489     -53.887         535.495     -54.054             245             245
  115         412.765    1145.783         413.089    1145.741             115             115
  133         433.414    1285.561         433.784    1285.835             133             133
  236        -294.283   -2288.621        -294.984   -2288.274             236             236
  162        1126.717     201.745        1126.629     201.505             162             162
  225        1941.493    -961.244        1941.327    -961.702             225             225
   43         228.490     427.823         228.789     427.823              43              43
   10        1016.780    -229.520        1016.898    -229.630              10              10
  226         321.197    -450.424         321.345    -450.359             226             226
  172        -716.413    -504.962        -716.417    -504.629             172             172
   90        1205.856    -560.797        1205.888    -560.981              90              90
  209        -971.341   -1183.084        -971.428   -1182.704             209             209
  209        -187.881   -2070.271        -188.327   -2070.377             209             209
  240       -1042.127     902.233       -1041.849     902.391             240             240
   70          37.856   -1606.097          37.336   -1606.198              70              70
  123        1264.697     546.925        1265.031     546.436             123             123
  213       -2365.470   -1556.852       -2365.836   -1556.401             213             213
  152         746.251     615.843         746.299     615.257             152             152
  126         -59.874    2006.459         -59.291    2006.396             126             126
  101         364.780     323.856         364.941     323.889             101             101
  177        -286.039    -188.051        -285.978    -187.923             177             177
   60        -316.452     299.159        -316.289     299.246              60              60
  125         -83.865    1018.315         -83.447    1018.521             125             125
   94       -1352.604   -1661.029       -1353.003   -1660.547              94              94
    6       -1021.706     343.797       -1021.730     344.055               6               6
   88         256.044    -982.158         255.727    -982.255              88              88
  252       -2185.898   -1002.788       -2186.351   -1002.460             252             252
   95         410.907    1027.564         410.896    1027.084              95              95
  173       -1221.504    2569.419       -1221.157    2569.793             173             173
   91        2168.934     -87.239        2168.563     -87.646              91              91
  127        1438.977     194.619        1439.092     194.291             127             127
  162        -181.029     926.986        -180.670     927.271             162             162
  206          45.504   -1938.903          44.916   -1938.822             206             206
    5         353.340     183.206         353.322     182.955               5               5
  143        1709.319     517.207        1709.634     516.704             143             143
  113        -957.700    -509.766        -957.621    -509.519             113             113
  230          92.728     510.253          92.973     510.176             230             230
  187        -217.900    -574.514        -217.915    -574.546             187             187
  123        -489.676     668.610        -489.333     668.590             123             123
  201        -441.336     558.775        -440.988     558.806             201             201
  104       -1627.452     690.285       -1627.128     690.641             104             104
  214       -1611.772    2677.609       -1611.040    2678.290             214             214
  155       -2128.574   -1308.519       -2129.274   -1307.639             155             155
   57        -670.939     642.596        -671.300     642.837              57              57
  198        1815.014    -433.731        1814.590    -434.247             198             198
  225         572.827     552.257         573.097     552.014             225             225
  181       -1381.519    1167.114       -1381.119    1167.602             181             181
  155       -1219.047     -25.421       -1219.248     -24.944             155             155
  121        -508.440     249.535        -508.635     249.674             121             121
   51        -412.705    1550.208        -412.478    1550.464              51              51
    1        -681.148    -688.926        -681.575    -688.633               1               1
   42       -2385.450    1562.039       -2385.557    1562.757              42              42
  112         847.621    2039.693         847.403    2039.821             112             112
  126        2264.586    -444.040        2263.903    -444.233             126             126
  137        3071.425    -947.968        3071.098    -948.708             137             137
  118         331.727    1079.581         332.241    1079.683             118             118
  215         317.614    -160.103         317.655    -159.824             215             215
  133        -413.855    -964.157        -414.182    -963.795             133             133
  214        1582.620    -162.110        1582.713    -162.432             214             214
  132       -1962.026   -1469.693       -1962.326   -1469.155             132             132
  224        -946.114    2587.560        -945.531    2587.971             224             224
   85        -438.311    -441.558        -438.761    -440.935              85              85
   39         716.503    -762.323         716.050    -762.161              39              39
  175          -4.267   -1821.879          -4.907   -1821.691             175             175
   90        -696.173   -1051.738        -696.681   -1051.550              90              90
  183         260.190    -678.968         259.731    -679.122             183             183
   33         518.908    -788.628         518.541    -788.967              33              33
   65         104.353     838.123         104.600     837.980              65              65
  114        -399.315     100.744        -399.274     100.901             114             114
  156       -1189.027     973.631       -1188.826     974.221             156             156
   10       -1106.564   -1466.644       -1107.339   -1466.086              10              10
  219         612.030    -737.208         611.613    -737.433             219             219
  114       -2388.930    -413.789       -2389.329    -413.124             114             114
  165       -1006.777     221.550       -1007.408     221.863             165             165
   20        1697.490    -724.051        1696.775    -724.551              20              20
   57        -523.282   -1336.050        -523.966   -1336.083              57              57
  134        -866.166    -113.388        -866.715    -113.518             134             134
  202         497.082    1688.339         496.979    1687.985             202             202
  213        2046.726     178.724        2046.453     178.045             213             213
    0         142.598     741.453         142.767     741.342               0               0
  254       -1001.639    1112.650       -1001.541    1113.044             254             254
  214         -90.687     468.050         -90.925     468.273             214             214
   43       -1045.850     -27.986       -1046.397     -27.457              43              43
  110        1065.525    -876.964        1064.713    -877.295             110             110
   85         -69.673     265.730         -69.928     265.628              85              85
  180       -1414.780     283.281       -1415.307     283.596             180             180
  229        1028.061    1916.343        1027.967    1916.063             229             229
   44         466.388     274.278         465.983     274.346              44              44
   57        -956.430    1439.317        -956.626    1440.018              57              57
  187         749.148   -1979.449         747.724   -1979.400             187             187
  177          90.393    -898.427          89.386    -898.666             177             177
   26        -631.671    1461.920        -632.155    1461.946              26              26
   17        1161.780    2153.120        1161.402    2153.056              17              17
  217         790.940   -1229.526         789.461   -1229.459             217             217
  201        2032.369     845.727        2031.628     845.257             201             201
  107         985.798    -641.301         984.628    -641.364             107             107
  144        1134.441    -382.820        1133.308    -383.076             144             144
  234       -1972.645    -304.861       -1974.328    -304.175             234             234
  172         583.221     643.096         581.020     643.019             172             172
    3        -349.479    -382.310        -353.142    -382.013               3               3
  135         347.124    -383.279         339.877    -383.329             135             135
