SINAL     NFT                         FFT                         NFT INVERSA     FFT INVERSA
-----     -----------------------     -----------------------     -----------     -----------
  221       68526.000       0.000       68526.000       0.000             221             221
  190        -627.670     520.981        -627.656     520.982             190             190
    1         740.596    1221.262         740.611    1221.262               1               1
  222        1130.570    -298.828        1130.584    -298.827             222             222
  221        -968.558   -1936.810        -968.548   -1936.807             221             221
   91         541.051     288.860         541.065     288.858              91              91
  204        -227.954    -513.639        -227.943    -513.638             204             204
  132         576.650      82.815         576.660      82.813             132             132
  170        2927.240    -759.165        2927.251    -759.182             170             170
  171         338.326    1047.064         338.353    1047.061             171             171
   79         -15.049    1280.667         -15.021    1280.673              79              79
    8        -884.112   -1177.230        -884.103   -1177.218               8               8
  221        -974.110   -1020.793        -974.107   -1020.785             221             221
   87        1077.713    -185.750        1077.719    -185.763              87              87
  192        1238.866     255.843        1238.882     255.830             192             192
  236         604.267    -143.763         604.283    -143.772             236             236
  164         369.241     255.961         369.258     255.949             164             164
    4        2419.482    2313.190        2419.530    2313.165               4               4
   63       -1151.869     791.120       -1151.834     791.145              63              63
  184         574.948    -629.883         574.961    -629.884             184             184
   52        -545.767    2302.468        -545.719    2302.490              52              52
  108         516.851   -1217.726         516.854   -1217.710             108             108
  249         147.329   -1053.592         147.339   -1053.582             249             249
  205        -270.339   -1069.614        -270.331   -1069.602             205             205
   99        -538.281   -2037.254        -538.292   -2037.253              99              99
   56        -725.470      92.906        -725.453      92.901              56              56
   22        -303.945    1131.244        -303.914    1131.245              22              22
  246        -448.545    -358.383        -448.542    -358.374             246             246
  138          43.230     742.174          43.249     742.175             138             138
  198         600.879     -62.769         600.889     -62.773             198             198
  249          56.669     675.692          56.699     675.705             249             249
  104        -871.062   -1493.597        -871.086   -1493.571             104             104
  132        1102.068   -1165.588        1102.044   -1165.631             132             132
  250        1033.282    2404.427        1033.344    2404.397             250             250
   71        1782.679     100.569        1782.710     100.544              71              71
   98          38.444     373.996          38.490     374.006              98              98
   86         -20.053     327.706         -20.012     327.721              86              86
   19        -647.697     338.034        -647.665     338.072              19              19
  231        1458.276   -1376.992        1458.286   -1377.012             231             231
    1       -3253.355     367.861       -3253.313     367.953               1               1
  190        -650.246   -2431.394        -650.312   -2431.385             190             190
   54        -327.464    2527.138        -327.402    2527.145              54              54
   10         782.731   -1302.436         782.705   -1302.430              10              10
  156        -887.896   -1380.550        -887.922   -1380.534             156             156
  142        -565.713     961.931        -565.702     961.946             142             142
  203        1924.119   -1179.385        1924.084   -1179.433             203             203
  136         733.248    -467.751         733.261    -467.784             136             136
   51        -568.200      71.483        -568.184      71.489              51              51
  208        2056.075      39.036        2056.105      38.963             208             208
  200       -1387.551     273.843       -1387.507     273.881             200             200
  235         244.397    -129.825         244.403    -129.841             235             235
    4        1007.175    1024.606        1007.244    1024.577               4               4
   53       -2226.118    -191.719       -2226.109    -191.629              53              53
  228        1358.602    -581.035        1358.583    -581.075             228             228
  209        -297.198    -313.895        -297.193    -313.888             209             209
  152         981.006    -476.352         981.008    -476.393             152             152
   29         633.685   -1393.230         633.681   -1393.293              29              29
  231        -877.207    1659.790        -877.102    1659.776             231             231
  142        -486.229     951.552        -486.160     951.555             142             142
  167       -1452.775    1349.458       -1452.704    1349.512             167             167
  174        -642.794     499.359        -642.769     499.391             174             174
  135       -1135.384     447.697       -1135.372     447.735             135             135
   16        -702.409    2042.501        -702.354    2042.547              16              16
   51         409.846     -86.286         409.823     -86.267              51              51
  130         700.515     235.742         700.536     235.727             130             130
   87       -1890.018     710.321       -1889.996     710.417              87              87
  149        -214.218     565.201        -214.251     565.236             149             149
  217        1442.122     245.490        1442.088     245.454             217             217
  106        1901.598     902.689        1901.639     902.639             106             106
  124         538.332     680.610         538.385     680.650             124             124
  219         474.079   -1743.286         474.018   -1743.269             219             219
   40         168.430     803.192         168.474     803.211              40              40
  179         579.943   -1414.839         579.873   -1414.841             179             179
  230        2081.083     286.625        2081.127     286.532             230             230
  197         247.544    -106.688         247.603    -106.679             197             197
   65        -127.958    -695.051        -127.937    -695.048              65              65
  177        -869.634    2359.323        -869.489    2359.408             177             177
   77        -645.183   -1101.513        -645.243   -1101.393              77              77
  116         906.865   -2104.089         906.758   -2104.100             116             116
  129        1229.861    -614.033        1229.883    -614.082             129             129
   21       -1976.963   -2369.420       -1977.049   -2369.333              21              21
   96        -961.461    -919.570        -961.553    -919.584              96              96
  134        1678.626     155.849        1678.601     155.702             134             134
   74        1257.378    -103.794        1257.394    -103.920              74              74
   68         733.603    1797.333         733.746    1797.268              68              68
   87         574.935    -529.575         574.969    -529.623              87              87
  227        -410.174    1957.774        -409.998    1957.793             227             227
   97       -1370.771    -224.658       -1370.750    -224.560              97              97
   63       -1002.402     332.362       -1002.393     332.422              63              63
  114        -242.642      24.365        -242.668      24.371             114             114
    9           8.283    1593.816           8.344    1593.841               9               9
  237         762.572    -919.743         762.501    -919.751             237             237
  249         235.756    -616.510         235.711    -616.550             249             249
   25         479.495    1221.653         479.543    1221.601              25              25
   32        2086.071    1801.389        2086.192    1801.323              32              32
  124         470.064   -1733.439         470.006   -1733.413             124             124
  112        1585.487    -424.259        1585.536    -424.363             112             112
  182        -740.280   -1583.590        -740.289   -1583.601             182             182
   86        -794.824    1397.656        -794.698    1397.640              86              86
  218           0.272    -100.639           0.288    -100.691             218             218
   51        -274.047    1855.109        -273.904    1855.079              51              51
   50         170.301     674.189         170.369     674.142              50              50
    3         414.051    2655.856         414.287    2655.809               3               3
  230       -2186.540    2765.633       -2186.336    2765.838             230             230
   24         -28.754    2583.601         -28.613    2583.770              24              24
  200        -296.252   -2810.941        -296.477   -2810.821             200             200
   39        1548.168    1709.883        1548.279    1709.805              39              39
  202        1247.607     685.873        1247.746     685.899             202             202
   22       -2754.831   -1510.647       -2754.892   -1510.383              22              22
  156        -238.432    -293.642        -238.504    -293.618             156             156
   76        1057.026     280.455        1057.047     280.378              76              76
   44       -1526.150    1501.152       -1526.060    1501.299              44              44
  252         939.958      71.672         939.904      71.666             252             252
  210        1989.166    1223.721        1989.287    1223.655             210             210
  119        -220.348     233.986        -220.251     234.130             119             119
   65       -1294.014   -1556.609       -1294.115   -1556.427              65              65
   41          57.591   -1086.230          57.468   -1086.229              41              41
   90        2013.822     991.638        2013.927     991.508              90              90
  163        -406.847    -270.351        -406.785    -270.259             163             163
  105        -111.278    -481.037        -111.238    -480.991             105             105
  204       -1826.190      74.537       -1826.139      74.712             204             204
  172       -1610.602    -633.456       -1610.688    -633.307             172             172
   86        -636.071     -28.509        -636.149     -28.466              86              86
  198        -599.996    1199.990        -600.012    1200.070             198             198
  198        1998.441     480.233        1998.411     480.172             198             198
  119         873.509   -1327.780         873.431   -1327.786             119             119
   67       -1225.635     159.737       -1225.640     159.869              67              67
   54         634.675    -619.485         634.554    -619.492              54              54
   46        1275.095    -862.902        1275.000    -863.000              46              46
  153         608.172    -777.110         608.122    -777.211             153             153
   17         -59.744    1150.922         -59.653    1150.880              17              17
   97         748.628    1085.484         748.703    1085.432              97              97
  204         525.648     792.364         525.704     792.346             204             204
   21        1624.002    2237.910        1624.235    2237.871              21              21
   71       -1347.581     -39.452       -1347.580     -39.177              71              71
  228        1516.288    -443.667        1516.202    -443.678             228             228
  221        1862.327    -448.743        1862.339    -448.807             221             221
  111          22.250    -980.848          22.234    -980.788             111             111
  174         928.110      49.299         928.176      49.259             174             174
  244         315.735     188.881         315.835     188.927             244             244
   12         595.584     280.346         595.724     280.419              12              12
  250       -1524.880   -1655.902       -1524.948   -1655.650             250             250
   32        -503.841   -1594.709        -503.975   -1594.645              32              32
    8        -539.555     274.243        -539.541     274.311               8               8
  205         539.326    -400.597         539.285    -400.570             205             205
  151         444.876   -1521.421         444.782   -1521.417             151             151
   73         -48.779    -765.892         -48.759    -765.882              73              73
  246       -2294.344    -897.385       -2294.407    -897.170             246             246
  241        -795.609    -857.955        -795.773    -857.907             241             241
  236        -210.856    -326.213        -210.984    -326.230             236             236
   95         754.830    -693.620         754.696    -693.754              95              95
  190           2.548     955.593           2.594     955.556             190             190
  153         -35.289    -376.765         -35.430    -376.772             153             153
  182        2441.156     118.712        2441.121     118.424             182             182
  132         384.454     691.950         384.527     691.867             132             132
   95        2374.083    1865.847        2374.316    1865.650              95              95
   46         985.065    -208.519         985.200    -208.536              46              46
  200        -692.057    -608.202        -691.963    -608.147             200             200
  149       -2341.130    2390.887       -2340.867    2391.156             149             149
   92        -345.078     655.744        -345.103     655.933              92              92
   97         565.932   -1082.756         565.745   -1082.720              97              97
  167         723.573     337.404         723.562     337.361             167             167
  190        1419.711    1368.613        1419.859    1368.586             190             190
   46        1393.708   -1229.129        1393.683   -1229.152              46              46
  188        -769.128     286.613        -768.974     286.777             188             188
    6       -2081.572    -814.669       -2081.687    -814.376               6               6
   18         561.530     744.051         561.502     744.061              18              18
  154        1437.184     617.151        1437.251     617.161             154             154
  117       -1494.598    -965.027       -1494.758    -964.679             117             117
  193        2305.828   -1277.263        2305.610   -1277.382             193             193
  142        1283.769   -1319.355        1283.681   -1319.411             142             142
  129         378.668    -856.297         378.657    -856.258             129             129
  188        -908.407   -2492.134        -908.688   -2492.044             188             188
  174        1088.919    1483.306        1089.037    1483.209             174             174
  138        1236.396   -1513.673        1236.246   -1513.687             138             138
  137         886.265   -1863.747         886.115   -1863.818             137             137
   70         954.562   -1499.754         954.486   -1499.929              70              70
  211        -146.932     963.842        -146.737     963.847             211             211
  128         926.729    -399.848         926.781    -399.842             128             128
   56        -274.101   -2575.793        -274.250   -2575.736              56              56
  192       -2166.192    -406.669       -2166.215    -406.453             192             192
  224         -19.437   -1485.570         -19.689   -1485.608             224             224
  246         241.645    -406.203         241.541    -406.302             246             246
   89         786.529    -381.391         786.470    -381.529              89              89
  151        -723.459    -174.927        -723.540    -174.853             151             151
  122        1883.646   -1208.300        1883.446   -1208.551             122             122
  185         -72.466   -1258.391         -72.661   -1258.509             185             185
  197        3029.526     940.092        3029.653     939.611             197             197
   66         368.517     349.761         368.661     349.679              66              66
   78        1170.967     804.074        1171.128     803.948              78              78
   34        1437.136     222.965        1437.279     222.883              34              34
  164         845.838   -1532.320         845.795   -1532.372             164             164
  246        1847.343   -1025.993        1847.464   -1026.272             246             246
  224       -1559.776    -453.876       -1559.588    -453.756             224             224
  211        -452.905    -175.292        -452.790    -175.308             211             211
  178       -1284.700     502.766       -1284.563     502.914             178             178
  230         763.897   -1037.300         763.861   -1037.403             230             230
  230       -1255.274   -1269.452       -1255.299   -1269.415             230             230
   76       -1570.438     254.520       -1570.383     254.540              76              76
   92        -681.709    1685.664        -681.547    1685.674              92              92
  167          80.925      87.754          80.889      87.729             167             167
  219         -42.067     628.380         -42.024     628.347             219             219
  222         528.262    1287.579         528.394    1287.552             222             222
  100        1514.323    -406.740        1514.347    -406.875             100             100
  138       -1678.160     230.895       -1678.102     231.164             138             138
  104         854.038   -1250.274         853.775   -1250.406             104             104
  238        2857.405    1162.996        2857.659    1162.609             238             238
  208        -350.241   -1564.765        -350.242   -1564.735             208             208
   60        -479.094     694.577        -478.892     694.569              60              60
  111         569.356    -599.091         569.413    -599.235             111             111
    8       -2118.557     671.658       -2118.417     671.850               8               8
  253        1564.895     148.132        1564.959     147.811             253             253
   80       -1825.935    2065.184       -1825.593    2065.372              80              80
  254         392.272    1958.862         392.492    1958.909             254             254
   87         869.922     793.609         870.069     793.693              87              87
  231         -80.960   -1028.070         -81.048   -1027.899             231             231
  121         756.819   -1047.601         756.732   -1047.673             121             121
   16         272.538    -602.177         272.536    -602.262              16              16
  173        1237.567    -111.302        1237.691    -111.571             173             173
  188         670.787     944.782         671.184     944.615             188             188
   95       -1348.326    1091.886       -1347.923    1092.074              95              95
  208        -846.502    1740.441        -846.063    1740.693             208             208
   97       -2859.637   -1240.006       -2859.765   -1239.489              97              97
   85         -72.791     413.878         -72.771     413.892              85              85
  176        -837.398     575.844        -837.325     576.012             176             176
   52        1107.926     868.840        1108.144     868.797              52              52
    7       -2152.950    -214.379       -2152.876    -213.906               7               7
  151       -1537.815    -951.666       -1538.056    -951.356             151             151
   26         960.380      50.588         960.309      50.516              26              26
   84         436.129   -1776.178         435.922   -1776.256              84              84
  244          22.147     796.476          22.373     796.420             244             244
  194        -397.407    -632.299        -397.368    -632.266             194             194
   48       -1760.644     761.548       -1760.493     761.757              48              48
  210         375.630    1639.241         375.882    1639.287             210             210
   39         113.334   -1146.699         113.304   -1146.615              39              39
  186       -1539.752    1072.770       -1539.423    1073.105             186             186
   59       -2836.204   -2021.483       -2836.519   -2020.990              59              59
   22       -1092.072     698.069       -1092.089     698.228              22              22
  138       -1374.115   -1238.115       -1374.469   -1237.910             138             138
  120         284.174     139.441         284.055     139.301             120             120
  133        -547.164     913.860        -547.096     913.918             133             133
  146       -1110.918     209.030       -1111.036     209.208             146             146
  117        -138.187    1263.713        -138.223    1263.793             117             117
  213        1657.424     564.308        1657.372     564.221             213             213
  145        1120.788    -879.839        1120.692    -879.863             145             145
  204        -664.982   -1149.009        -665.114   -1148.876             204             204
  189       -1004.253    -553.930       -1004.437    -553.833             189             189
   11         344.747     441.491         344.637     441.385              11              11
  220        2211.163     405.413        2211.211     405.072             220             220
  107        -258.157    -238.925        -258.132    -238.885             107             107
  199        1308.923     852.498        1309.170     852.315             199             199
   59       -1826.100    -781.864       -1826.158    -781.567              59              59
   59        -121.421    1048.774        -121.342    1048.771              59              59
   41         470.619     296.607         470.589     296.556              41              41
  144        1913.727    1414.359        1914.052    1414.138             144             144
  236        -291.550     205.983        -291.264     206.206             236             236
   93       -3308.000      -0.717       -3308.000       0.000              93              93
  152        -290.973    -206.431        -291.263    -206.207             152             152
  132        1914.388   -1413.907        1914.055   -1414.135             132             132
  120         470.561    -296.503         470.590    -296.556             120             120
  237        -121.260   -1048.768        -121.341   -1048.771             237             237
  120       -1826.221     781.249       -1826.159     781.562             120             120
   59        1309.433    -852.119        1309.172    -852.312              59              59
   29        -258.104     238.841        -258.132     238.883              29              29
   74        2211.261    -404.703        2211.211    -405.069              74              74
   98         344.522    -441.270         344.639    -441.384              98              98
  216       -1004.639     553.725       -1004.440     553.830             216             216
  134        -665.262    1148.726        -665.117    1148.873             134             134
  120        1120.582     879.896        1120.689     879.867             120             120
   98        1657.318    -564.118        1657.374    -564.217              98              98
  254        -138.262   -1263.883        -138.222   -1263.794             254             254
  254       -1111.168    -209.414       -1111.035    -209.212             254             254
  245        -547.015    -913.985        -547.094    -913.919             245             245
  115         283.920    -139.141         284.056    -139.301             115             115
  212       -1374.879    1237.670       -1374.471    1237.907             212             212
  135       -1092.107    -698.418       -1092.087    -698.232             135             135
   64       -2836.893    2020.408       -2836.523    2020.986              64              64
  146       -1539.030   -1073.507       -1539.419   -1073.110             146             146
  146         113.265    1146.515         113.301    1146.615             146             146
   28         376.189   -1639.339         375.888   -1639.285              28              28
  253       -1760.312    -762.013       -1760.494    -761.759             253             253
   89        -397.325     632.226        -397.371     632.266              89              89
   87          22.651    -796.354          22.374    -796.422              87              87
   57         435.660    1776.352         435.917    1776.256              57              57
  130         960.221     -50.426         960.309     -50.516             130             130
  232       -1538.359     950.961       -1538.057     951.351             232             232
   37       -2152.782     213.301       -2152.877     213.900              37              37
  224        1108.423    -868.739        1108.146    -868.794             224             224
  129        -837.229    -576.230        -837.324    -576.013             129             129
  169         -72.740    -413.911         -72.768    -413.893             169             169
   89       -2859.933    1238.797       -2859.766    1239.480              89              89
  111        -845.476   -1741.027        -846.057   -1740.695             111             111
   34       -1347.385   -1092.328       -1347.921   -1092.077              34              34
  148         671.723    -944.388         671.189    -944.613             148             148
  140        1237.857     111.936        1237.691     111.572             140             140
  108         272.532     602.380         272.536     602.264             108             108
  247         756.609    1047.776         756.730    1047.676             247             247
  101         -81.172    1027.663         -81.050    1027.898             101             101
  243         870.276    -793.810         870.071    -793.693             243             243
  111         392.808   -1958.973         392.498   -1958.907             111             111
  200       -1825.105   -2065.639       -1825.589   -2065.373             200             200
  241        1565.051    -147.348        1564.960    -147.807             241             241
  110       -2118.215    -672.132       -2118.415    -671.855             110             110
  189         569.493     599.447         569.411     599.238             189             189
  101        -478.594    -694.557        -478.890    -694.569             101             101
   67        -350.249    1564.692        -350.245    1564.735              67              67
   68        2858.041   -1162.025        2857.663   -1162.603              68              68
  165         853.378    1250.609         853.772    1250.409             165             165
  213       -1678.013    -231.570       -1678.101    -231.164             213             213
  215        1514.381     407.084        1514.346     406.878             215             215
  193         528.599   -1287.510         528.397   -1287.551             193             193
  210         -41.957    -628.297         -42.023    -628.347             210             210
   48          80.831     -87.688          80.889     -87.728              48              48
   25        -681.286   -1685.693        -681.543   -1685.676              25              25
   12       -1570.295    -254.574       -1570.382    -254.543              12              12
  179       -1255.343    1269.352       -1255.302    1269.411             179             179
    2         763.803    1037.572         763.860    1037.405               2               2
   49       -1284.335    -503.158       -1284.560    -502.918              49              49
  148        -452.599     175.333        -452.789     175.306             148             148
  131       -1559.278     453.553       -1559.589     453.752             131             131
  219        1847.665    1026.738        1847.463    1026.273             219             219
  237         845.720    1532.465         845.794    1532.375             237             237
  242        1437.522    -222.736        1437.279    -222.879             242             242
  253        1171.408    -803.728        1171.132    -803.945             253             253
  129         368.912    -349.537         368.662    -349.678             129             129
  127        3029.879    -938.761        3029.656    -939.603             127             127
  106         -73.011    1258.716         -72.665    1258.509             106             106
  120        1883.088    1209.003        1883.443    1208.557             120             120
  228        -723.688     174.717        -723.542     174.852             228             228
   93         786.363     381.779         786.469     381.531              93              93
  232         241.351     406.481         241.541     406.302             232             232
  172         -20.156    1485.678         -19.693    1485.607             172             172
   78       -2166.258     406.054       -2166.215     406.451              78              78
   87        -274.541    2575.628        -274.258    2575.735              87              87
  106         926.878     399.832         926.781     399.843             106             106
  180        -146.363    -963.859        -146.733    -963.849             180             180
  154         954.337    1500.267         954.484    1499.931             154             154
  175         885.814    1863.958         886.110    1863.819             175             175
   89        1235.949    1513.715        1236.243    1513.688              89              89
  111        1089.275   -1483.015        1089.041   -1483.206             111             111
  134        -909.247    2491.865        -908.691    2492.043             134             134
   26         378.631     856.178         378.655     856.258              26              26
   66        1283.501    1319.524        1283.679    1319.411              66              66
  183        2305.164    1277.633        2305.606    1277.389             183             183
   52       -1495.086     963.962       -1494.759     964.677              52              52
   78        1437.389    -617.180        1437.251    -617.158              78              78
  107         561.444    -744.084         561.503    -744.062             107             107
   54       -2081.933     813.752       -2081.689     814.369              54              54
  128        -768.646    -287.129        -768.973    -286.780             128             128
  255        1393.626    1229.203        1393.680    1229.154             255             255
  185        1420.181   -1368.527        1419.862   -1368.585             185             185
   91         723.538    -337.269         723.562    -337.360              91              91
  237         565.332    1082.640         565.745    1082.720             237             237
  172        -345.156    -656.358        -345.102    -655.935             172             172
   89       -2340.267   -2391.771       -2340.861   -2391.162              89              89
  111        -691.754     608.020        -691.964     608.146             111             111
   43         985.511     208.577         985.201     208.538              43              43
  196        2374.859   -1865.187        2374.320   -1865.644             196             196
  232         384.700    -691.675         384.529    -691.867             232             232
   16        2441.038    -117.740        2441.120    -118.417              16              16
   33         -35.763     376.789         -35.429     376.772              33              33
  209           2.703    -955.466           2.594    -955.555             209             209
  188         754.369     694.082         754.694     693.756             188             188
  112        -211.298     326.270        -210.985     326.229             112             112
   40        -796.177     857.789        -795.774     857.907              40              40
   39       -2294.570     896.627       -2294.410     897.163              39              39
   36         -48.711     765.857         -48.761     765.882              36              36
  195         444.540    1521.409         444.777    1521.418             195             195
  214         539.181     400.503         539.285     400.571             214             214
  125        -539.504    -274.492        -539.540    -274.314             125             125
   50        -504.330    1594.476        -503.978    1594.643              50              50
   92       -1525.135    1654.980       -1524.953    1655.645              92              92
  152         596.096    -280.611         595.724    -280.418             152             152
  117         316.104    -189.050         315.836    -188.927             117             117
   20         928.351     -49.150         928.175     -49.258              20              20
  204          22.186     980.624          22.231     980.787             204             204
  195        1862.370     448.989        1862.338     448.810             195             195
  127        1515.960     443.714        1516.200     443.681             127             127
    2       -1347.575      38.395       -1347.580      39.173               2               2
   68        1624.908   -2237.754        1624.243   -2237.868              68              68
  127         525.869    -792.293         525.707    -792.346             127             127
  188         748.920   -1085.278         748.705   -1085.430             188             188
  160         -59.384   -1150.758         -59.650   -1150.882             160             160
  108         607.971     777.512         608.118     777.213             108             108
  104        1274.714     863.295        1275.000     863.000             104             104
  249         634.179     619.517         634.552     619.493             249             249
  220       -1225.651    -160.284       -1225.638    -159.872             220             220
  147         873.181    1327.810         873.427    1327.787             147             147
  189        1998.316    -479.969        1998.411    -480.168             189             189
  196        -600.059   -1200.328        -600.010   -1200.072             196             196
  163        -636.401      28.320        -636.149      28.464             163             163
  223       -1610.972     632.814       -1610.691     633.301             223             223
  149       -1825.971     -75.300       -1826.139     -74.717             149             149
   96        -111.110     480.838        -111.240     480.990              96              96
   79        -406.573     269.945        -406.784     270.256              79              79
  190        2014.288    -991.060        2013.930    -991.504             190             190
  135          57.043    1086.225          57.465    1086.229             135             135
  116       -1294.474    1555.782       -1294.119    1556.422             116             116
  129        -219.909    -234.634        -220.250    -234.132             129             129
   93        1989.718   -1223.413        1989.289   -1223.650              93              93
  241         939.712     -71.642         939.904     -71.665             241             241
  180       -1525.723   -1501.844       -1526.057   -1501.304             180             180
  186        1057.130    -280.091        1057.049    -280.377             186             186
  138        -238.773     293.529        -238.505     293.618             138             138
   41       -2755.127    1509.381       -2754.895    1510.378              41              41
  207        1248.279    -685.985        1247.748    -685.895             207             207
   86        1548.712   -1709.506        1548.282   -1709.804              86              86
  237        -297.367    2810.349        -296.486    2810.819             237             237
   78         -28.051   -2584.431         -28.609   -2583.769              78              78
   88       -2185.504   -2766.667       -2186.329   -2765.845              88              88
   49         415.252   -2655.614         414.294   -2655.808              49              49
  206         170.652    -673.951         170.371    -674.142             206             206
   21        -273.305   -1854.959        -273.900   -1855.081              21              21
  210           0.360     100.909           0.289     100.691             210             210
   59        -794.159   -1397.574        -794.693   -1397.641              59              59
  125        -740.340    1583.641        -740.295    1583.598             125             125
  203        1585.748     424.814        1585.536     424.364             203             203
   23         469.737    1733.310         470.003    1733.415              23              23
   16        2086.751   -1801.007        2086.198   -1801.317              16              16
  137         479.771   -1221.362         479.546   -1221.600             137             137
  220         235.499     616.731         235.710     616.550             220             220
  180         762.163     919.798         762.497     919.754             180             180
  105           8.641   -1593.956           8.348   -1593.841             105             105
  113        -242.791     -24.404        -242.669     -24.373             113             113
   20       -1002.350    -332.712       -1002.392    -332.422              20              20
  184       -1370.643     224.067       -1370.749     224.556             184             184
   48        -409.112   -1957.882        -409.994   -1957.792              48              48
  156         575.133     529.868         574.967     529.624             156             156
   45         734.477   -1796.932         733.748   -1797.266              45              45
  177        1257.481     104.577        1257.396     103.922             177             177
  249        1678.471    -154.921        1678.601    -155.697             249             249
   31        -962.048     919.652        -961.556     919.580              31              31
  101       -1977.525    2368.851       -1977.052    2369.329             101             101
  180        1229.998     614.364        1229.882     614.085             180             180
  169         906.141    2104.176         906.753    2104.103             169             169
  143        -645.591    1100.701        -645.246    1101.389             143             143
  131        -868.640   -2359.895        -869.484   -2359.408             131             131
  255        -127.829     695.023        -127.940     695.046             255             255
  125         247.943     106.625         247.601     106.679             125             125
  210        2081.394    -285.970        2081.127    -286.531             210             210
   88         579.439    1414.855         579.871    1414.843              88              88
  175         168.754    -803.324         168.475    -803.210             175             175
  161         473.618    1743.166         474.013    1743.271             161             161
  109         538.728    -680.907         538.386    -680.650             109             109
  129        1901.910    -902.307        1901.641    -902.634             129             129
  220        1441.863    -245.201        1442.088    -245.451             220             220
  234        -214.471    -565.480        -214.249    -565.237             234             234
   77       -1889.846    -711.088       -1889.996    -710.425              77              77
  244         700.688    -235.625         700.536    -235.728             244             244
  251         409.649      86.139         409.822      86.269             251             251
  215        -701.925   -2042.894        -702.349   -2042.549             215             215
  208       -1135.269    -448.040       -1135.370    -447.739             208             208
  175        -642.579    -499.644        -642.769    -499.392             175             175
   64       -1452.144   -1349.945       -1452.701   -1349.515              64              64
   66        -485.603    -951.582        -486.157    -951.555              66              66
  196        -876.241   -1659.683        -877.096   -1659.779             196             196
  249         633.648    1393.815         633.680    1393.295             249             249
  114         981.029     476.751         981.008     476.396             114             114
   96        -297.143     313.830        -297.192     313.888              96              96
   38        1358.406     581.443        1358.581     581.078              38              38
   36       -2226.034     190.812       -2226.110     191.626              36              36
   90        1007.878   -1024.302        1007.246   -1024.575              90              90
   69         244.454     129.981         244.404     129.840              69              69
  138       -1387.096    -274.258       -1387.507    -273.886             138             138
   15        2056.393     -38.257        2056.105     -38.962              15              15
  238        -568.031     -71.544        -568.184     -71.490             238             238
   25         733.394     468.134         733.261     467.786              25              25
  146        1923.697    1179.960        1924.081    1179.437             146             146
  238        -565.564    -962.105        -565.698    -961.945             238             238
  151        -888.234    1380.336        -887.926    1380.530             151             151
  101         782.398    1302.375         782.702    1302.432             101             101
   71        -326.671   -2527.243        -327.397   -2527.148              71              71
   70        -651.113    2431.278        -650.316    2431.384              70              70
    6       -3252.793    -369.109       -3253.312    -367.960               6               6
  181        1458.397    1377.285        1458.283    1377.016             181             181
  199        -647.241    -338.576        -647.662    -338.074             199             199
  227         -19.462    -327.918         -20.011    -327.720             227             227
  160          39.136    -374.134          38.493    -374.005             160             160
   20        1783.143    -100.178        1782.709    -100.540              20              20
  216        1034.261   -2403.956        1033.351   -2404.395             216             216
  155        1101.679    1166.270        1102.043    1165.631             155             155
  235        -871.485    1493.166        -871.089    1493.570             235             235
  168          57.183    -675.887          56.700    -675.702             168             168
   75         601.062      62.866         600.889      62.776              75              75
   43          43.595    -742.190          43.250    -742.175              43              43
  235        -448.486     358.208        -448.543     358.374             235             235
   16        -303.323   -1131.284        -303.912   -1131.246              16              16
   37        -725.114     -92.817        -725.453     -92.902              37              37
   94        -538.511    2037.208        -538.293    2037.251              94              94
  113        -270.166    1069.354        -270.332    1069.602             113             113
   75         147.524    1053.360         147.336    1053.582              75              75
  131         516.898    1217.332         516.852    1217.710             131             131
  203        -544.486   -2303.014        -545.716   -2302.488             203             203
  145         575.284     629.907         574.961     629.884             145             145
   13       -1150.846    -791.862       -1151.832    -791.149              13              13
  218        2420.973   -2312.397        2419.537   -2313.159             218             218
  128         369.781    -255.606         369.259    -255.950             128             128
   39         604.793     144.076         604.283     143.774              39              39
  109        1239.462    -255.334        1238.884    -255.828             109             109
  110        1077.956     186.257        1077.718     185.764             110             110
  190        -974.044    1020.494        -974.110    1020.786             190             190
  211        -883.716    1176.647        -884.106    1177.215             211             211
  182         -13.603   -1280.936         -15.019   -1280.673             182             182
    4         339.868   -1046.844         338.355   -1047.060               4               4
  218        2927.953     760.251        2927.250     759.184             218             218
  107         577.417     -82.618         576.661     -82.811             107             107
  204        -227.061     513.554        -227.944     513.638             204             204
  189         542.483    -288.618         541.064    -288.856             189             189
   12        -967.361    1936.389        -968.552    1936.806              12              12
  224        1132.988     298.793        1130.583     298.830             224             224
  149         744.483   -1221.249         740.614   -1221.259             149             149
  168        -620.319    -521.179        -627.656    -520.983             168             168
