SINAL     NFT                         FFT                         NFT INVERSA     FFT INVERSA
-----     -----------------------     -----------------------     -----------     -----------
  135       64174.000       0.000       64174.000       0.000             135             135
    1        -940.337    -945.977        -940.324    -945.977               1               1
  204        -135.808     314.934        -135.796     314.934             204             204
  131         977.522    1934.894         977.536    1934.895             131             131
  245        1096.388   -3347.500        1096.394   -3347.499             245             245
   71        -302.939   -1455.133        -302.932   -1455.134              71              71
  212        2812.031   -1485.241        2812.039   -1485.254             212             212
  186        1174.912     -49.504        1174.930     -49.515             186             186
   72         462.626    1337.627         462.651    1337.623              72              72
  192        -483.997     -60.310        -483.981     -60.307             192             192
  133         911.913     934.538         911.934     934.534             133             133
  241          46.304   -1009.756          46.317   -1009.754             241             241
   82       -1014.150     612.936       -1014.131     612.944              82              82
  158         599.688     351.179         599.702     351.182             158             158
  170         502.003   -2068.527         502.000   -2068.528             170             170
   58         826.901   -1247.901         826.910   -1247.915              58              58
  158        -403.727     364.577        -403.703     364.573             158             158
  172        -641.757     769.357        -641.735     769.365             172             172
  111         366.188   -1108.106         366.189   -1108.109             111             111
  225        -683.553      20.088        -683.541      20.093             225             225
  127        1109.510    -786.537        1109.512    -786.555             127             127
   87         107.887     769.423         107.914     769.422              87              87
   56        -220.706   -2102.456        -220.724   -2102.456              56              56
   62        1623.622     141.553        1623.641     141.516              62              62
  232        -183.248    -170.156        -183.227    -170.166             232             232
  124         315.556      -6.679         315.576      -6.702             124             124
   86         398.666    1462.505         398.713    1462.484              86              86
   95        -260.181    1850.790        -260.126    1850.801              95              95
  134        -270.844    -565.802        -270.830    -565.786             134             134
  138       -1039.489    -340.419       -1039.480    -340.399             138             138
  221        -960.351   -1245.501        -960.376   -1245.497             221             221
   14        1373.506     952.496        1373.526     952.448              14              14
  140         341.107    1992.604         341.158    1992.597             140             140
  170        2058.172     841.336        2058.213     841.313             170             170
  145         127.463    -722.082         127.484    -722.066             145             145
  129         485.775   -1319.363         485.785   -1319.375             129             129
  242       -1016.209     107.870       -1016.172     107.886             242             242
  101        -457.038    -697.306        -457.031    -697.304             101             101
   59        -747.527    -373.609        -747.519    -373.611              59              59
   59        -533.272     208.454        -533.261     208.441              59              59
   38         616.476    1694.192         616.528    1694.168              38              38
  193         546.720    -556.462         546.730    -556.481             193             193
   44        -744.725     582.819        -744.692     582.817              44              44
  120        1267.819    1478.809        1267.881    1478.765             120             120
   95        -403.511    1679.255        -403.427    1679.280              95              95
  214        -971.655     629.506        -971.620     629.565             214             214
  179         630.481    -775.357         630.471    -775.351             179             179
  253        1168.884    -354.780        1168.920    -354.806             253             253
  130       -2050.182    -774.168       -2050.164    -774.105             130             130
   34       -1168.275    -706.947       -1168.293    -706.930              34              34
  223        -101.304     170.836        -101.301     170.809             223             223
    2         331.866    1497.142         331.922    1497.123               2               2
  122         201.436    -369.966         201.446    -369.974             122             122
   23       -1379.281     445.964       -1379.262     445.990              23              23
   65         435.627    1979.837         435.676    1979.829              65              65
   98        1865.996    -119.617        1866.005    -119.657              98              98
  147         146.661    -416.706         146.675    -416.711             147             147
  152        1449.361     659.404        1449.423     659.343             152             152
  194         967.360     580.593         967.459     580.555             194             194
   26       -1579.229     879.671       -1579.127     879.732              26              26
   34        -329.543    1142.880        -329.449    1142.913              34              34
  160       -1920.606     929.051       -1920.531     929.169             160             160
   40        -840.834    -580.464        -840.841    -580.387              40              40
  174        -981.070    -385.690        -981.069    -385.622             174             174
   74       -2010.584   -1083.651       -2010.653   -1083.557              74              74
  185        2111.293     214.172        2111.296     214.094             185             185
   48        -311.202   -1493.191        -311.218   -1493.175              48              48
   61       -1197.598    -722.426       -1197.604    -722.408              61              61
   31        -547.734      76.720        -547.727      76.699              31              31
  107         549.156    1452.604         549.248    1452.554             107             107
  120       -1536.320    1237.171       -1536.232    1237.254             120             120
   69       -1425.108     477.013       -1425.097     477.107              69              69
   45          80.296     737.432          80.318     737.485              45              45
  164        -782.886   -2757.384        -783.027   -2757.332             164             164
  190         727.799     319.091         727.814     319.027             190             190
  140        -703.582    -960.787        -703.612    -960.792             140             140
  123        -643.860    2071.445        -643.769    2071.455             123             123
  114         446.306     151.976         446.314     151.978             114             114
  138        -686.690    -780.815        -686.724    -780.793             138             138
  254         240.822    1552.737         240.904    1552.716             254             254
  148        -366.773     479.457        -366.724     479.503             148             148
  105       -1984.277     685.031       -1984.258     685.179             105             105
    0        -532.954    -934.195        -533.071    -934.124               0              -0
   15         595.277   -1507.350         595.131   -1507.393              15              15
  129        1608.412      29.247        1608.382      29.121             129             129
   66        1190.825     578.757        1190.867     578.673              66              66
  114         752.745     -24.209         752.772     -24.263             114             114
   20         277.488     196.166         277.527     196.117              20              20
  218         439.161    1817.726         439.290    1817.694             218             218
   53          78.865    1683.982          78.977    1684.046              53              53
   47        2044.730   -1115.014        2044.726   -1115.061              47              47
  253         169.566    -707.142         169.662    -707.131             253             253
  213       -3601.532    -113.320       -3601.483    -113.083             213             213
   87          90.602   -2488.708          90.455   -2488.751              87              87
  172       -2044.796    1888.591       -2044.687    1888.670             172             172
   32        -492.622    -292.765        -492.685    -292.723              32              32
   17        -457.527      -5.222        -457.573      -5.187              17              17
  220        -137.682   -1691.033        -137.851   -1691.069             220             220
   93        1511.546    1120.829        1511.584    1120.663              93              93
   49         720.401     437.579         720.446     437.482              49              49
   72         542.569    3058.164         542.805    3058.149              72              72
  214       -1073.030    -255.852       -1073.034    -255.696             214             214
  119         194.987   -1337.414         194.879   -1337.412             119             119
  117        -472.327     274.354        -472.355     274.365             117             117
  122        2447.455     -97.222        2447.437     -97.398             122             122
   53         778.273     206.947         778.359     206.876              53              53
    2        -733.833     509.933        -733.754     509.979               2               2
  245         110.382    -695.229         110.342    -695.266             245             245
  168         437.066     898.930         437.144     898.844             168             168
  140         290.402    1653.897         290.535    1653.863             140             140
  243        1290.482    2589.652        1290.715    2589.668             243             243
   60         241.584   -3146.143         241.450   -3146.094              60              60
  245        -103.955     371.441        -103.833     371.404             245             245
  244       -1229.992     439.653       -1229.890     439.732             244             244
   76        -869.977     419.433        -869.917     419.506              76              76
  118        -697.445    -209.090        -697.447    -209.031             118             118
   54        -373.433    -186.948        -373.436    -186.940              54              54
  190        -984.989     568.653        -984.961     568.712             190             190
  139         723.743     -74.533         723.729     -74.592             139             139
   17         306.112    -915.250         306.099    -915.342              17              17
  244       -1681.523    1910.114       -1681.352    1910.171             244             244
  186        -730.200    1302.197        -730.152    1302.255             186             186
   14         806.836     256.330         806.809     256.246              14              14
  201        1904.620    2809.547        1904.905    2809.432             201             201
   18       -1832.372    -835.264       -1832.379    -835.078              18              18
  186         666.316    2204.809         666.501    2204.777             186             186
  234         209.471     615.073         209.592     615.139             234             234
   36       -1094.678     737.177       -1094.561     737.356              36              36
  150        -167.031    -185.104        -167.000    -185.000             150             150
   72       -1488.446    -706.162       -1488.471    -705.996              72              72
   85        -801.054    -167.818        -801.074    -167.762              85              85
  222        -390.626    1826.050        -390.455    1826.127             222             222
   30       -2479.986      26.992       -2480.032      27.329              30              30
  204         381.572   -2262.916         381.273   -2262.923             204             204
   83        1092.387     271.261        1092.400     271.110              83              83
  153        -504.305     588.730        -504.227     588.745             153             153
    2         149.219    1565.638         149.402    1565.657               2               2
   85       -2221.492     298.479       -2221.452     298.758              85              85
  143       -1528.703    -272.684       -1528.820    -272.484             143             143
  170       -1046.304    -462.940       -1046.518    -462.823             170             170
  226        2413.120     153.788        2413.028     153.577             226             226
  130         190.825     199.252         190.828     199.253             130             130
  231         777.969       2.688         777.951       2.635             231             231
  215         904.144    -236.020         904.165    -236.123             215             215
  119       -1469.215    2089.713       -1469.017    2089.905             119             119
   51         713.294   -1850.431         713.084   -1850.455              51              51
   78        -502.366    1088.331        -502.292    1088.356              78              78
  174        1042.585     612.206        1042.631     612.158             174             174
  242        -549.844   -1019.611        -549.934   -1019.566             242             242
  218        -305.186    2125.269        -305.028    2125.309             218             218
  191         913.545    -371.050         913.491    -371.081             191             191
  230       -1232.682     932.751       -1232.650     932.898             230             230
  149        2052.630    1545.696        2052.726    1545.617             149             149
  205         287.317   -1185.495         287.217   -1185.396             205             205
  176        1165.861    -473.830        1165.858    -473.892             176             176
  167       -1014.480    -898.335       -1014.549    -898.230             167             167
  135         355.128     772.323         355.145     772.300             135             135
  155        1757.132    -742.899        1757.052    -743.065             155             155
  203        1516.984    1145.128        1517.203    1145.001             203             203
   30         185.932    -952.362         185.987    -952.355              30              30
  227        -991.038     685.655        -990.863     685.742             227             227
   32        -626.710     722.325        -626.595     722.416              32              32
  252        -447.889    1139.386        -447.774    1139.519             252             252
    2        2084.776    -342.150        2084.855    -342.270               2               2
  237       -2141.436    -314.319       -2141.310    -314.050             237             237
   80       -1127.095     713.455       -1126.952     713.619              80              80
  156       -2568.738     987.506       -2568.646     987.905             156             156
  239       -1442.709    -512.878       -1442.901    -512.572             239             239
  166         687.579    -513.780         687.416    -513.729             166             166
   43         219.890   -1286.687         219.748   -1286.617              43              43
  153       -2165.009   -1228.872       -2165.231   -1228.592             153             153
  136         803.371   -1874.738         803.007   -1874.883             136             136
  174         927.752     767.420         927.763     767.253             174             174
  128         721.277    -512.236         721.179    -512.344             128             128
   96        1609.040    1194.806        1609.206    1194.634              96              96
   37         301.894    -240.333         301.967    -240.295              37              37
  180          26.829    -675.494          26.871    -675.483             180             180
  175       -1838.135    1074.843       -1837.954    1075.127             175             175
  211       -1364.975   -2568.277       -1365.350   -2568.101             211             211
  166        1122.762     577.190        1122.797     576.991             166             166
  137       -1165.494     -99.608       -1165.486     -99.480             137             137
  147       -1297.639    -478.486       -1297.777    -478.385             147             147
  140        -470.038    1088.345        -470.065    1088.368             140             140
   30         675.769     489.898         675.683     489.858              30              30
   96        1206.914    -374.521        1206.796    -374.668              96              96
   61         763.946    1715.250         764.146    1715.199              61              61
  198        -601.357     164.112        -601.414     164.312             198             198
  232        3135.696     392.734        3135.763     392.528             232             232
  216       -1073.313   -2810.989       -1073.555   -2810.792             216             216
  145         303.771     -19.638         303.775     -19.737             145             145
    7        -162.083     432.708        -162.025     432.747               7               7
  188         181.573    -299.454         181.520    -299.404             188             188
  178         646.751    -917.539         646.654    -917.555             178             178
    3        -375.066   -2686.125        -375.391   -2686.174               3               3
  191          58.143     418.845          58.142     418.621             191             191
  159        1838.242    2905.206        1838.620    2904.982             159             159
   84        1151.011   -1258.394        1151.001   -1258.439              84              84
   91         324.631    -760.729         324.771    -760.804              91              91
  143       -2414.763    -402.263       -2414.656    -402.043             143             143
  250       -1965.167     512.484       -1965.141     512.645             250             250
  135         -52.263    1093.078         -52.203    1093.076             135             135
   40         657.116    -722.928         657.060    -723.048              40              40
  130       -1762.920    1711.132       -1762.664    1711.351             130             130
   53       -1253.099    -464.350       -1253.279    -464.144              53              53
  169        1101.187       1.496        1101.102       1.318             169             169
  227         567.909     534.790         568.040     534.687             227             227
   90        -986.597     -10.272        -986.524     -10.188              90              90
   93       -1343.882    1263.884       -1343.724    1264.013              93              93
  146        -526.991    2506.479        -526.684    2506.690             146             146
   46       -1557.781   -1508.885       -1558.038   -1508.512              46              46
    3       -2000.606    -992.570       -2000.950    -992.346               3               3
   27         909.021    1522.841         909.013    1522.696              27              27
  193        -256.587      11.362        -256.735      11.452             193             193
  144         551.572     457.158         551.487     457.131             144             144
   58         -73.497    -494.880         -73.730    -494.857              58              58
   34        2495.752    1334.484        2495.902    1334.187              34              34
  206       -1788.342    -886.806       -1788.507    -886.483             206             206
    0        1517.032    -324.763        1516.883    -325.008              -0              -0
   11        -706.037     757.136        -706.005     757.228              11              11
  166         714.510    -256.962         714.334    -257.063             166             166
  145        1180.851     660.838        1180.878     660.663             145             145
   18         840.385    -156.450         840.374    -156.589              18              18
   99        -395.593     896.239        -395.474     896.263              99              99
   68        -343.867     790.946        -343.877     791.004              68              68
   22        1839.143    1287.728        1839.276    1287.526              22              22
   34        -829.229     494.522        -829.192     494.755              34              34
  228         298.889     304.127         298.768     304.177             228             228
  106        1873.749    1460.650        1873.849    1460.587             106             106
  126        2115.487   -2892.467        2115.117   -2892.658             126             126
  115         157.861    -206.973         157.943    -207.080             115             115
  101         -64.731    -305.304         -64.746    -305.402             101             101
    5        1128.132    1305.623        1128.409    1305.373               5               5
  155       -1574.978     791.933       -1574.821     792.145             155             155
  231        -340.505    2050.924        -340.320    2051.046             231             231
   58         782.179     205.419         782.099     205.425              58              58
   69         693.960     876.701         694.037     876.688              69              69
  203        -123.001     730.620        -123.015     730.758             203             203
  149        2909.814    1261.512        2909.968    1261.253             149             149
  162        1048.904     344.665        1049.109     344.774             162             162
   93        -120.342    -747.855        -120.336    -747.582              93              93
  196        -402.538   -1521.366        -402.747   -1521.146             196             196
  166        -202.739   -2134.511        -203.149   -2134.522             166             166
  121        1727.515     -76.417        1727.461     -76.873             121             121
  133        1881.527    2363.551        1882.050    2363.220             133             133
   55           6.233    1262.558           6.675    1262.745              55              55
  179       -1562.149    -342.101       -1562.102    -341.660             179             179
  168          89.474      60.508          89.495      60.653             168             168
    5         128.292    -767.984         128.270    -767.868               5               5
  179       -2400.988    -784.863       -2401.142    -784.432             179             179
  179         -66.595     306.246         -66.748     306.304             179             179
  172        1651.952    -482.915        1651.821    -483.123             172             172
   69        -233.813     211.454        -233.716     211.536              69              69
  198       -1639.511     619.237       -1639.522     619.648             198             198
   15         612.957   -1110.625         612.530   -1110.570              15              15
  137        2553.069   -1989.622        2552.697   -1990.089             137             137
  220        -610.939     967.814        -610.788     967.835             220             220
   50        2160.000       0.326        2160.000       0.000              50              50
  109        -610.633    -967.856        -610.786    -967.836             109             109
   70        2552.311    1990.574        2552.692    1990.095              70              70
  176         612.088    1110.510         612.527    1110.568             176             176
  225       -1639.534    -620.075       -1639.522    -619.650             225             225
  171        -233.614    -211.623        -233.715    -211.538             171             171
  182        1651.681     483.345        1651.819     483.126             182             182
  124         -66.908    -306.368         -66.747    -306.305             124             124
  147       -2401.307     783.965       -2401.143     784.427             147             147
  241         128.246     767.744         128.269     767.867             241             241
  194          89.518     -60.812          89.495     -60.654             194             194
   94       -1562.052     341.173       -1562.103     341.655              94              94
  134           7.164   -1262.949           6.678   -1262.744             134             134
  100        1882.637   -2362.850        1882.057   -2363.217             100             100
  188        1727.396      77.387        1727.458      76.877             188             188
   75        -203.618    2134.533        -203.155    2134.521              75              75
   10        -402.986    1520.897        -402.749    1521.146              10              10
   53        -120.330     747.269        -120.336     747.581              53              53
  209        1049.344    -344.898        1049.108    -344.773             209             209
   66        2910.151   -1260.946        2909.971   -1261.249              66              66
  232        -123.029    -730.920        -123.013    -730.758             232             232
  121         694.132    -876.672         694.040    -876.688             121             121
   71         782.001    -205.430         782.096    -205.423              71              71
  156        -340.093   -2051.195        -340.315   -2051.048             156             156
   45       -1574.628    -792.407       -1574.818    -792.149              45              45
  243        1128.749   -1305.065        1128.411   -1305.370             243             243
  225         -64.768     305.520         -64.749     305.401             225             225
  243         158.043     207.214         157.943     207.081             243             243
    3        2114.649    2892.902        2115.111    2892.663               3               3
  107        1873.979   -1460.503        1873.852   -1460.583             107             107
  208         298.613    -304.240         298.766    -304.177             208             208
   53        -829.143    -495.056        -829.191    -494.757              53              53
  217        1839.450   -1287.265        1839.277   -1287.525             217             217
   23        -343.885    -791.080        -343.874    -791.005              23              23
  230        -395.319    -896.298        -395.474    -896.265             230             230
  186         840.357     156.773         840.373     156.590             186             186
  195        1180.914    -660.424        1180.878    -660.659             195             195
  156         714.098     257.201         714.333     257.066             156             156
   55        -705.960    -757.353        -706.004    -757.229              55              55
   86        1516.678     325.347        1516.882     325.012              86              86
  141       -1788.733     886.033       -1788.507     886.478             141             141
  249        2496.111   -1333.769        2495.903   -1334.182             249             249
  181         -74.058     494.826         -73.732     494.857             181             181
   20         551.369    -457.092         551.487    -457.130              20              20
   93        -256.943     -11.581        -256.734     -11.453              93              93
  114         909.003   -1522.484         909.015   -1522.693             114             114
   96       -2001.449     992.018       -2000.954     992.341              96              96
  104       -1558.418    1507.967       -1558.044    1508.508             104             104
  167        -526.232   -2506.998        -526.682   -2506.690             167             167
   49       -1343.488   -1264.207       -1343.721   -1264.015              49              49
  170        -986.416      10.061        -986.525      10.186             170             170
  144         568.239    -534.532         568.041    -534.687             144             144
  170        1100.972      -1.044        1101.102      -1.315             170             170
  242       -1253.555     463.829       -1253.280     464.143             242             242
   44       -1762.266   -1711.693       -1762.661   -1711.356              44              44
  216         656.971     723.234         657.057     723.050             216             216
  230         -52.107   -1093.074         -52.200   -1093.077             230             230
   13       -1965.097    -512.906       -1965.139    -512.651              13              13
  204       -2414.488     401.686       -2414.657     402.036             204             204
  233         324.992     760.924         324.769     760.804             233             233
  121        1150.980    1258.515        1150.997    1258.442             121             121
  156        1839.245   -2904.609        1838.629   -2904.976             156             156
   31          58.140    -418.252          58.142    -418.620              31              31
   82        -375.934    2686.256        -375.398    2686.173              82              82
  179         646.492     917.584         646.653     917.557             179             179
    5         181.431     299.324         181.520     299.405               5               5
   12        -161.924    -432.818        -162.024    -432.749              12              12
  118         303.783      19.904         303.775      19.735             118             118
  162       -1073.986    2810.451       -1073.562    2810.791             162             162
   68        3135.881    -392.156        3135.764    -392.520              68              68
  205        -601.512    -164.663        -601.413    -164.312             205             205
   47         764.505   -1715.105         764.149   -1715.197              47              47
   61        1206.588     374.931        1206.797     374.669              61              61
  131         675.526    -489.779         675.682    -489.855             131             131
   68        -470.106   -1088.411        -470.061   -1088.369              68              68
  155       -1298.033     478.194       -1297.780     478.382             155             155
  245       -1165.469      99.240       -1165.486      99.477             245             245
  164        1122.862    -576.616        1122.797    -576.988             164             164
    4       -1366.063    2567.764       -1365.356    2568.097               4               4
  157       -1837.606   -1075.669       -1837.950   -1075.131             157             157
  213          26.951     675.462          26.870     675.483             213             213
  175         302.106     240.231         301.967     240.300             175             175
   45        1609.534   -1194.294        1609.209   -1194.631              45              45
  128         720.983     512.558         721.177     512.345             128             128
  162         927.785    -766.923         927.764    -767.253             162             162
   89         802.271    1875.176         803.001    1874.885              89              89
   89       -2165.683    1228.021       -2165.235    1228.586              89              89
  136         219.455    1286.474         219.743    1286.617             136             136
  103         687.083     513.624         687.416     513.729             103             103
   37       -1443.299     511.935       -1442.903     512.568              37              37
  114       -2568.447    -988.747       -2568.642    -987.912             114             114
  224       -1126.650    -713.967       -1126.950    -713.622             224             224
  193       -2141.042     313.474       -2141.311     314.045             193             193
  145        2085.020     342.533        2084.852     342.275             145             145
   51        -447.518   -1139.806        -447.769   -1139.520              51              51
  117        -626.342    -722.615        -626.592    -722.418             117             117
  150        -990.477    -685.935        -990.863    -685.743             150             150
   63         186.101     952.341         185.984     952.355              63              63
  235        1517.702   -1144.707        1517.207   -1144.997             235             235
   57        1756.867     743.445        1757.050     743.068              57              57
  132         355.188    -772.247         355.146    -772.299             132             132
  184       -1014.717     897.982       -1014.554     898.226             184             184
  104        1165.849     474.043        1165.857     473.895             104             104
  194         286.975    1185.163         287.213    1185.395             194             194
   59        2052.957   -1545.427        2052.729   -1545.615              59              59
  173       -1232.571    -933.259       -1232.648    -932.903             173             173
   93         913.359     371.159         913.491     371.084              93              93
   49        -304.637   -2125.410        -305.023   -2125.311              49              49
   82        -550.157    1019.455        -549.935    1019.565              82              82
   98        1042.748    -612.035        1042.632    -612.155              98              98
  206        -502.102   -1088.422        -502.288   -1088.358             206             206
   40         712.546    1850.518         713.078    1850.457              40              40
   18       -1468.510   -2090.396       -1469.015   -2089.906              18              18
  251         904.216     236.392         904.164     236.126             251             251
  169         777.903      -2.493         777.951      -2.633             169             169
  180         190.833    -199.258         190.827    -199.254             180             180
   85        2412.779    -153.010        2413.026    -153.573              85              85
    2       -1047.095     462.500       -1046.520     462.820               2               2
   60       -1529.138     271.938       -1528.820     272.480              60              60
  189       -2221.345    -299.531       -2221.452    -298.765             189             189
   40         149.912   -1565.708         149.405   -1565.656              40              40
  175        -504.006    -588.789        -504.224    -588.747             175             175
  157        1092.438    -270.682        1092.402    -271.108             157             157
  233         380.414    2262.944         381.268    2262.923             233             233
   64       -2480.169     -28.301       -2480.032     -27.333              64              64
  208        -389.949   -1826.355        -390.451   -1826.129             208             208
   95        -801.132     167.594        -801.074     167.760              95              95
  215       -1488.547     705.499       -1488.472     705.991             215             215
   16        -166.905     184.689        -167.000     185.000              16              16
   74       -1094.203    -737.904       -1094.559    -737.358              74              74
   16         209.963    -615.342         209.593    -615.139              16              16
  148         667.094   -2204.680         666.508   -2204.777             148             148
    3       -1832.413     834.483       -1832.382     835.074               3               3
  121        1905.823   -2809.052        1904.911   -2809.427             121             121
   86         806.729    -255.978         806.811    -256.246              86              86
   63        -729.988   -1302.444        -730.148   -1302.256              63              63
   39       -1680.780   -1910.366       -1681.348   -1910.174              39              39
  180         306.047     915.655         306.096     915.345             180             180
  112         723.683      74.794         723.729      74.594             112             112
  121        -984.863    -568.918        -984.960    -568.714             121             121
   23        -373.445     186.910        -373.435     186.938              23              23
   62        -697.458     208.825        -697.449     209.031              62              62
  162        -869.705    -419.770        -869.916    -419.510             162             162
   41       -1229.526    -440.018       -1229.888    -439.735              41              41
   58        -103.395    -371.269        -103.832    -371.402              58              58
   75         240.940    3145.923         241.441    3146.095              75              75
  222        1291.579   -2589.719        1290.720   -2589.665             222             222
  144         291.036   -1653.739         290.539   -1653.863             144             144
   78         437.439    -898.520         437.145    -898.844              78              78
   27         110.186     695.405         110.341     695.266              27              27
   77        -733.446    -510.162        -733.752    -509.981              77              77
  118         778.693    -206.594         778.360    -206.873             118             118
  202        2447.371      98.101        2447.438      97.402             202             202
  234        -472.464    -274.415        -472.355    -274.367             234             234
   96         194.440    1337.408         194.877    1337.413              96              96
   11       -1073.052     255.057       -1073.034     255.694              11              11
  187         543.790   -3058.089         542.812   -3058.148             187             187
  191         720.629    -437.073         720.445    -437.480             191             191
  226        1511.748   -1119.954        1511.587   -1120.659             226             226
  203        -138.579    1691.223        -137.854    1691.069             203             203
    9        -457.773       5.034        -457.573       5.186               9               9
  243        -492.962     292.529        -492.685     292.721             243             243
   96       -2044.187   -1889.034       -2044.683   -1888.673              96              96
   13          89.766    2488.942          90.448    2488.749              13              13
  109       -3601.260     111.975       -3601.484     113.077             109             109
  183         170.094     707.082         169.659     707.131             183             183
   76        2044.701    1115.296        2044.724    1115.067              76              76
  148          79.524   -1684.349          78.982   -1684.047             148             148
  108         439.926   -1817.534         439.294   -1817.693             108             108
  188         277.721    -195.878         277.528    -196.117             188             188
   14         752.907      24.543         752.771      24.267              14              14
  132        1191.083    -578.242        1190.868    -578.670             132             132
  251        1608.235     -28.467        1608.384     -29.117             251             251
  176         594.361    1507.615         595.125    1507.394             176             176
  174        -533.686     933.744        -533.072     934.122             174             174
   53       -1984.149    -685.978       -1984.255    -685.185              53              53
  252        -366.462    -479.747        -366.725    -479.502             252             252
  140         241.369   -1552.594         240.908   -1552.714             140             140
  197        -686.921     780.670        -686.727     780.793             197             197
   74         446.356    -151.989         446.314    -151.978              74              74
  167        -643.229   -2071.515        -643.765   -2071.456             167             167
   19        -703.802     960.821        -703.616     960.791              19              19
  193         727.907    -318.643         727.815    -319.026             193             193
  113        -783.889    2757.013        -783.032    2757.329             113             113
  253          80.451    -737.806          80.318    -737.485             253             253
   33       -1425.022    -477.709       -1425.094    -477.112              33              33
  125       -1535.667   -1237.785       -1536.228   -1237.257             125             125
  185         549.849   -1452.232         549.253   -1452.554             185             185
  225        -547.681     -76.559        -547.727     -76.698             225             225
   95       -1197.648     722.281       -1197.607     722.404              95              95
  133        -311.333    1493.067        -311.221    1493.175             133             133
  235        2111.317    -213.550        2111.298    -214.090             235             235
   83       -2011.139    1082.889       -2010.655    1083.555              83              83
  229        -981.064     385.121        -981.070     385.619             229             229
  248        -840.892     579.817        -840.841     580.385             248             248
  192       -1919.968    -930.068       -1920.528    -929.175             192             192
  157        -328.718   -1143.163        -329.445   -1142.913             157             157
   68       -1578.337    -880.234       -1579.125    -879.738              68              68
   84         968.241    -580.255         967.461    -580.553              84              84
   10        1449.929    -658.838        1449.426    -659.338              10              10
    1         146.795     416.768         146.675     416.713               1               1
   98        1866.079     120.021        1866.005     119.662              98              98
  142         436.118   -1979.746         435.682   -1979.826             142             142
  252       -1379.090    -446.227       -1379.261    -445.992             252             252
   19         201.539     370.055         201.446     369.975              19              19
   60         332.452   -1496.944         331.927   -1497.122              60              60
   50        -101.271    -170.566        -101.300    -170.809              50              50
   15       -1168.468     706.752       -1168.293     706.927              15              15
  201       -2049.986     773.486       -2050.164     774.103             201             201
  248        1169.274     355.075        1168.919     354.809             248             248
   90         630.362     775.309         630.468     775.354              90              90
  112        -971.250    -630.199        -971.618    -629.569             112             112
   11        -402.516   -1679.553        -403.424   -1679.280              11              11
   27        1268.584   -1478.262        1267.886   -1478.761              27              27
  226        -744.317    -582.816        -744.690    -582.819             226             226
    9         546.840     556.704         546.730     556.481               9               9
   61         617.158   -1693.876         616.531   -1694.166              61              61
   95        -533.118    -208.288        -533.259    -208.442              95              95
  194        -747.416     373.628        -747.518     373.611             194             194
   31        -456.949     697.271        -457.032     697.304              31              31
  191       -1015.681    -108.096       -1016.171    -107.886             191             191
   71         485.897    1319.542         485.780    1319.375              71              71
   10         127.777     721.840         127.483     722.067              10              10
   18        2058.813    -840.965        2058.216    -841.309              18              18
   45         341.933   -1992.477         341.161   -1992.596              45              45
    3        1373.848    -951.666        1373.528    -952.445               3               3
  210        -960.785    1245.417        -960.378    1245.495             210             210
  203       -1039.313     340.042       -1039.479     340.395             203             203
   71        -270.606     565.500        -270.831     565.786              71              71
   39        -259.087   -1851.000        -260.121   -1850.802              39              39
  214         399.628   -1462.092         398.717   -1462.484             214             214
   73         315.958       7.159         315.576       6.703              73              73
  138        -182.803     170.375        -183.227     170.167             138             138
  100        1624.048    -140.662        1623.642    -141.511             100             100
   69        -221.148    2102.487        -220.727    2102.457              69              69
  157         108.571    -769.389         107.916    -769.421             157             157
  161        1109.546     787.024        1109.511     786.558             161             161
  120        -683.243     -20.239        -683.542     -20.096             120             120
  173         366.216    1108.205         366.188    1108.109             173             173
  106        -641.057    -769.601        -641.732    -769.367             106             106
  113        -402.944    -364.456        -403.703    -364.573             113             113
    8         827.141    1248.424         826.905    1247.918               8               8
  219         501.859    2068.542         501.996    2068.527             219             219
  125         600.275    -351.275         599.705    -351.180             125             125
   36       -1013.319    -613.301       -1014.129    -612.945              36              36
  190          46.856    1009.682          46.314    1009.755             190             190
  134         913.052    -934.349         911.938    -934.532             134             134
   97        -483.090      60.135        -483.980      60.305              97              97
   29         464.264   -1337.327         462.653   -1337.620              29              29
   73        1176.183      50.300        1174.930      49.518              73              73
  129        2812.595    1486.467        2812.036    1485.259             129             129
  221        -302.260    1455.125        -302.934    1455.133             221             221
  145        1096.913    3347.411        1096.387    3347.502             145             145
  139         980.190   -1935.083         977.540   -1934.893             139             139
  239        -132.593    -315.004        -135.796    -314.936             239             239
  190        -933.923     945.525        -940.325     945.975             190             190
