SINAL     NFT                         FFT                         NFT INVERSA     FFT INVERSA
-----     -----------------------     -----------------------     -----------     -----------
  177       66678.000       0.000       66678.000       0.000             177             177
   51        1126.715   -1062.597        1126.728   -1062.598              51              51
  208         258.922     668.265         258.936     668.264             208             208
  216        2901.978    -753.938        2901.992    -753.943             216             216
  148        -692.076     673.049        -692.058     673.050             148             148
  255         541.009     115.383         541.023     115.381             255             255
   10         808.511     494.464         808.528     494.460              10              10
  226         158.375     600.282         158.392     600.280             226             226
   53         636.241    1654.675         636.265    1654.677              53              53
  151         155.271   -2123.697         155.277   -2123.695             151             151
   18          86.000    -533.476          86.013    -533.482              18              18
  163        -302.792    1418.328        -302.770    1418.327             163             163
   17        1022.373     920.050        1022.393     920.049              17              17
   98        2152.120   -1246.815        2152.133   -1246.829              98              98
  236        -885.753    -439.144        -885.729    -439.143             236             236
   67       -1252.279     802.099       -1252.252     802.102              67              67
  226        -955.416    1985.738        -955.382    1985.752             226             226
  177        -798.867    -862.774        -798.868    -862.760             177             177
  105         182.834     365.908         182.844     365.905             105             105
  141        1125.173    -296.769        1125.183    -296.787             141             141
  244        -955.218    1737.817        -955.184    1737.826             244             244
  109         704.541    1828.296         704.573    1828.300             109             109
  223        -881.197     -33.952        -881.192     -33.922             223             223
  249         887.809     -77.264         887.808     -77.265             249             249
  167          51.682    1253.796          51.697    1253.820             167             167
  127        1936.318   -2404.520        1936.275   -2404.528             127             127
  239        3426.557   -1082.649        3426.556   -1082.704             239             239
    5        1632.820     232.908        1632.858     232.885               5               5
  105        1528.147    -603.355        1528.180    -603.366             105             105
   16        -937.619   -2418.680        -937.627   -2418.663              16              16
   50         -10.574   -1505.158         -10.587   -1505.179              50              50
   26        2290.358     831.360        2290.402     831.297              26              26
   67        -502.553     379.468        -502.510     379.478              67              67
    2        2279.394   -1123.138        2279.416   -1123.187               2               2
  243       -2214.040   -1502.321       -2214.028   -1502.297             243             243
  216         302.751    -131.523         302.772    -131.576             216             216
    2        -980.427    3270.197        -980.333    3270.198               2               2
  253        1088.513     857.098        1088.552     857.081             253             253
  187           5.366    1393.182           5.430    1393.200             187             187
   56         626.141   -1072.054         626.150   -1072.061              56              56
  149        -735.850    1113.478        -735.786    1113.497             149             149
  206        -500.350      23.596        -500.333      23.620             206             206
  220        1281.665     -12.426        1281.692     -12.460             220             220
  166        -202.540    1672.160        -202.451    1672.182             166             166
   48        -948.089   -1110.235        -948.090   -1110.186              48              48
  200         202.607    -433.525         202.620    -433.536             200             200
  233        -718.954    1654.466        -718.885    1654.507             233             233
   19        1016.056   -1789.287        1016.030   -1789.290              19              19
  122        -338.980   -1517.152        -338.989   -1517.156             122             122
   83         742.307    -675.772         742.333    -675.837              83              83
  160       -1068.826    2620.826       -1068.692    2620.850             160             160
  111          79.456   -1337.992          79.464   -1337.991             111             111
  193       -2788.134    1244.960       -2788.063    1245.046             193             193
  127         456.969   -1232.011         456.940   -1232.039             127             127
  104        -976.193    1039.342        -976.124    1039.340             104             104
  104       -1335.533    2211.537       -1335.445    2211.587             104             104
  255        -609.052    -267.174        -609.065    -267.140             255             255
   88         478.881    1822.870         478.956    1822.865              88              88
  109        -237.882     840.276        -237.823     840.331             109             109
  104       -1205.810   -1303.248       -1205.844   -1303.181             104             104
  105          20.551     881.412          20.588     881.420             105             105
  160        -231.696    -516.342        -231.705    -516.324             160             160
  130         393.911     859.868         393.966     859.852             130             130
  173         357.182    1948.956         357.311    1948.987             173             173
  163       -2619.659    -806.795       -2619.663    -806.619             163             163
  118        -675.157   -1157.407        -675.218   -1157.347             118             118
  133        -498.323    -576.861        -498.357    -576.821             133             133
  166        -772.166   -2189.528        -772.285   -2189.520             166             166
  115        1120.051    1791.136        1120.118    1791.064             115             115
   64        -270.517     147.884        -270.510     147.922              64              64
  222        1570.048    -690.043        1570.037    -690.100             222             222
    8        -312.614    -836.497        -312.607    -836.508               8               8
   14        -292.782    1589.755        -292.678    1589.752              14              14
  186        -368.479    1484.716        -368.385    1484.780             186             186
  175        -120.316    -811.597        -120.327    -811.538             175             175
   63        -825.279    -561.277        -825.283    -561.215              63              63
  131         -66.290      18.591         -66.266      18.623             131             131
  153       -1480.573   -1538.275       -1480.645   -1538.193             153             153
   83         742.452     -81.564         742.456     -81.615              83              83
  253       -1279.371     107.166       -1279.344     107.230             253             253
  236        -571.952      50.132        -571.955      50.172             236             236
  243        -418.484     263.711        -418.474     263.768             243             243
  108        -485.485   -1946.061        -485.584   -1946.028             108             108
  173       -2054.002     629.382       -2054.014     629.491             173             173
  115        1156.513   -2243.132        1156.330   -2243.210             115             115
  213         842.089     730.143         842.122     730.064             213             213
   22        -327.394   -1219.039        -327.471   -1219.047              22              22
  114        1124.936      -2.800        1124.937      -2.921             114             114
   45        -261.219     581.228        -261.168     581.193              45              45
  132        -710.778    1567.695        -710.712    1567.727             132             132
  219         656.576     590.474         656.554     590.480             219             219
  150        3416.052   -1884.427        3415.975   -1884.629             150             150
   36         351.348     659.541         351.508     659.482              36              36
   94       -1362.124   -1025.371       -1362.091   -1025.358              94              94
   68       -2639.531    3701.387       -2639.308    3701.528              68              68
  199         171.898     366.686         171.883     366.766             199             199
  212       -1286.027   -2314.602       -1286.225   -2314.513             212             212
  201        1896.976     602.903        1896.969     602.735             201             201
  109         938.628     334.854         938.681     334.767             109             109
   72         -43.351     810.102         -43.257     810.075              72              72
   10        -277.958    2515.567        -277.764    2515.632              10              10
   76       -1112.291    -989.286       -1112.364    -989.140              76              76
   81         474.204    -187.515         474.162    -187.521              81              81
   25         811.384    -444.812         811.366    -444.845              25              25
    7        -143.406    -946.796        -143.442    -946.800               7               7
    0        -388.108     -66.807        -388.105     -66.821              -0               0
   89        -372.907     475.156        -372.895     475.155              89              89
  138         480.969     145.127         480.956     145.079             138             138
  153         113.825     -29.081         113.797     -29.122             153             153
  172        1286.103     770.228        1286.140     770.097             172             172
  136        2245.280    1647.798        2245.469    1647.643             136             136
  133        -293.049     743.995        -292.872     744.066             133             133
  160       -1806.651    -117.214       -1806.604    -117.040             160             160
  245       -1137.550     167.375       -1137.575     167.493             245             245
   51        1668.916    -936.358        1668.853    -936.475              51              51
   19       -1146.988     215.118       -1146.931     215.179              19              19
  202       -1159.154     -67.194       -1159.209     -67.129             202             202
   73        1585.979     158.195        1585.956     158.036              73              73
  134        -180.798     839.821        -180.743     839.803             134             134
  248        1944.147     -10.237        1944.165     -10.441             248             248
  205         321.724    2833.739         322.014    2833.694             205             205
   97         887.889    1738.617         888.125    1738.638              97              97
  143       -1585.641    -322.154       -1585.590    -321.958             143             143
  241          14.578    1437.963          14.726    1438.035             241             241
  191       -1188.749    -530.689       -1188.777    -530.507             191             191
  211         738.977     -51.146         738.989     -51.157             211             211
  185         176.154      29.783         176.253      29.816             185             185
  148       -2820.880     -31.821       -2820.855     -31.536             148             148
  156        -113.843   -1326.019        -114.000   -1326.000             156             156
   39        -310.802     518.761        -310.768     518.773              39              39
  220        -826.887    -650.770        -826.960    -650.728             220             220
  167       -1074.330    1384.500       -1074.288    1384.559             167             167
  115         910.906    1728.606         910.981    1728.600             115             115
   46         520.174    -979.797         520.078    -979.779              46              46
  192        -794.525    1259.280        -794.468    1259.405             192             192
  122        1801.561   -1041.913        1801.432   -1042.006             122             122
   46         -74.431      95.831         -74.431      95.850              46              46
   25        2017.754    1203.450        2017.886    1203.366              25              25
    5        -171.120   -3042.384        -171.328   -3042.335               5               5
  200         988.652     309.212         988.745     309.045             200             200
  197        -122.115     955.743        -121.927     955.753             197             197
  141        -365.987    -289.092        -365.912    -289.030             141             141
   77       -2040.001    -663.277       -2040.021    -663.110              77              77
  101       -1019.050    -207.771       -1019.111    -207.753             101             101
  131       -1121.505    1234.463       -1121.492    1234.496             131             131
  129        1207.086    2020.840        1207.174    2020.742             129             129
  121        1513.805    1010.252        1513.897    1010.197             121             121
   78         753.297      82.992         753.368      83.001              78              78
  202        -445.810      98.819        -445.762      98.916             202             202
    0        1024.520      74.428        1024.573      74.361              -0               0
   70         -18.587     960.627         -18.391     960.691              70              70
  151       -1244.816   -1052.914       -1244.859   -1052.775             151             151
   97        -679.872    2675.948        -679.606    2676.078              97              97
  214        -689.109    -451.317        -689.185    -451.091             214             214
  137         349.483    -518.073         349.398    -518.000             137             137
   33         701.217    -862.156         701.165    -862.152              33              33
  169       -1071.845   -1091.866       -1071.934   -1091.743             169             169
   66         162.348    -229.623         162.313    -229.660              66              66
  182        -930.107     268.510        -930.131     268.602             182             182
   70        1836.305     215.690        1836.303     215.528              70              70
  105         660.647    -192.174         660.712    -192.227             105             105
  146          55.881     832.673          56.079     832.705             146             146
  237       -1093.192     198.339       -1093.095     198.551             237             237
  221        -633.204   -1062.117        -633.290   -1061.990             221             221
  192        -105.403     256.719        -105.320     256.778             192             192
  173       -2300.193    -775.339       -2300.285    -775.013             173             173
   87        -471.836   -2195.605        -472.195   -2195.581              87              87
  239        1899.531     178.025        1899.531     177.737             239             239
  199         -85.820     310.529         -85.692     310.533             199             199
   93        -558.277   -1838.282        -558.389   -1838.292              93              93
  183       -1505.904     794.908       -1505.765     794.944             183             183
  141       -1621.600     700.264       -1621.540     700.390             141             141
  235       -2184.415    -552.675       -2184.612    -552.531             235             235
    5         622.457    1641.693         622.483    1641.510               5               5
  242         201.046     609.241         201.040     609.105             242             242
  110         -71.444    4277.320         -71.030    4277.331             110             110
  134         341.903    1757.615         342.050    1757.776             134             134
  108         202.824     253.659         202.837     253.824             108             108
  188        -866.029    -253.579        -866.103    -253.369             188             188
   80        -405.389     768.080        -405.418     768.210              80              80
  108         766.826    1513.621         766.892    1513.724             108             108
    3         658.847   -1422.710         658.605   -1422.595               3               3
  232        1564.585    -712.173        1564.500    -712.269             232             232
  206         -42.255    -576.948         -42.296    -576.879             206             206
  217        1519.474   -1081.441        1519.428   -1081.623             217             217
  113        -988.018     718.236        -987.789     718.343             113             113
  240       -2551.912     948.796       -2551.820     949.205             240             240
  131        -353.851    -873.510        -354.079    -873.352             131             131
  179        -818.752    -563.092        -818.954    -562.936             179             179
  166        -119.779    -520.777        -120.022    -520.726             166             166
  201         440.637    -515.588         440.374    -515.620             201             201
   29        1910.979    -593.022        1910.762    -593.254              29              29
   57        1611.880   -1266.322        1611.665   -1266.617              57              57
  183        1836.666    2089.266        1836.926    2089.008             183             183
  250        2390.356   -1779.283        2390.252   -1779.617             250             250
  249        1116.050    2002.181        1116.558    2001.955             249             249
  101       -1495.407    1305.229       -1495.025    1305.484             101             101
   82       -1515.371     974.221       -1515.170     974.557              82              82
  233       -1430.309    -952.632       -1430.452    -952.349             233             233
   44        -904.250     550.913        -904.277     551.086              44              44
  176         572.084    -446.368         571.970    -446.382             176             176
  160       -1068.184     175.152       -1068.215     175.317             160             160
  185         368.599     820.071         368.634     820.103             185             185
  155        -942.509      -1.132        -942.600      -0.878             155             155
  166         485.719    -350.597         485.547    -350.525             166             166
  172         427.420   -1710.016         427.119   -1710.024             172             172
    9        -198.344    -226.025        -198.469    -226.010               9               9
   44         365.431   -1097.193         365.143   -1097.283              44              44
   25        1622.294      15.976        1622.221      15.672              25              25
  198         393.335    -256.331         393.274    -256.495             198             198
  125         672.763    1625.675         672.925    1625.524             125             125
  134        1633.720      75.178        1633.740      74.933             134             134
  201         204.354    1860.137         204.661    1860.130             201             201
  101         591.194    -169.925         591.208    -169.969             101             101
   84         -89.471    1893.250         -89.170    1893.320              84              84
  163        -348.624      19.405        -348.636      19.560             163             163
  214        -813.411     730.071        -813.456     730.249             214             214
   69        2760.174     890.709        2760.214     890.423              69              69
   38        1366.021     381.557        1366.220     381.466              38              38
  138       -1903.018    1260.047       -1902.816    1260.445             138             138
  235        1039.415    1391.367        1039.507    1391.487             235             235
  240        1320.502   -1654.977        1320.269   -1654.951             240             240
  168        1011.779     433.655        1011.945     433.628             168             168
   36        -927.519     450.202        -927.401     450.559              36              36
  167        -139.645   -1686.434        -139.974   -1686.236             167             167
  163        1596.917    -352.248        1596.828    -352.401             163             163
   30         853.229    -349.029         853.239    -349.061              30              30
   13         279.712     162.575         279.782     162.679              13              13
  246        1239.521   -1669.646        1239.350   -1669.743             246             246
    8         643.903     490.310         644.138     490.268               8               8
   57        -232.672    -567.454        -232.569    -567.318              57              57
  166       -2147.223     -22.241       -2147.198     -21.829             166             166
  168         594.785    -267.624         594.695    -267.618             168             168
  243        -563.411    1437.934        -563.198    1438.268             243             243
   65        -649.229   -2996.995        -649.795   -2996.691              65              65
   78        1334.608     901.277        1334.650     901.255              78              78
  160         629.545   -3315.544         629.018   -3315.441             160             160
   75        1411.990   -2107.733        1411.707   -2107.980              75              75
  123         345.279    -709.749         345.262    -709.830             123             123
  185          23.092   -1838.758          22.833   -1838.804             185             185
   17        2046.156    -781.069        2046.152    -781.486              17              17
  248        -345.184    -726.389        -345.096    -726.432             248             248
   63         533.170     529.696         533.477     529.612              63              63
  219       -2714.478   -2154.125       -2714.714   -2153.735             219             219
   94         524.245      71.855         524.266      71.650              94              94
  148       -1534.754    -276.913       -1534.775    -276.724             148             148
  126        -375.019    -426.726        -375.164    -426.731             126             126
   53         352.429     704.889         352.513     704.859              53              53
  217         -16.479   -1942.775         -16.754   -1942.763             217             217
  165        -994.124    -845.585        -994.265    -845.552             165             165
  192        -633.048    -918.154        -633.301    -918.230             192             192
  196         486.909    -426.315         486.752    -426.672             196             196
  149        -518.147    2431.625        -517.867    2431.560             149             149
  104        1771.182     807.946        1771.252     807.723             104             104
  233         339.076   -1233.885         338.940   -1234.001             233             233
   61         -88.760    2501.314         -88.311    2501.319              61              61
   12         -74.000      -0.219         -74.000       0.000              12              12
    8         -87.850   -2501.326         -88.306   -2501.320               8               8
   74         338.795    1234.122         338.936    1234.003              74              74
    2        1771.328    -807.488        1771.255    -807.718               2               2
   16        -517.567   -2431.495        -517.861   -2431.561              16              16
  132         486.584     427.044         486.749     426.673             132             132
  168        -633.570     918.309        -633.303     918.230             168             168
  185        -994.418     845.512        -994.268     845.548             185             185
  119         -17.051    1942.749         -16.757    1942.762             119             119
  234         352.604    -704.826         352.514    -704.858             234             234
    8        -375.323     426.737        -375.165     426.731               8               8
   23       -1534.797     276.513       -1534.775     276.720              23              23
   54         524.289     -71.423         524.266     -71.648              54              54
  131       -2714.984    2153.294       -2714.721    2153.728             131             131
  209         533.822    -529.515         533.479    -529.609             209             209
   71        -344.997     726.481        -345.095     726.431              71              71
  124        2046.147     781.964        2046.152     781.489             124             124
   16          22.528    1838.855          22.828    1838.803              16              16
   35         345.240     709.922         345.260     709.830              35              35
  219        1411.373    2108.269        1411.703    2107.982             219             219
  165         628.393    3315.323         629.012    3315.443             165             165
  162        1334.702    -901.228        1334.652    -901.254             162             162
   16        -650.476    2996.328        -649.802    2996.690              16              16
  126        -562.940   -1438.670        -563.194   -1438.271             126             126
   71         594.589     267.610         594.696     267.618              71              71
  208       -2147.168      21.318       -2147.198      21.822             208             208
   67        -232.444     567.149        -232.570     567.316              67              67
  220         644.431    -490.215         644.141    -490.267             220             220
   57        1239.131    1669.865        1239.345    1669.743              57              57
   45         279.868    -162.808         279.781    -162.678              45              45
   26         853.251     349.102         853.239     349.062              26              26
   69        1596.714     352.597        1596.829     352.403              69              69
   53        -140.400    1685.985        -139.975    1686.238              53              53
  100        -927.246    -451.029        -927.400    -450.563             100             100
   71        1012.161    -433.589        1011.944    -433.626              71              71
   70        1319.956    1654.922        1320.265    1654.954              70              70
  232        1039.635   -1391.644        1039.510   -1391.486             232             232
  240       -1902.540   -1260.985       -1902.811   -1260.450             240             240
  255        1366.490    -381.341        1366.221    -381.464             255             255
   96        2760.272    -890.026        2760.217    -890.417              96              96
  219        -813.515    -730.497        -813.455    -730.251             219             219
    8        -348.650     -19.775        -348.635     -19.561               8               8
  120         -88.746   -1893.419         -89.166   -1893.320             120             120
   17         591.229     170.033         591.208     169.970              17              17
  140         205.099   -1860.117         204.663   -1860.129             140             140
   73        1633.768     -74.578        1633.740     -74.929              73              73
   88         673.163   -1625.304         672.929   -1625.522              88              88
    8         393.184     256.732         393.272     256.494               8               8
   90        1622.112     -15.225        1622.219     -15.670              90              90
  124         364.713    1097.417         365.139    1097.283             124             124
  228        -198.655     225.988        -198.470     226.010             228             228
  255         426.660    1710.035         427.114    1710.024             255             255
   30         485.284     350.418         485.545     350.526              30              30
  244        -942.740       0.486        -942.601       0.874             244             244
  126         368.689    -820.151         368.635    -820.101             126             126
  102       -1068.262    -175.574       -1068.214    -175.321             102             102
  197         571.791     446.403         571.969     446.382             197             197
  193        -904.314    -551.362        -904.273    -551.089             193             193
   67       -1430.680     951.897       -1430.453     952.347              67              67
  255       -1514.846    -975.099       -1515.167    -974.561             255             255
  239       -1494.408   -1305.897       -1495.023   -1305.488             239             239
   93        1117.393   -2001.585        1116.564   -2001.953              93              93
   68        2390.079    1780.170        2390.247    1779.624              68              68
   37        1837.361   -2088.579        1836.933   -2089.004              37              37
  193        1611.303    1267.113        1611.663    1266.619             193             193
  140        1910.391     593.652        1910.759     593.258             140             140
  107         439.924     515.676         440.371     515.620             107             107
  169        -120.442     520.637        -120.025     520.725             169             169
  124        -819.304     562.667        -818.955     562.935             124             124
  107        -354.479     873.074        -354.082     873.351             107             107
   10       -2551.656    -949.932       -2551.819    -949.211              10              10
   87        -987.382    -718.539        -987.787    -718.347              87              87
  115        1519.345    1081.950        1519.427    1081.625             115             115
  130         -42.373     576.751         -42.297     576.878             130             130
  104        1564.342     712.448        1564.498     712.272             104             104
  255         658.159    1422.386         658.602    1422.596             255             255
  203         767.015   -1513.910         766.893   -1513.721             203             203
  193        -405.471    -768.455        -405.418    -768.212             193             193
    8        -866.243     252.972        -866.105     253.367               8               8
   38         202.863    -254.137         202.838    -253.825              38              38
   62         342.333   -1758.083         342.051   -1757.776              62              62
  237         -70.210   -4277.354         -71.018   -4277.332             237             237
   37         201.028    -608.841         201.039    -609.105              37              37
   93         622.539   -1641.150         622.486   -1641.508              93              93
  226       -2185.005     552.238       -2184.614     552.526             226             226
  164       -1621.415    -700.647       -1621.538    -700.393             164             164
  195       -1505.481    -795.022       -1505.762    -794.947             195             195
  167        -558.621    1838.312        -558.393    1838.291             167             167
  102         -85.430    -310.542         -85.692    -310.534             102             102
    6        1899.533    -177.129        1899.533    -177.731               6               6
  166        -472.952    2195.528        -472.200    2195.578             166             166
   85       -2300.482     774.318       -2300.287     775.006              85              85
   99        -105.143    -256.906        -105.320    -256.780              99              99
  235        -633.477    1061.718        -633.293    1061.989             235             235
  122       -1092.882    -199.012       -1093.094    -198.553             122             122
   36          56.513    -832.777          56.083    -832.707              36              36
  119         660.854     192.345         660.711     192.228             119             119
  230        1836.296    -215.158        1836.303    -215.524             230             230
  206        -930.185    -268.816        -930.131    -268.605             206             206
  244         162.233     229.744         162.313     229.661             244             244
   82       -1072.140    1091.457       -1071.936    1091.741              82              82
  216         701.041     862.148         701.164     862.154             216             216
   76         349.200     517.834         349.398     518.001              76              76
  198        -689.365     450.553        -689.185     451.087             198             198
   90        -678.970   -2676.390        -679.602   -2676.080              90              90
  181       -1244.966    1052.437       -1244.861    1052.772             181             181
  198         -17.916    -960.846         -18.390    -960.691             198             198
   38        1024.705     -74.197        1024.575     -74.361              38              38
  118        -445.645     -99.155        -445.763     -98.917             118             118
  207         753.543     -83.025         753.367     -83.001             207             207
   76        1514.131   -1010.053        1513.900   -1010.192              76              76
  181        1207.401   -2020.489        1207.179   -2020.739             181             181
  188       -1121.459   -1234.582       -1121.493   -1234.497             188             188
  114       -1019.270     207.702       -1019.113     207.751             114             114
   18       -2040.076     662.666       -2040.023     663.105              18              18
  158        -365.713     288.865        -365.911     289.030             158             158
   22        -121.426    -955.781        -121.925    -955.754              22              22
  213         989.000    -308.595         988.747    -309.043             213             213
   70        -171.898    3042.202        -171.334    3042.335              70              70
  124        2018.255   -1203.133        2017.890   -1203.361             124             124
  219         -74.428     -95.903         -74.430     -95.850             219             219
  236        1801.066    1042.274        1801.430    1042.011             236             236
  210        -794.303   -1259.760        -794.464   -1259.407             210             210
   63         519.800     979.727         520.075     979.779              63              63
  215         911.200   -1728.579         910.985   -1728.598             215             215
   77       -1074.163   -1384.736       -1074.286   -1384.563              77              77
  100        -827.176     650.603        -826.962     650.726             100             100
   79        -310.664    -518.807        -310.766    -518.773              79              79
   52        -114.471    1325.942        -114.000    1326.000              52              52
   51       -2820.780      30.643       -2820.855      31.527              51              51
   67         176.556     -29.919         176.253     -29.817              67              67
  134         739.031      51.195         738.991      51.158             134             134
   12       -1188.863     529.931       -1188.777     530.505              12              12
  143          15.209   -1438.261          14.731   -1438.035             143             143
   76       -1585.425     321.319       -1585.589     321.953              76              76
  102         888.898   -1738.700         888.129   -1738.636             102             102
   68         322.979   -2833.545         322.019   -2833.693              68              68
   19        1944.225      11.128        1944.165      10.445              19              19
  141        -180.552    -839.747        -180.741    -839.804             141             141
  187        1585.878    -157.490        1585.956    -158.032             187             187
  226       -1159.397      66.904       -1159.209      67.127             226             226
  217       -1146.731    -215.398       -1146.931    -215.182             217             217
  113        1668.627     936.894        1668.851     936.479             113             113
  158       -1137.663    -167.913       -1137.575    -167.495             158             158
   76       -1806.439     116.414       -1806.604     117.039              76              76
  131        -292.221    -744.327        -292.868    -744.067             131             131
   60        2246.169   -1647.067        2245.473   -1647.640              60              60
   98        1286.280    -769.604        1286.141    -770.094              98              98
   89         113.699      29.276         113.799      29.122              89              89
  130         480.909    -144.892         480.957    -145.077             130             130
  223        -372.844    -475.154        -372.893    -475.157             223             223
   53        -388.095      66.873        -388.106      66.821              53              53
  111        -143.587     946.813        -143.443     946.800             111             111
  178         811.291     444.983         811.365     444.847             178             178
  116         473.991     187.543         474.162     187.521             116             116
   71       -1112.668     988.536       -1112.367     989.136              71              71
  255        -276.954   -2515.905        -277.759   -2515.633             255             255
  217         -42.862    -809.968         -43.255    -810.075             217             217
  151         938.906    -334.393         938.681    -334.765             151             151
   51        1896.944    -602.009        1896.972    -602.730              51              51
   12       -1287.091    2314.122       -1286.228    2314.511              12              12
  218         171.822    -367.118         171.884    -366.766             218             218
  185       -2638.291   -3702.175       -2639.301   -3701.533             185             185
   24       -1361.951    1025.288       -1362.094    1025.354              24              24
  106         352.245    -659.203         351.511    -659.480             106             106
    6        3415.603    1885.594        3415.970    1884.639               6               6
  127         656.460    -590.501         656.556    -590.477             127             127
  175        -710.394   -1567.886        -710.709   -1567.730             175             175
   25        -260.923    -581.022        -261.167    -581.193              25              25
   12        1124.931       3.520        1124.935       2.924              12              12
  107        -327.862    1219.087        -327.474    1219.048             107             107
  252         842.291    -729.657         842.123    -730.061             252             252
  230        1155.379    2243.612        1156.324    2243.213             230             230
  221       -2054.076    -630.074       -2054.014    -629.497             221             221
  154        -486.116    1945.852        -485.589    1946.027             154             154
   50        -418.415    -264.073        -418.473    -263.768              50              50
   96        -571.967     -50.394        -571.955     -50.173              96              96
  215       -1279.199    -107.594       -1279.344    -107.233             215             215
  149         742.483      81.910         742.457      81.618             149             149
  186       -1481.059    1537.713       -1480.648    1538.189             186             186
   90         -66.132     -18.808         -66.266     -18.623              90              90
  117        -825.317     560.843        -825.286     561.212             117             117
  239        -120.393     811.185        -120.328     811.537             239             239
  202        -367.808   -1485.160        -368.380   -1484.779             202             202
   39        -292.032   -1589.730        -292.676   -1589.753              39              39
  100        -312.571     836.574        -312.609     836.507             100             100
   17        1569.960     690.472        1570.036     690.104              17              17
   38        -270.467    -148.167        -270.509    -147.922              38              38
   61        1120.558   -1790.581        1120.120   -1791.061              61              61
  169        -773.086    2189.454        -772.290    2189.518             169             169
   90        -498.588     576.541        -498.359     576.817              90              90
   73        -675.646    1156.927        -675.220    1157.345              73              73
  131       -2619.693     805.386       -2619.664     806.617             131             131
   20         358.273   -1949.212         357.318   -1948.988              20              20
   97         394.373    -859.730         393.967    -859.852              97              97
  238        -231.775     516.187        -231.705     516.323             238             238
   27          20.885    -881.475          20.591    -881.418              27              27
  224       -1206.123    1302.647       -1205.847    1303.177             224             224
  158        -237.338    -840.765        -237.820    -840.331             158             158
   53         479.587   -1822.813         478.963   -1822.862              53              53
  237        -609.168     266.871        -609.065     267.140             237             237
   10       -1334.673   -2212.023       -1335.438   -2211.590              10              10
   49        -975.538   -1039.335        -976.123   -1039.344              49              49
  211         456.684    1232.289         456.939    1232.041             211             211
  231       -2787.430   -1245.829       -2788.062   -1245.052             231             231
  203          79.533    1337.983          79.462    1337.991             203             203
    6       -1067.437   -2621.083       -1068.686   -2620.853               6               6
   72         742.570     676.469         742.332     675.840              72              72
  163        -339.084    1517.189        -338.992    1517.155             163             163
  156        1015.754    1789.333        1016.026    1789.292             156             156
    2        -718.160   -1654.923        -718.881   -1654.507               2               2
  254         202.756     433.643         202.620     433.535             254             254
   18        -948.104    1109.655        -948.091    1110.184              18              18
  241        -201.438   -1672.431        -202.445   -1672.184             241             241
  200        1282.010      12.865        1281.694      12.465             200             200
   57        -500.124     -23.883        -500.330     -23.619              57              57
   85        -735.026   -1113.725        -735.784   -1113.498              85              85
  218         626.253    1072.150         626.149    1072.061             218             218
   96           6.245   -1393.411           5.434   -1393.200              96              96
  146        1089.075    -856.840        1088.557    -857.078             146             146
  131        -979.051   -3270.211        -980.326   -3270.199             131             131
  187         303.064     132.308         302.773     131.576             187             187
  220       -2213.865    1501.953       -2214.030    1502.294             220             220
    7        2279.731    1123.922        2279.414    1123.195               7               7
  207        -501.871    -379.641        -502.511    -379.479             207             207
   61        2291.114    -830.276        2290.405    -831.293              61              61
  246         -10.823    1505.541         -10.590    1505.181             246             246
  234        -937.790    2418.331        -937.632    2418.659             234             234
   30        1528.737     603.588        1528.179     603.370              30              30
  148        1633.553    -232.452        1632.860    -232.882             148             148
   31        3426.507    1083.791        3426.553    1082.712              31              31
   11        1935.392    2404.732        1936.269    2404.533              11              11
  159          52.042   -1254.286          51.700   -1253.819             159             159
   80         887.786      77.290         887.808      77.266              80              80
  223        -881.081      33.236        -881.193      33.920             223             223
  134         705.373   -1828.371         704.578   -1828.299             134             134
   28        -954.320   -1738.049        -955.182   -1737.827              28              28
  230        1125.430     297.274        1125.182     296.789             230             230
  206         183.108    -365.823         182.845    -365.905             206             206
  192        -798.916     862.337        -798.872     862.758             192             192
  131        -954.317   -1986.175        -955.380   -1985.753             131             131
  209       -1251.330    -802.275       -1252.250    -802.106             209             209
  190        -884.871     439.071        -885.729     439.141             190             190
  149        2152.616    1247.436        2152.131    1246.835             149             149
  194        1023.227    -919.909        1022.394    -920.045             194             194
  134        -301.683   -1418.278        -302.766   -1418.327             134             134
  207          86.658     533.791          86.012     533.482             207             207
   24         155.521    2123.562         155.271    2123.695              24              24
   96         637.826   -1654.744         636.268   -1654.674              96              96
   48         159.738    -600.194         158.395    -600.281              48              48
  170         810.002    -494.109         808.529    -494.458             170             170
  228         542.524    -115.123         541.024    -115.380             228             228
  235        -689.766    -673.124        -692.057    -673.048             235             235
  134        2904.269     755.014        2901.990     753.948             134             134
  235         262.606    -668.078         258.938    -668.264             235             235
  186        1133.419    1063.042        1126.726    1062.600             186             186
