SINAL     NFT                         FFT                         NFT INVERSA     FFT INVERSA
-----     -----------------------     -----------------------     -----------     -----------
  106       67688.000       0.000       67688.000       0.000             106             106
   88       -1422.215   -1479.499       -1422.202   -1479.499              88              88
  192         813.211    1411.666         813.226    1411.665             192             192
  174        -574.426    -244.502        -574.414    -244.500             174             174
  200        2682.119   -1048.464        2682.130   -1048.472             200             200
  200         696.924     854.099         696.944     854.095             200             200
    9        -325.969     781.743        -325.948     781.742               9               9
  190       -1161.147    1852.693       -1161.124    1852.699             190             190
  122         -99.898      48.035         -99.882      48.038             122             122
   85        -881.662    1300.350        -881.640    1300.359              85              85
  104       -1021.941     411.330       -1021.927     411.341             104             104
   49         -57.484     932.933         -57.468     932.943              49              49
  115         211.170   -1257.587         211.170   -1257.580             115             115
  208         967.858    -225.707         967.868    -225.708             208             208
  205        1303.415   -2716.507        1303.411   -2716.522             205             205
  142         436.531    2367.546         436.578    2367.534             142             142
   26       -1724.430    1534.010       -1724.395    1534.039              26              26
  241         863.474    -832.080         863.484    -832.077             241             241
   45       -1950.040     855.924       -1950.013     855.960              45              45
  212        -148.514   -2609.621        -148.535   -2609.611             212             212
   16         416.863     332.713         416.883     332.707              16              16
   73        -649.715    -312.161        -649.698    -312.146              73              73
   88       -1461.206    -480.948       -1461.200    -480.924              88              88
  101        -324.345      90.280        -324.336      90.290             101             101
  169        -832.727    -797.184        -832.732    -797.169             169             169
   50       -1104.973     935.021       -1104.964     935.048              50              50
   99        1180.550   -2283.258        1180.507   -2283.271              99              99
  218         679.099     -39.925         679.102     -39.945             218             218
   98        1736.508    -224.495        1736.517    -224.531              98              98
  142        1037.877     251.563        1037.912     251.538             142             142
   77       -1175.620    1082.717       -1175.577    1082.742              77              77
  204         154.124     189.671         154.138     189.680             204             204
  230         857.883    -189.872         857.898    -189.880             230             230
   14         196.863     103.892         196.898     103.895              14              14
  123       -2522.636     423.990       -2522.620     424.055             123             123
  175        2378.193    -115.639        2378.193    -115.677             175             175
  214        -285.482     -75.979        -285.458     -75.963             214             214
  133          80.368    1759.562          80.426    1759.595             133             133
  109        1127.227   -2666.623        1127.198   -2666.615             109             109
   80       -1854.478    -641.443       -1854.464    -641.386              80              80
  219        -106.364   -2222.950        -106.408   -2222.950             219             219
  214       -1205.210     431.866       -1205.201     431.890             214             214
  129        2086.375   -1156.206        2086.349   -1156.257             129             129
   78        1046.584   -1226.481        1046.600   -1226.525              78              78
  166       -1647.019     212.411       -1646.975     212.434             166             166
   79        -131.267    1121.715        -131.217    1121.721              79              79
  221        -749.725    -846.245        -749.737    -846.213             221             221
  193        1415.104    -191.596        1415.125    -191.641             193             193
   64        -496.261    -221.714        -496.215    -221.706              64              64
   10       -1905.426     673.325       -1905.379     673.389              10              10
  150        -461.798    -617.520        -461.815    -617.495             150             150
   81         775.349    -481.592         775.356    -481.613              81              81
   84        -863.929   -1529.477        -863.941   -1529.472              84              84
  238       -1875.334     835.133       -1875.304     835.162             238             238
  182        1350.317     246.153        1350.336     246.083             182             182
  254        -956.694    2445.882        -956.581    2445.917             254             254
   33         489.825     973.235         489.894     973.266              33              33
   25       -1671.221   -1203.142       -1671.229   -1203.046              25              25
  217       -1297.807   -1099.298       -1297.851   -1099.260             217             217
  131         720.061    1756.964         720.132    1756.942             131             131
  168         105.097    -649.752         105.118    -649.727             168             168
   39       -1649.995    -458.262       -1649.973    -458.196              39              39
   80       -1578.927     112.449       -1578.914     112.503              80              80
  142       -1133.584    1071.886       -1133.551    1071.935             142             142
   53        -215.228    1566.358        -215.167    1566.423              53              53
  203       -1074.999   -1943.405       -1075.086   -1943.313             203             203
   61         -39.643    -103.366         -39.656    -103.356              61              61
   12        -300.455     448.499        -300.428     448.545              12              12
   81        -868.212   -1360.854        -868.272   -1360.787              81              81
  171         -20.320    -459.847         -20.336    -459.844             171             171
   93       -1386.745     201.919       -1386.742     201.995              93              93
   44         633.953    -234.410         633.943    -234.410              44              44
  130       -1541.209    -558.907       -1541.226    -558.802             130             130
  223        -977.904   -1435.125        -977.990   -1435.065             223             223
  123       -2019.429    -395.558       -2019.514    -395.458             123             123
   41         975.155   -2248.649         974.955   -2248.730              41              41
   46        2848.644    1191.892        2848.688    1191.699              46              46
   88         747.738    2202.292         747.897    2202.289              88              88
  235        -405.305    -692.948        -405.291    -692.852             235             235
  111        -968.415   -1728.436        -968.480   -1728.352             111             111
   99        -815.902   -1997.778        -816.012   -1997.769              99              99
  129         264.325    1449.051         264.400    1449.016             129             129
  192        -919.444    -264.759        -919.455    -264.676             192             192
  184        -617.961   -1393.281        -618.056   -1393.238             184             184
  112        -584.092    -995.220        -584.184    -995.224             112             112
  118        -165.904    1375.564        -165.894    1375.566             118             118
  183        2163.806    -465.692        2163.757    -465.769             183             183
  146          65.465   -1432.198          65.392   -1432.188             146             146
  144        1921.195   -1145.089        1921.158   -1145.225             144             144
  144         313.887    -226.845         313.947    -226.896             144             144
   21         213.505    -519.313         213.563    -519.358              21              21
   56       -2150.089    -115.988       -2150.040    -115.909              56              56
  183        -747.319    1709.027        -747.206    1709.082             183             183
  101       -1633.233   -1927.483       -1633.364   -1927.374             101             101
  198         634.935    -219.278         634.920    -219.361             198             198
  237       -2168.324      55.635       -2168.333      55.722             237             237
   49         304.808    1278.805         304.840    1278.780              49              49
    4        -290.180    -654.796        -290.247    -654.777               4               4
  250        1168.431     812.223        1168.501     812.139             250             250
  131       -1841.869    1068.222       -1841.778    1068.395             131             131
  176        -905.901   -2041.504        -906.069   -2041.410             176             176
   87        -599.744    -270.666        -599.806    -270.640              87              87
  175       -1245.557   -1694.396       -1245.760   -1694.364             175             175
   50        1959.946     855.323        1959.935     855.124              50              50
   54         145.448     722.778         145.478     722.755              54              54
   43        1994.481    -243.218        1994.500    -243.359              43              43
   92       -1504.272    -325.142       -1504.239    -325.077              92              92
  101        -917.352     416.013        -917.333     416.022             101             101
  131        -687.754     949.770        -687.708     949.771             131             131
   71       -1618.023    1786.706       -1617.959    1786.807              71              71
  212        -850.334    2560.741        -850.280    2560.890             212             212
  231         847.563    -391.087         847.404    -391.018             231             231
  200        1185.930    -648.432        1185.784    -648.433             200             200
  148        1763.840    -429.847        1763.745    -429.897             148             148
  160        2535.512   -1978.632        2535.393   -1978.781             160             160
   57        -690.101    -712.505        -690.128    -712.460              57              57
   11        1285.000   -1105.354        1284.910   -1105.464              11              11
   87         -65.533   -1257.582         -65.638   -1257.641              87              87
  203        1868.907     630.865        1868.955     630.665             203             203
  155         992.610    -276.267         992.647    -276.375             155             155
  232         767.141     305.446         767.248     305.349             232             232
  225        -360.728     610.210        -360.594     610.238             225             225
  211       -1528.013   -1275.422       -1528.098   -1275.340             211             211
  159         122.107     890.790         122.137     890.699             159             159
   70        1473.798    2077.728        1473.988    2077.622              70              70
  154        -794.869    -364.636        -794.855    -364.528             154             154
  141         205.160     252.672         205.186     252.665             141             141
  120         676.894      74.074         676.954      74.023             120             120
  159       -1342.078     373.904       -1342.000     374.000             159             159
  135       -1099.759    2521.102       -1099.575    2521.272             135             135
  251       -1003.043    -903.440       -1003.222    -903.220             251             251
   79        2222.648    -952.107        2222.512    -952.229              79              79
  222        -113.246    -812.619        -113.307    -812.571             222             222
  171         699.132   -1391.578         698.999   -1391.649             171             171
  130        1142.089     235.627        1142.145     235.507             130             130
   21         579.564      31.904         579.662      31.896              21              21
  214       -1433.908   -2582.256       -1434.064   -2582.167             214             214
  222       -1782.357     678.226       -1782.339     678.292             222             222
  122        -303.781      22.503        -303.899      22.490             122             122
   90        1669.601     165.509        1669.546     165.317              90              90
   38         888.474     407.968         888.516     407.852              38              38
   79         694.574     560.406         694.650     560.325              79              79
   66         413.000     825.759         413.109     825.743              66              66
  238         525.743    -646.368         525.732    -646.416             238             238
  227         -17.671    1377.460         -17.473    1377.474             227             227
  226       -1663.629    -192.268       -1663.660    -192.051             226             226
   40         888.470    -890.146         888.329    -890.233              40              40
  238         914.138     572.490         914.212     572.376             238             238
   58        -204.250     628.013        -204.162     628.049              58              58
  243          95.130     451.142          95.173     451.183             243             243
  137         143.135    -200.567         143.093    -200.528             137             137
   34        1800.773     154.775        1800.830     154.662              34              34
  212        -551.421   -1419.976        -551.484   -1419.898             212             212
   93          50.592    -223.171          50.596    -223.216              93              93
  194         171.377     516.563         171.450     516.545             194             194
   27         648.826    -574.433         648.811    -574.498              27              27
  247           8.653     219.891           8.722     219.866             247             247
   80        1368.728     607.918        1368.883     607.800              80              80
  148         417.775    -997.429         417.879    -997.485             148             148
  150       -2563.992     748.643       -2563.763     748.841             150             150
  215       -2469.536    2618.041       -2469.291    2618.383             215             215
  144         243.107   -1028.932         242.951   -1028.815             144             144
  230       -1220.356    -210.128       -1220.418    -209.921             230             230
  182        1308.070   -1018.485        1307.971   -1018.577             182             182
   59       -1562.591     363.495       -1562.512     363.723              59              59
  105        -621.947   -1833.266        -622.186   -1833.166             105             105
  204         449.853     562.483         449.915     562.464             204             204
   18       -1244.945   -1811.385       -1245.142   -1811.210              18              18
   72         391.168   -1145.450         391.048   -1145.540              72              72
   71       -1667.922    -946.756       -1668.026    -946.670              71              71
  108        -813.215     877.857        -813.191     877.897             108             108
  110       -1103.206    -917.900       -1103.428    -917.791             110             110
  150        -218.539    -534.133        -218.784    -534.176             150             150
  175        2442.592    -548.580        2442.452    -548.967             175             175
   93         106.571    1444.188         106.765    1444.113              93              93
  122        -393.886    -243.000        -393.943    -242.961             122             122
  146         482.399      39.888         482.350      39.791             146             146
  133         552.221     336.258         552.220     336.159             133             133
  105        2084.187     429.898        2084.320     429.648             105             105
  204       -1686.102      71.720       -1686.005      71.926             204             204
  121         291.903    -605.968         291.849    -606.028             121             121
  243       -1123.707    -348.449       -1123.738    -348.419             243             243
  239          84.700    1586.909          84.883    1586.839             239             239
   77       -1859.656     837.045       -1859.617     837.310              77              77
   80         140.891    -123.514         140.742    -123.476              80              80
  178         329.465    -466.022         329.318    -466.051             178             178
  105         132.679    -425.605         132.536    -425.659             105             105
   72         941.054    -223.943         940.957    -224.147              72              72
    2         372.557    1442.825         372.677    1442.740               2               2
  253        1682.707    -200.855        1682.675    -201.053             253             253
  223         710.734    -583.452         710.739    -583.651             223             223
  218         108.548    2863.574         108.981    2863.522             218             218
  142         -22.965     348.342         -22.834     348.422             142             142
  197       -1679.167    1030.527       -1679.035    1030.814             197             197
  145        -243.830     525.245        -243.858     525.414             145             145
  201        -165.582    -755.556        -165.811    -755.403             201             201
   46        2477.614   -1927.145        2477.337   -1927.466              46              46
   93         113.590    -165.073         113.637    -165.186              93              93
  220        1269.023    -249.283        1269.102    -249.557             220             220
  118       -1316.079    1003.339       -1315.849    1003.414             118             118
  165          22.455     343.324          22.537     343.246             165             165
   73        -874.563    1308.852        -874.355    1308.894              73              73
  228       -1220.684    1782.504       -1220.507    1782.677             228             228
   59         471.463     572.517         471.472     572.480              59              59
  248         -74.582    2556.092         -74.251    2556.202             248             248
   66        -344.567     392.994        -344.529     393.234              66              66
  182        -348.034      12.953        -348.055      13.150             182             182
  138       -1179.547    -841.818       -1179.750    -841.614             138             138
  199          28.289    1320.527          28.311    1320.552             199             199
   31         546.668     959.592         546.661     959.649              31              31
   87        1176.325     -14.572        1176.245     -14.612              87              87
   64        1068.011    1313.884        1068.209    1313.880              64              64
   18        -839.203    1367.915        -839.050    1368.345              18              18
   70        1129.663   -2088.700        1129.287   -2088.555              70              70
  142        1354.171   -1775.481        1353.949   -1775.551             142             142
   99        -254.443    -771.882        -254.531    -771.771              99              99
  248        1218.209   -1414.405        1218.023   -1414.524             248             248
  247         829.219   -1259.833         829.161   -1259.987             247             247
  171       -1181.242     370.150       -1181.127     370.305             171             171
  251          48.901   -1180.194          48.687   -1180.222             251             251
  245        1520.959    1340.642        1521.221    1340.448             245             245
  138       -1561.775    -918.691       -1561.853    -918.378             138             138
  213         805.287    -214.158         805.239    -214.235             213             213
  131         641.689     -77.821         641.800     -77.835             131             131
   80       -2097.316   -1170.631       -2097.450   -1170.277              80              80
  102         383.861    -289.465         383.770    -289.511             102             102
   77         -80.295    -440.325         -80.309    -440.275              77              77
  127       -1862.553   -1199.333       -1862.758   -1199.078             127             127
  196       -1082.295     197.116       -1082.474     197.242             196             196
   41        1602.501    -238.495        1602.315    -238.712              41              41
  246         180.549    -236.813         180.471    -236.794             246             246
  105         665.253   -1913.766         664.938   -1913.935             105             105
  114         122.813    1198.606         122.992    1198.491             114             114
  219         352.954     855.021         353.111     855.071             219             219
  165       -1288.614   -1875.556       -1288.925   -1875.310             165             165
  106       -1044.418    -260.527       -1044.685    -260.450             106             106
   29        2904.802     862.399        2904.828     861.972              29              29
   92        -584.055   -1033.478        -584.189   -1033.338              92              92
  245         125.899   -1017.016         125.654   -1017.113             245             245
  228         485.993     492.617         485.966     492.438             228             228
  123        1021.521    1328.758        1021.649    1328.647             123             123
   76        1489.249    -942.636        1489.131    -942.798              76              76
   37        -643.922     114.392        -643.910     114.488              37              37
  142        1388.416    1138.123        1388.550    1138.041             142             142
  146         770.879   -1883.917         770.624   -1883.905             146             146
  179         440.829    -867.098         440.737    -867.184             179             179
  242         470.024     810.355         470.191     810.408             242             242
  139         694.043   -4175.802         693.450   -4175.923             139             139
  170        -189.477     560.888        -189.314     560.754             170             170
  158        -300.068   -1671.717        -300.349   -1671.787             158             158
  134        1125.205      97.697        1125.246      97.321             134             134
  160         -92.836     988.079         -92.598     988.053             160             160
   41         161.374   -1568.274         161.177   -1568.358              41              41
   92        -132.730     -22.708        -132.664     -22.852              92              92
   35        -774.567     400.411        -774.484     400.430              35              35
  121       -1258.426      15.841       -1258.596      15.976             121             121
  195        3464.000       0.656        3464.000       0.000             195             195
  112       -1258.766     -16.116       -1258.595     -15.978             112             112
  249        -774.396    -400.452        -774.482    -400.431             249             249
  136        -132.598      23.001        -132.664      22.854             136             136
  154         160.968    1568.443         161.174    1568.357             154             154
  239         -92.346    -988.023         -92.595    -988.051             239             239
  242        1125.288     -96.922        1125.245     -97.318             242             242
   12        -300.650    1671.865        -300.352    1671.790              12              12
  202        -189.138    -560.611        -189.313    -560.754             202             202
  151         692.799    4176.057         693.441    4175.926             151             151
  119         470.376    -810.464         470.194    -810.407             119             119
  231         440.634     867.280         440.735     867.185             231             231
  244         770.339    1883.892         770.621    1883.905             244             244
  108        1388.703   -1137.946        1388.553   -1138.037             108             108
  204        -643.895    -114.598        -643.910    -114.489             204             204
  111        1488.998     942.984        1489.130     942.802             111             111
  184        1021.800   -1328.520        1021.652   -1328.647             184             184
  241         485.936    -492.233         485.966    -492.437             241             241
  254         125.368    1017.228         125.651    1017.115             254             254
   75        -584.351    1033.173        -584.194    1033.336              75              75
  165        2904.859    -861.467        2904.829    -861.968             165             165
  240       -1045.002     260.359       -1044.687     260.449             240             240
  215       -1289.303    1875.015       -1288.931    1875.307             215             215
   79         353.301    -855.129         353.113    -855.069              79              79
  143         123.209   -1198.350         122.993   -1198.489             143             143
   94         664.548    1914.146         664.933    1913.938              94              94
  239         180.374     236.771         180.471     236.795             239             239
  184        1602.084     238.986        1602.314     238.717             184             184
  186       -1082.698    -197.404       -1082.474    -197.246             186             186
   19       -1863.020    1198.751       -1862.761    1199.073              19              19
   49         -80.328     440.212         -80.310     440.275              49              49
  126         383.654     289.571         383.769     289.512             126             126
  132       -2097.623    1169.818       -2097.451    1170.275             132             132
   42         641.942      77.856         641.798      77.837              42              42
    6         805.176     214.341         805.239     214.238               6               6
   30       -1561.960     917.959       -1561.856     918.374              30              30
   25        1521.571   -1340.188        1521.223   -1340.446              25              25
  248          48.397    1180.261          48.685    1180.222             248             248
   42       -1180.973    -370.519       -1181.127    -370.308              42              42
  228         829.076    1260.200         829.157    1259.990             228             228
  144        1217.763    1414.690        1218.020    1414.526             144             144
  162        -254.656     771.617        -254.533     771.770             162             162
  204        1353.636    1775.650        1353.946    1775.553             204             204
  133        1128.753    2088.353        1129.281    2088.556             133             133
   14        -838.831   -1368.957        -839.047   -1368.347              14              14
  152        1068.494   -1313.872        1068.212   -1313.878             152             152
  244        1176.130      14.673        1176.246      14.615             244             244
  199         546.652    -959.731         546.662    -959.649             199             199
  138          28.346   -1320.588          28.313   -1320.552             138             138
  243       -1180.055     841.308       -1179.753     841.611             243             243
   19        -348.085     -13.445        -348.055     -13.152              19              19
   47        -344.470    -393.598        -344.528    -393.237              47              47
  228         -73.746   -2556.367         -74.247   -2556.202             228             228
  234         471.489    -572.421         471.474    -572.478             234             234
  127       -1220.230   -1782.947       -1220.503   -1782.681             127             127
  115        -874.027   -1308.959        -874.352   -1308.895             115             115
   72          22.665    -343.125          22.537    -343.245              72              72
  111       -1315.486   -1003.537       -1315.848   -1003.417             111             111
   43        1269.224     249.997        1269.101     249.560              43              43
    3         113.713     165.366         113.637     165.186               3               3
  131        2476.886    1927.988        2477.333    1927.471             131             131
   93        -166.186     755.154        -165.812     755.403              93              93
  129        -243.904    -525.692        -243.857    -525.414             129             129
    7       -1678.813   -1031.291       -1679.031   -1030.818               7               7
  135         -22.614    -348.556         -22.833    -348.423             135             135
  136         109.724   -2863.431         108.989   -2863.521             136             136
   37         710.745     583.992         710.738     583.653              37              37
  161        1682.621     201.400        1682.675     201.058             161             161
  129         372.885   -1442.595         372.678   -1442.740             129             129
   80         940.786     224.507         940.955     224.150              80              80
  134         132.284     425.756         132.535     425.660             134             134
   18         329.053     466.104         329.315     466.053              18              18
  242         140.476     123.411         140.741     123.478             242             242
   82       -1859.542    -837.795       -1859.615    -837.315              82              82
  151          85.223   -1586.712          84.888   -1586.839             151             151
    1       -1123.798     348.358       -1123.740     348.416               1               1
  235         291.750     606.138         291.848     606.028             235             235
  140       -1685.823     -72.314       -1686.004     -71.930             140             140
  201        2084.571    -429.174        2084.321    -429.643             201             201
  118         552.220    -335.968         552.221    -336.155             118             118
  128         482.256     -39.604         482.350     -39.790             128             128
  220        -394.053     242.888        -393.943     242.961             220             220
  166         107.145   -1443.966         106.767   -1444.112             166             166
  100        2442.173     549.736        2442.449     548.973             100             100
  199        -219.274     534.261        -218.787     534.176             199             199
   38       -1103.874     917.571       -1103.430     917.789              38              38
  216        -813.141    -877.980        -813.189    -877.899             216             216
   15       -1668.240     946.491       -1668.030     946.667              15              15
  149         390.796    1145.724         391.045    1145.541             149             149
    3       -1245.555    1810.842       -1245.146    1811.207               3               3
   19         450.045    -562.420         449.916    -562.461              19              19
   24        -622.696    1832.954        -622.191    1833.164              24              24
   97       -1562.342    -364.210       -1562.511    -363.726              97              97
  149        1307.755    1018.778        1307.970    1018.580             149             149
   32       -1220.553     209.472       -1220.420     209.919              32              32
  233         242.610    1028.559         242.948    1028.815             233             233
   29       -2468.748   -2619.138       -2469.287   -2618.385              29              29
   70       -2563.249    -749.293       -2563.761    -748.847              70              70
  139         418.106     997.612         417.876     997.486             139             139
  159        1369.237    -607.528        1368.885    -607.797             159             159
  150           8.880    -219.809           8.722    -219.866             150             150
   17         648.776     574.651         648.810     574.499              17              17
  177         171.620    -516.498         171.451    -516.543             177             177
  137          50.603     223.320          50.594     223.215             137             137
  100        -551.638    1419.713        -551.486    1419.897             100             100
   73        1800.972    -154.384        1800.832    -154.658              73              73
  139         142.993     200.436         143.093     200.529             139             139
   80          95.277    -451.283          95.173    -451.183              80              80
  213        -203.942    -628.139        -204.160    -628.050             213             213
   84         914.398    -572.089         914.214    -572.372              84              84
  198         887.972     890.455         888.326     890.236             198             198
   85       -1663.739     191.495       -1663.661     192.045              85              85
   49         -16.963   -1377.508         -17.472   -1377.473              49              49
  108         525.703     646.544         525.731     646.417             108             108
  186         413.396    -825.701         413.111    -825.743             186             186
  249         694.851    -560.109         694.651    -560.324             249             249
  146         888.627    -407.544         888.516    -407.851             146             146
  146        1669.397    -164.795        1669.546    -165.312             146             146
    9        -304.218     -22.454        -303.899     -22.490               9               9
   40       -1782.288    -678.478       -1782.338    -678.296              40              40
  150       -1434.500    2581.915       -1434.069    2582.164             150             150
   28         579.940     -31.868         579.663     -31.894              28              28
   65        1142.300    -235.164        1142.144    -235.504              65              65
  247         698.618    1391.855         698.996    1391.650             247             247
  177        -113.484     812.433        -113.308     812.570             177             177
   98        2222.114     952.589        2222.508     952.234              98              98
  225       -1003.749     902.571       -1003.224     903.218             225             225
  207       -1099.022   -2521.779       -1099.567   -2521.274             207             207
  168       -1341.766    -374.288       -1342.000    -374.000             168             168
  108         677.135     -73.859         676.954     -74.020             108             108
  110         205.267    -252.642         205.186    -252.664             110             110
   62        -794.821     364.185        -794.858     364.525              62              62
  126        1474.593   -2077.285        1473.991   -2077.620             126             126
   31         122.230    -890.411         122.137    -890.699              31              31
  200       -1528.380    1275.070       -1528.101    1275.337             200             200
  226        -360.153    -610.327        -360.591    -610.237             226             226
  104         767.599    -305.028         767.248    -305.348             104             104
   83         992.765     276.742         992.646     276.379              83              83
   50        1869.118    -629.984        1868.956    -630.660              50              50
   62         -66.001    1257.837         -65.642    1257.640              62              62
  168        1284.598    1105.845        1284.908    1105.466             168             168
  249        -690.225     712.301        -690.130     712.458             249             249
  147        2534.964    1979.311        2535.387    1978.786             147             147
  218        1763.407     430.082        1763.744     429.902             218             218
  101        1185.260     648.445        1185.783     648.436             101             101
   78         846.822     390.772         847.402     391.019              78              78
  211        -850.073   -2561.436        -850.277   -2560.891             211             211
  248       -1617.715   -1787.196       -1617.956   -1786.813             248             248
  224        -687.537    -949.780        -687.708    -949.772             224             224
  220        -917.259    -416.059        -917.332    -416.023             220             220
   33       -1504.111     324.822       -1504.240     325.074              33              33
  119        1994.572     243.917        1994.499     243.365             119             119
  249         145.596    -722.663         145.478    -722.755             249             249
   99        1959.888    -854.323        1959.935    -855.119              99              99
  111       -1246.585    1694.231       -1245.764    1694.362             111             111
  170        -600.064     270.532        -599.809     270.638             170             170
  197        -906.768    2041.020        -906.072    2041.408             197             197
   80       -1841.392   -1069.128       -1841.776   -1068.400              80              80
  121        1168.801    -811.781        1168.503    -812.137             121             121
  109        -290.541     654.695        -290.250     654.778             109             109
  189         304.986   -1278.666         304.843   -1278.778             189             189
  231       -2168.381     -56.118       -2168.335     -55.726             231             231
  172         634.847     219.740         634.918     219.363             172             172
   59       -1633.967    1926.863       -1633.369    1927.369              59              59
    7        -746.684   -1709.339        -747.203   -1709.083               7               7
  116       -2149.814     115.530       -2150.040     115.904             116             116
   29         213.832     519.571         213.562     519.359              29              29
  112         314.224     227.142         313.945     226.897             112             112
  200        1920.971    1145.888        1921.155    1145.228             200             200
   80          65.021    1432.141          65.387    1432.189              80              80
  174        2163.504     466.166        2163.755     465.774             174             174
  113        -165.830   -1375.587        -165.890   -1375.568             113             113
   73        -584.660     995.244        -584.186     995.223              73              73
   66        -618.556    1393.011        -618.059    1393.237              66              66
   75        -919.518     264.232        -919.458     264.674              75              75
  175         264.804   -1448.828         264.403   -1449.015             175             175
  144        -816.621    1997.722        -816.016    1997.768             144             144
   31        -968.854    1727.885        -968.484    1728.349              31              31
  168        -405.224     692.315        -405.294     692.851             168             168
  113         748.817   -2202.261         747.903   -2202.286             113             113
  252        2848.946   -1190.567        2848.689   -1191.692             252             252
  201         973.770    2249.212         974.949    2248.733             201             201
  232       -2020.019     394.850       -2019.515     395.453             232             232
  246        -978.515    1434.704        -977.995    1435.065             246             246
   45       -1541.330     558.155       -1541.227     558.799              45              45
   88         633.878     234.409         633.940     234.411              88              88
  160       -1386.728    -202.486       -1386.743    -201.999             160             160
  242         -20.446     459.822         -20.338     459.843             242             242
  169        -868.668    1360.347        -868.274    1360.785             169             169
   26        -300.253    -448.856        -300.427    -448.547              26              26
   95         -39.741     103.290         -39.657     103.356              95              95
  102       -1075.694    1942.674       -1075.092    1943.311             102             102
    2        -214.739   -1566.878        -215.166   -1566.422               2               2
   12       -1133.306   -1072.315       -1133.549   -1071.939              12              12
  161       -1578.815    -112.916       -1578.914    -112.506             161             161
    9       -1649.814     457.685       -1649.975     458.191               9               9
  129         105.260     649.546         105.115     649.727             129             129
  191         720.706   -1756.768         720.138   -1756.941             191             191
  122       -1298.197    1098.955       -1297.852    1099.257             122             122
   73       -1671.314    1202.258       -1671.233    1203.041              73              73
   16         490.460    -973.514         489.895    -973.265              16              16
   40        -955.606   -2446.216        -956.575   -2445.919              40              40
  186        1350.488    -245.463        1350.336    -246.078             186             186
   89       -1875.024    -835.443       -1875.300    -835.168              89              89
  106        -864.061    1529.411        -863.943    1529.468             106             106
    6         775.425     481.820         775.357     481.617               6               6
    9        -461.983     617.247        -461.817     617.493               9               9
  251       -1904.929    -674.014       -1905.377    -673.394             251             251
   38        -495.780     221.616        -496.216     221.704              38              38
  177        1415.335     192.113        1415.126     191.645             177             177
  108        -749.874     845.895        -749.739     846.213             108             108
   35        -130.679   -1121.785        -131.213   -1121.722              35              35
  123       -1646.500    -212.696       -1646.974    -212.437             123             123
   85        1046.750    1227.029        1046.596    1226.528              85              85
   25        2086.059    1156.856        2086.347    1156.262              25              25
  168       -1205.093    -432.193       -1205.200    -431.894             168             168
  173        -106.960    2222.946        -106.413    2222.949             173             173
  186       -1854.299     640.665       -1854.466     641.381             186             186
  154        1126.806    2666.523        1127.191    2666.617             154             154
   86          81.210   -1760.027          80.433   -1759.595              86              86
  212        -285.116      75.745        -285.454      75.961             212             212
  250        2378.211     116.226        2378.193     115.684             250             250
  189       -2522.404    -425.006       -2522.620    -424.063             189             189
  215         197.409    -103.925         196.899    -103.893             215             215
    7         858.132     190.015         857.898     189.883               7               7
   95         154.354    -189.820         154.139    -189.679              95              95
  224       -1174.851   -1083.162       -1175.574   -1082.745             224             224
  136        1038.509    -251.097        1037.913    -251.535             136             136
   31        1736.673     225.182        1736.517     224.535              31              31
   91         679.140      40.314         679.100      39.947              91              91
  209        1179.666    2283.535        1180.501    2283.273             209             209
   47       -1104.775    -935.603       -1104.962    -935.051              47              47
  131        -832.850     796.839        -832.733     797.166             131             131
  140        -324.150     -90.503        -324.336     -90.291             140             140
  137       -1461.079     480.374       -1461.203     480.920             137             137
  238        -649.315     311.806        -649.698     312.146             238             238
  147         417.393    -332.555         416.885    -332.707             147             147
  146        -149.140    2609.330        -148.542    2609.611             146             146
  233       -1949.239    -856.999       -1950.010    -855.966             233             233
  186         863.763     831.990         863.483     832.079             186             186
   67       -1723.293   -1534.966       -1724.393   -1534.042              67              67
   85         438.202   -2367.161         436.583   -2367.535              85              85
  221        1303.181    2717.101        1303.405    2716.524             221             221
  191         968.237     225.770         967.867     225.710             191             191
  171         211.150    1257.261         211.167    1257.579             171             171
  247         -56.741    -933.403         -57.468    -932.944             247             247
  103       -1021.213    -411.987       -1021.925    -411.346             103             103
   88        -880.361   -1300.839        -881.638   -1300.360              88              88
  177         -98.910     -48.254         -99.881     -48.039             177             177
    2       -1159.340   -1853.185       -1161.121   -1852.701               2               2
  175        -324.140    -781.728        -325.947    -781.745             175             175
  133         699.033    -853.623         696.947    -854.092             133             133
  253        2683.514    1049.504        2682.129    1048.476             253             253
  108        -572.355     244.185        -574.416     244.499             108             108
   92         817.073   -1411.298         813.230   -1411.663              92              92
    4       -1415.652    1479.112       -1422.206    1479.497               4               4
