SINAL     NFT                         FFT                         NFT INVERSA     FFT INVERSA
-----     -----------------------     -----------------------     -----------     -----------
  157       64175.000       0.000       64175.000       0.000             157             157
  124        -824.427    -135.252        -824.414    -135.251             124             124
  183        -301.980   -1569.935        -301.968   -1569.935             183             183
  153       -1093.328    2208.607       -1093.312    2208.609             153             153
   37       -1014.298   -1142.466       -1014.289   -1142.463              37              37
    7        1087.789     507.474        1087.801     507.471               7               7
  230        -818.208    -767.783        -818.198    -767.781             230             230
  130        -578.993     571.862        -578.981     571.863             130             130
  236        -548.807    -863.696        -548.806    -863.697             236             236
   44        1960.834     891.105        1960.845     891.089              44              44
  107         525.196    1941.518         525.218    1941.515             107             107
   87        2106.130     588.453        2106.147     588.445              87              87
   72         104.281     259.457         104.300     259.459              72              72
   65          58.782     324.116          58.796     324.118              65              65
  126        1897.326    1431.000        1897.355    1430.991             126             126
   53        -847.117    -767.193        -847.105    -767.176              53              53
   90         328.972    -548.632         328.979    -548.633              90              90
    4         -38.769    -439.349         -38.762    -439.352               4               4
   13        1318.148    1553.557        1318.181    1553.542              13              13
  166        -387.980    1243.846        -387.947    1243.865             166             166
  138         942.237    -499.650         942.250    -499.644             138             138
   30       -1263.862    -371.781       -1263.851    -371.748              30              30
  179         228.773   -2345.496         228.744   -2345.494             179             179
  142        2753.820    -220.555        2753.838    -220.599             142             142
   75        -816.141     463.557        -816.101     463.573              75              75
   75        -120.809   -1515.147        -120.808   -1515.142              75              75
   25       -1117.976    -626.230       -1117.964    -626.225              25              25
  238       -1230.945    1370.256       -1230.914    1370.276             238             238
  221        -779.883    -581.571        -779.897    -581.548             221             221
  102         855.968    -186.690         855.962    -186.697             102             102
   68         631.720   -1390.623         631.702   -1390.633              68              68
  123         592.316   -1140.722         592.307   -1140.746             123             123
  226        -105.999    -774.631        -106.008    -774.656             226             226
  251        1833.084    1112.146        1833.121    1112.084             251             251
   20         651.858     329.898         651.900     329.871              20              20
    8       -1624.829     207.784       -1624.810     207.799               8               8
    2        1945.582    2160.548        1945.644    2160.494               2               2
  251        -332.400    1100.887        -332.348    1100.908             251             251
  139         589.035    -195.329         589.054    -195.338             139             139
  238         261.557    1345.720         261.621    1345.721             238             238
   40        -291.647      -0.248        -291.614      -0.226              40              40
  246        -424.094      41.028        -424.061      41.046             246             246
   70       -1784.777      62.095       -1784.761      62.142              70              70
  112        -435.061    1361.450        -435.031    1361.475             112             112
   55         800.828   -1163.825         800.802   -1163.839              55              55
  197        -698.038     899.636        -698.004     899.654             197             197
  166         290.203     179.050         290.213     179.053             166             166
  146        -814.496    -740.665        -814.524    -740.645             146             146
  201        1590.952     414.379        1590.962     414.308             201             201
  179        -230.617    2196.177        -230.545    2196.188             179             179
   57        2119.681     350.902        2119.704     350.862              57              57
   84         861.479    -254.559         861.516    -254.576              84              84
  210        -351.134    1313.079        -351.053    1313.106             210             210
  237         187.166     222.473         187.205     222.500             237             237
  227       -1291.179    -361.216       -1291.181    -361.146             227             227
   29        1279.095    -213.418        1279.089    -213.444              29              29
   57         912.569    -700.877         912.581    -700.906              57              57
  253        -768.387    -536.301        -768.383    -536.291             253             253
   11        1919.913    1170.652        1919.991    1170.565              11              11
   22         -44.521     856.518         -44.420     856.527              22              22
   99        -931.664     426.756        -931.587     426.800              99              99
   79       -1848.372    1125.260       -1848.301    1125.347              79              79
  145        -895.171     467.473        -895.151     467.533             145             145
   69       -1720.003     294.917       -1720.028     295.003              69              69
   75        2323.753     586.210        2323.754     586.127              75              75
  166          16.255    1151.453          16.314    1151.476             166             166
   77        1781.744    1316.269        1781.822    1316.244              77              77
   78        1492.578      62.848        1492.659      62.844              78              78
  162        -995.046     358.358        -994.940     358.459             162             162
  217       -2049.227    -303.259       -2049.200    -303.109             217             217
   60       -1114.946    -977.052       -1114.993    -976.970              60              60
  202        -396.892     777.197        -396.872     777.254             202             202
  207         720.822   -1337.679         720.764   -1337.678             207             207
  131        -144.056     544.316        -144.007     544.345             131             131
   59        -646.367    -529.312        -646.387    -529.252              59              59
    7         315.520     -63.240         315.512     -63.246               7               7
   72         491.465    1564.125         491.549    1564.136              72              72
  225         846.378    1276.362         846.469    1276.425             225             225
  154         344.252   -1804.363         344.209   -1804.279             154             154
   18         114.485   -1043.681         114.489   -1043.627              18              18
  149       -1032.204   -1771.216       -1032.259   -1771.133             149             149
  211         654.961     601.769         655.032     601.786             211             211
  102       -1330.493   -2877.333       -1330.607   -2877.218             102             102
  103         525.934    -912.386         525.924    -912.417             103             103
  192       -1995.059   -1420.813       -1995.113   -1420.716             192             192
   74         603.153   -1040.761         603.102   -1040.839              74              74
  133        -652.916    1803.333        -652.783    1803.375             133             133
  249       -1073.066   -1456.793       -1073.141   -1456.694             249             249
   71        -235.935    -914.198        -235.996    -914.191              71              71
  144        -160.051    -621.524        -160.093    -621.538             144             144
   16         834.403     164.002         834.436     163.929              16              16
  170       -1265.549     505.851       -1265.504     505.924             170             170
  224        1094.586    -142.988        1094.599    -143.056             224             224
  162       -1302.208    1880.441       -1302.062    1880.556             162             162
  240        -880.868     316.434        -880.878     316.600             240             240
   44        2161.781   -2644.399        2161.640   -2644.465              44              44
   73        -376.935    -653.431        -376.884    -653.409              73              73
   62       -2495.111    -407.052       -2495.127    -406.884              62              62
  122         875.007    -124.163         874.974    -124.181             122             122
  235         963.177   -1200.035         963.156   -1200.046             235             235
   23        -578.842   -2444.546        -578.903   -2444.520              23              23
  183       -2390.556    -158.908       -2390.521    -158.780             183             183
  182       -1082.756   -2619.498       -1082.925   -2619.491             182             182
  230       -2498.393     350.231       -2498.425     350.281             230             230
   58         635.957     807.120         635.943     806.998              58              58
  241        -374.506    2385.957        -374.367    2385.981             241             241
  238        -425.679     114.731        -425.703     114.805             238             238
  131        -204.923    1825.917        -204.836    1826.025             131             131
  211           5.626   -1904.795           5.457   -1904.683             211             211
  136        -462.773   -1992.385        -462.968   -1992.343             136             136
  149        1319.622    -448.274        1319.544    -448.391             149             149
  104        1042.967      21.218        1042.985      21.159             104             104
   91        -421.079   -1373.842        -421.172   -1373.800              91              91
  251        1161.540    -845.864        1161.487    -845.970             251             251
  208         131.752    -875.442         131.725    -875.486             208             208
   28         678.165    -257.301         678.199    -257.378              28              28
   69        -464.040   -1319.129        -464.071   -1319.139              69              69
   85        -810.830    -350.025        -810.824    -350.040              85              85
   22         185.411    -243.532         185.438    -243.624              22              22
  141       -2185.598     573.353       -2185.554     573.468             141             141
  230        1003.011   -1533.294        1002.881   -1533.477             230             230
   39        -649.435    2330.426        -649.209    2330.373              39              39
   55        -880.336     217.375        -880.288     217.382              55              55
  199       -2032.111    2900.466       -2031.908    2900.608             199             199
  201       -1058.356     471.812       -1058.418     471.938             201             201
   39         429.019    1567.854         429.046    1567.864              39              39
  243        1163.602    1503.184        1163.693    1503.222             243             243
   19         151.369   -1256.525         151.285   -1256.400              19              19
  101        -515.819   -2169.053        -515.999   -2169.000             101             101
  109         236.177     661.395         236.244     661.364             109             109
  254       -1837.233   -1287.056       -1837.368   -1286.909             254             254
  124          19.937     407.379          19.900     407.347             124             124
   36       -1393.985    -605.391       -1394.154    -605.308              36              36
  181        1406.389    1128.568        1406.341    1128.418             181             181
   99        1972.135     557.355        1972.131     557.212              99              99
   95        1465.316    -120.510        1465.323    -120.611              95              95
  166        1151.070     336.714        1151.166     336.640             166             166
   81         399.944    -213.788         400.031    -213.779              81              81
  226       -1895.415   -1311.156       -1895.495   -1311.004             226             226
  122        -685.925     877.114        -685.929     877.152             122             122
  217        1687.284    -924.256        1687.149    -924.430             217             217
  119        1486.530     629.945        1486.656     629.756             119             119
  227        -240.537    1129.016        -240.321    1129.052             227             227
   53       -1639.312    -769.635       -1639.345    -769.485              53              53
  115       -1041.761    1115.575       -1041.719    1115.654             115             115
  179         321.907     579.943         321.859     579.948             179             179
   81        3500.479     -14.554        3500.559     -14.854              81              81
  185       -2631.801      55.372       -2631.667      55.631             185             185
    9       -1307.826     370.124       -1307.842     370.252               9               9
  104         399.728    1023.296         399.766    1023.307             104             104
   70          47.302    -887.525          47.184    -887.501              70              70
  240        1101.459     813.688        1101.561     813.572             240             240
  143        -705.101     859.845        -704.964     859.955             143             143
  125        -918.581    1014.537        -918.495    1014.733             125             125
  183         212.815    -881.486         212.714    -881.414             183             183
   88        -749.499     307.507        -749.467     307.654              88              88
  165       -1310.339   -1608.820       -1310.574   -1608.669             165             165
  170        -132.885    1473.036        -132.876    1473.068             170             170
  107        2144.609    -176.580        2144.554    -176.692             107             107
   10       -1038.471    -956.942       -1038.573    -956.773              10              10
   23         958.751     -59.942         958.718     -59.993              23              23
  106        -988.237   -1060.899        -988.383   -1060.760             106             106
  135         400.820    -339.883         400.687    -339.918             135             135
   60        1634.226    -404.917        1634.173    -405.075              60              60
   31        -813.706    -699.223        -813.780    -699.146              31              31
  234          68.474     494.527          68.430     494.537             234             234
  155        2636.558    -883.170        2636.478    -883.406             155             155
  198        -902.638   -1488.798        -902.723   -1488.734             198             198
   59        -544.309    -746.669        -544.428    -746.725              59              59
  126         197.465     378.630         197.419     378.466             126             126
   64        1710.387    2872.535        1710.669    2872.362              64              64
   20        1055.370   -1095.537        1055.305   -1095.580              20              20
  245         747.710     587.843         747.877     587.776             245             245
   36        -315.958    -323.652        -315.882    -323.583              36              36
   74        -819.754    -443.390        -819.730    -443.315              74              74
  105       -1329.017     890.098       -1328.899     890.262             105             105
  216       -2011.529    -442.793       -2011.692    -442.510             216             216
  155          -6.046   -1467.015          -6.418   -1467.075             155             155
   34        1539.443     995.789        1539.417     995.508              34              34
  225        1322.410    1382.663        1322.524    1382.514             225             225
    3         899.145     343.983         899.169     343.926               3               3
  105        1977.874     522.906        1978.020     522.726             105             105
  209       -1711.587    -299.567       -1711.573    -299.336             209             209
  147         328.370     734.795         328.370     734.779             147             147
  231        1485.668     322.777        1485.694     322.656             231             231
  136         -18.235      98.545         -18.214      98.591             136             136
  236        1294.238     773.224        1294.357     773.132             236             236
  140        -494.050     425.906        -493.972     426.082             140             140
   51          88.092    -304.099          87.976    -303.985              51              51
   88        2515.767    -777.339        2515.667    -777.573              88              88
  151        1535.894      -3.786        1536.052      -3.911             151             151
   75        -286.544    -497.404        -286.439    -497.286              75              75
  194        -313.762    -779.979        -313.754    -779.874             194             194
   30        -523.676   -1993.654        -523.863   -1993.650              30              30
  136        -215.836    1541.494        -215.614    1541.467             136             136
  226         390.215    -281.980         390.242    -281.986             226             226
    9       -1241.361     489.494       -1241.281     489.711               9               9
   36        1226.854    -914.360        1226.779    -914.467              36              36
  169       -1854.808     195.994       -1854.753     196.265             169             169
   68         -48.445    -903.172         -48.661    -903.135              68              68
  162        1863.304    -229.237        1863.302    -229.484             162             162
  234       -1056.682    -768.343       -1056.720    -768.247             234             234
   89         462.307     806.395         462.411     806.310              89              89
  152         826.775    -210.716         826.851    -210.808             152             152
   14       -1780.499     206.279       -1780.408     206.517              14              14
  163        -715.415     434.762        -715.441     434.893             163             163
    1         850.920     -81.034         850.860     -81.098               1               1
  230        -525.831     313.196        -525.856     313.333             230             230
   63        3325.125    -154.437        3325.194    -154.789              63              63
   36       -1654.629    -886.913       -1654.556    -886.624              36              36
  199        -243.189   -1044.564        -243.243   -1044.571             199             199
   67       -2339.353    1444.898       -2339.183    1445.236              67              67
  141        1198.615    -205.621        1198.539    -205.640             141             141
  153        -862.679   -1589.214        -862.871   -1589.029             153             153
  214        -140.898    -435.113        -140.973    -435.091             214             214
  117         -30.104   -1018.929         -30.221   -1018.944             117             117
   34        -771.253    -201.732        -771.251    -201.687              34              34
  195       -1254.886    1629.353       -1254.692    1629.646             195             195
    2       -1404.697   -3469.950       -1405.345   -3469.690               2               2
   86         331.339    -349.505         331.069    -349.673              86              86
   27        2777.972   -1071.197        2777.833   -1071.719              27              27
  153       -2780.995    -329.915       -2781.052    -329.739             153             153
  161        1099.090    2608.382        1099.291    2608.136             161             161
  222         696.416    1157.825         696.499    1157.877             222             222
  184        2512.266   -1364.986        2512.178   -1365.239             184             184
   41       -2215.698    -580.932       -2215.660    -580.618              41              41
  192       -1099.859     376.510       -1099.927     376.720             192             192
  193        1367.317   -1907.048        1366.980   -1907.241             193             193
   77       -1693.610    -185.496       -1693.708    -185.307              77              77
  105         864.689   -1479.515         864.312   -1479.749             105             105
    6         985.778     432.394         985.813     432.124               6               6
  240       -1080.514   -1070.105       -1080.762   -1070.077             240             240
   84        1398.879     374.289        1398.811     373.882              84              84
   96         423.171     829.870         423.248     829.659              96              96
  136         697.498    1326.057         697.642    1325.900             136             136
   98         993.989     266.342         994.025     266.186              98              98
    4        -668.790     579.653        -668.791     579.759               4               4
  138        2478.573    -398.735        2478.445    -399.129             138             138
   72         860.276    -226.711         860.316    -226.941              72              72
   67         918.904     802.787         919.123     802.574              67              67
  174        -218.300    -324.874        -218.291    -324.901             174             174
   16         685.124   -1084.213         684.960   -1084.568              16              16
  135        1733.070    2133.418        1733.540    2132.835             135             135
   60        -624.809    3399.990        -624.087    3400.012              60              60
  170        -754.690    2073.016        -754.289    2073.251             170             170
   94        -626.226     659.395        -626.137     659.598              94              94
  177         232.121     423.333         232.156     423.246             177             177
  205         -47.252    4585.319         -46.554    4585.471             205             205
   33         998.014      43.624         998.025      43.784              33              33
  179         683.428    1078.286         683.720    1078.408             179             179
   35       -1287.387     614.949       -1287.246     615.441              35              35
   60         699.419    -295.484         699.350    -295.349              60              60
   77         301.773     784.613         301.959     784.868              77              77
  196          17.553   -2354.533          17.247   -2354.300             196             196
   26        -541.208   -1130.602        -541.353   -1130.497              26              26
    6         440.682      -9.064         440.755      -9.138               6               6
  238       -1891.000      -0.342       -1891.000       0.000             238             238
  219         440.831       9.215         440.756       9.140             219             219
  199        -541.504    1130.385        -541.355    1130.494             199             199
   60          16.925    2354.061          17.241    2354.299              60              60
   69         302.155    -785.130         301.961    -784.867              69              69
  206         699.275     295.208         699.348     295.348             206             206
   44       -1287.097    -615.962       -1287.245    -615.445              44              44
  153         684.031   -1078.538         683.722   -1078.409             153             153
   46         998.036     -43.953         998.025     -43.783              46              46
  180         -45.787   -4585.637         -46.542   -4585.473             180             180
  252         232.198    -423.152         232.159    -423.246             252             252
   50        -626.036    -659.822        -626.134    -659.600              50              50
   62        -753.843   -2073.512        -754.285   -2073.253              62              62
   68        -623.276   -3400.039        -624.078   -3400.013              68              68
  118        1734.072   -2132.182        1733.546   -2132.833             118             118
  237         684.773    1084.971         684.957    1084.571             237             237
   85        -218.282     324.932        -218.291     324.901              85              85
  254         919.377    -802.322         919.126    -802.569             254             254
   41         860.362     227.206         860.316     226.941              41              41
    0        2478.297     399.597        2478.445     399.136              -0              -0
   92        -668.789    -579.882        -668.789    -579.759              92              92
  219         994.065    -265.996         994.024    -266.182             219             219
  205         697.815   -1325.711         697.643   -1325.898             205             205
  126         423.340    -829.407         423.247    -829.659             126             126
  143        1398.731    -373.387        1398.812    -373.879             143             143
  240       -1081.070    1070.041       -1080.766    1070.076             240             240
  186         985.858    -431.789         985.814    -432.121             186             186
  221         863.840    1480.043         864.307    1479.753             221             221
  181       -1693.831     185.072       -1693.708     185.306             181             181
  213        1366.552    1907.488        1366.975    1907.246             213             213
  227       -1100.014    -376.990       -1099.927    -376.723             227             227
  164       -2215.614     580.211       -2215.664     580.612             164             164
  177        2512.060    1365.569        2512.175    1365.242             177             177
  171         696.613   -1157.938         696.503   -1157.874             171             171
  224        1099.565   -2607.811        1099.297   -2608.133             224             224
  246       -2781.130     329.494       -2781.054     329.731             246             246
  121        2777.647    1072.421        2777.832    1071.725             121             121
   13         330.703     349.900         331.066     349.674              13              13
  144       -1406.230    3469.333       -1405.353    3469.687             144             144
  168       -1254.423   -1630.046       -1254.688   -1629.648             168             168
  193        -771.249     201.623        -771.252     201.686             193             193
  140         -30.389    1018.968         -30.224    1018.946             140             140
  218        -141.079     435.060        -140.974     435.091             218             218
    0        -863.144    1588.765        -862.874    1589.026              -0               0
  209        1198.429     205.669        1198.537     205.642             209             209
   81       -2338.936   -1445.726       -2339.180   -1445.242              81              81
  237        -243.321    1044.580        -243.244    1044.569             237             237
   38       -1654.451     886.202       -1654.557     886.620              38              38
   79        3325.295     155.310        3325.194     154.794              79              79
   23        -525.890    -313.533        -525.855    -313.332              23              23
   39         850.769      81.193         850.859      81.097              39              39
  172        -715.476    -435.095        -715.438    -434.897             172             172
  243       -1780.270    -206.881       -1780.407    -206.521             243             243
  244         826.965     210.950         826.850     210.810             244             244
   42         462.573    -806.179         462.412    -806.310              42              42
  130       -1056.780     768.095       -1056.721     768.244             130             130
  229        1863.297     229.872        1863.301     229.486             229             229
  228         -49.004     903.079         -48.662     903.135             228             228
   95       -1854.664    -196.702       -1854.751    -196.270              95              95
  155        1226.659     914.642        1226.779     914.469             155             155
  186       -1241.152    -490.062       -1241.280    -489.712             186             186
   67         390.285     281.998         390.241     281.987              67              67
   64        -215.245   -1541.424        -215.609   -1541.468              64              64
  107        -524.177    1993.642        -523.868    1993.649             107             107
  238        -313.741     779.698        -313.754     779.873             238             238
   32        -286.264     497.089        -286.440     497.286              32              32
   98        1536.321       4.130        1536.053       3.914              98              98
  104        2515.492     777.978        2515.665     777.577             104             104
   45          87.775     303.790          87.976     303.986              45              45
  242        -493.838    -426.393        -493.973    -426.084             242             242
   16        1294.570    -772.967        1294.359    -773.130              16              16
  239         -18.175     -98.672         -18.213     -98.592             239             239
  126        1485.739    -322.437        1485.693    -322.654             126             126
  235         328.375    -734.747         328.373    -734.778             235             235
  239       -1711.550     298.912       -1711.573     299.333             239             239
   79        1978.289    -522.393        1978.021    -522.723              79              79
   60         899.214    -343.817         899.170    -343.923              60              60
  221        1322.740   -1382.228        1322.527   -1382.509             221             221
  117        1539.372    -994.976        1539.420    -995.505             117             117
  140          -7.130    1467.187          -6.423    1467.074             140             140
  244       -2012.005     441.967       -2011.694     442.507             244             244
  157       -1328.669    -890.580       -1328.898    -890.264             157             157
   56        -819.683     443.165        -819.730     443.313              56              56
  231        -315.737     323.445        -315.883     323.581             231             231
  145         748.209    -587.638         747.878    -587.773             145             145
   98        1055.167    1095.670        1055.300    1095.582              98              98
  106        1711.246   -2872.006        1710.675   -2872.356             106             106
  119         197.326    -378.134         197.419    -378.467             119             119
   71        -544.676     746.839        -544.431     746.724              71              71
  202        -902.906    1488.598        -902.727    1488.731             202             202
   19        2636.307     883.908        2636.476     883.414              19              19
    1          68.339    -494.559          68.431    -494.538               1               1
   13        -813.942     698.982        -813.783     699.145              13              13
   83        1634.058     405.418        1634.171     405.080              83              83
  109         400.398     339.996         400.686     339.920             109             109
  252        -988.707    1060.452        -988.387    1060.755             252             252
  116         958.644      60.107         958.717      59.994             116             116
  207       -1038.803     956.395       -1038.575     956.772             207             207
  100        2144.429     176.952        2144.553     176.697             100             100
  161        -132.850   -1473.145        -132.873   -1473.071             161             161
  193       -1311.119    1608.321       -1310.578    1608.667             193             193
  117        -749.396    -308.001        -749.469    -307.657             117             117
  145         212.472     881.247         212.711     881.415             145             145
   63        -918.287   -1015.195        -918.491   -1014.735              63              63
   96        -704.637    -860.218        -704.963    -859.956              96              96
  129        1101.809    -813.289        1101.564    -813.569             129             129
  142          46.896     887.444          47.182     887.501             142             142
  156         399.863   -1023.331         399.769   -1023.306             156             156
   94       -1307.884    -370.570       -1307.842    -370.254              94              94
    4       -2631.339     -56.284       -2631.669     -55.638               4               4
   40        3500.755      15.613        3500.557      14.861              40              40
   83         321.742    -579.962         321.862    -579.949              83              83
  162       -1041.611   -1115.857       -1041.719   -1115.655             162             162
   96       -1639.431     769.089       -1639.346     769.482              96              96
   58        -239.755   -1129.148        -240.319   -1129.054              58              58
   51        1486.989    -629.254        1486.658    -629.754              51              51
  195        1686.787     924.897        1687.147     924.434             195             195
  165        -685.937    -877.260        -685.927    -877.155             165             165
  171       -1895.717    1310.586       -1895.500    1311.000             171             171
   10         400.270     213.757         400.032     213.779              10              10
  111        1151.432    -336.435        1151.166    -336.639             111             111
  190        1465.347     120.899        1465.324     120.614             190             190
   11        1972.120    -556.804        1972.132    -557.207              11              11
  125        1406.208   -1127.985        1406.344   -1128.414             125             125
   18       -1394.643     605.066       -1394.156     605.306              18              18
  121          19.792    -407.252          19.900    -407.347             121             121
  122       -1837.769    1286.470       -1837.371    1286.904             122             122
  134         236.445    -661.270         236.245    -661.364             134             134
   72        -516.543    2168.840        -516.001    2169.000              72              72
  223         151.018    1256.024         151.281    1256.400             223             223
   40        1163.979   -1503.328        1163.695   -1503.219              40              40
   10         429.137   -1567.893         429.048   -1567.864              10              10
   84       -1058.611    -472.336       -1058.418    -471.939              84              84
  185       -2031.244   -2901.077       -2031.901   -2900.614             185             185
   73        -880.133    -217.411        -880.288    -217.384              73              73
  180        -648.466   -2330.201        -649.204   -2330.373             180             180
   58        1002.445    1534.076        1002.877    1533.478              58              58
  216       -2185.404    -573.857       -2185.553    -573.471             216             216
   81         185.526     243.935         185.437     243.626              81              81
  152        -810.805     350.090        -810.825     350.040             152             152
  221        -464.186    1319.175        -464.074    1319.139             221             221
  122         678.318     257.654         678.200     257.381             122             122
  235         131.625     875.641         131.723     875.486             235             235
  127        1161.296     846.349        1161.484     845.973             127             127
  218        -421.507    1373.649        -421.173    1373.800             218             218
   38        1043.051     -20.933        1042.985     -21.155              38              38
  179        1319.255     448.827        1319.543     448.393             179             179
  158        -463.711    1992.181        -462.975    1992.341             158             158
  204           4.819    1904.265           5.454    1904.683             204             204
   95        -204.500   -1826.437        -204.832   -1826.026              95              95
  168        -425.799    -115.087        -425.704    -114.805             168             168
   60        -373.819   -2386.075        -374.362   -2385.982              60              60
   30         635.890    -806.514         635.944    -806.997              30              30
  180       -2498.544    -350.497       -2498.423    -350.286             180             180
  185       -1083.628    2619.454       -1082.933    2619.488             185             185
   48       -2390.379     158.244       -2390.522     158.775              48              48
   45        -579.167    2444.409        -578.908    2444.518              45              45
   52         963.065    1200.099         963.154    1200.050              52              52
  183         874.834     124.257         874.974     124.181             183             183
  118       -2495.196     406.152       -2495.128     406.877             118             118
   19        -376.671     653.306        -376.886     653.407              19              19
  223        2160.993    2644.780        2161.633    2644.472             223             223
  128        -880.928    -317.351        -880.879    -316.603             128             128
  103       -1301.390   -1881.085       -1302.057   -1880.560             103             103
  152        1094.658     143.369        1094.598     143.057             152             152
  202       -1265.290    -506.268       -1265.502    -505.926             202             202
   28         834.594    -163.583         834.436    -163.928              28              28
  210        -160.299     621.613        -160.094     621.540             210             210
  163        -236.292     914.158        -235.998     914.191             163             163
  109       -1073.513    1456.202       -1073.142    1456.691             109             109
  107        -652.109   -1803.580        -652.778   -1803.376             107             107
  129         602.842    1041.237         603.100    1040.841             129             129
  231       -1995.398    1420.206       -1995.115    1420.710             231             231
   87         525.865     912.583         525.922     912.419              87              87
    1       -1331.220    2876.606       -1330.613    2877.214               1               1
  194         655.414    -601.875         655.034    -601.786             194             194
  126       -1032.566    1770.677       -1032.261    1771.131             126             126
  181         114.502    1043.326         114.486    1043.627             181             181
   96         343.956    1803.810         344.205    1804.278              96              96
   74         846.992   -1276.776         846.473   -1276.424              74              74
   20         492.041   -1564.200         491.553   -1564.136              20              20
    8         315.469      63.284         315.512      63.246               8               8
  134        -646.508     528.890        -646.388     529.249             134             134
   51        -143.710    -544.521        -144.006    -544.346              51              51
  188         720.401    1337.673         720.761    1337.678             188             188
   64        -396.742    -777.613        -396.870    -777.256              64              64
   99       -1115.292     976.436       -1114.995     976.966              99              99
  234       -2049.029     302.131       -2049.200     303.103             234             234
  116        -994.250    -359.122        -994.939    -358.462             116             116
   27        1493.194     -62.804        1492.658     -62.841              27              27
   96        1782.349   -1316.069        1781.826   -1316.242              96              96
  136          16.729   -1151.632          16.317   -1151.476             136             136
  250        2323.765    -585.540        2323.755    -586.126             250             250
  224       -1720.201    -295.645       -1720.028    -295.008             224             224
  239        -894.998    -467.983        -895.149    -467.536             239             239
  146       -1847.759   -1126.005       -1848.298   -1125.351             146             146
  171        -931.006    -427.134        -931.586    -426.801             171             171
   11         -43.626    -856.591         -44.417    -856.526              11              11
  101        1920.610   -1169.869        1919.993   -1170.561             101             101
   78        -768.355     536.216        -768.384     536.290              78              78
  121         912.667     701.134         912.579     700.905             121             121
  208        1279.049     213.687        1279.090     213.448             208             208
  207       -1291.204     360.544       -1291.181     361.144             207             207
   96         187.554    -222.733         187.206    -222.500              96              96
   40        -350.315   -1313.349        -351.048   -1313.107              40              40
  208         861.840     254.740         861.514     254.578             208             208
   34        2119.918    -350.485        2119.704    -350.859              34              34
  166        -229.852   -2196.303        -230.539   -2196.189             166             166
  133        1591.059    -413.618        1590.963    -414.307             133             133
  131        -814.821     740.431        -814.527     740.644             131             131
  240         290.312    -179.088         290.213    -179.054             240             240
  154        -697.625    -899.851        -698.000    -899.655             154             154
  140         800.511    1163.986         800.800    1163.840             140             140
  119        -434.691   -1361.755        -435.029   -1361.476             119             119
  205       -1784.582     -62.683       -1784.762     -62.146             205             205
   72        -423.675     -41.250        -424.060     -41.046              72              72
  184        -291.224      -0.039        -291.615       0.225             184             184
   49         262.427   -1345.723         261.626   -1345.720              49              49
   51         589.281     195.451         589.053     195.339              51              51
   44        -331.653   -1101.173        -332.343   -1100.907              44              44
   76        1946.487   -2159.756        1945.649   -2160.490              76              76
  147       -1624.546    -208.023       -1624.810    -207.802             147             147
  181         652.494    -329.486         651.901    -329.870             181             181
   71        1833.680   -1111.174        1833.126   -1112.078              71              71
  116        -106.149     775.029        -106.009     774.654             116             116
  164         592.138    1141.146         592.304    1140.749             164             164
  217         631.385    1390.811         631.699    1390.634             217             217
   31         855.864     186.860         855.960     186.701              31              31
  176        -780.143     581.150        -779.898     581.547             176             176
   62       -1230.312   -1370.643       -1230.911   -1370.278              62              62
  109       -1117.757     626.091       -1117.966     626.221             109             109
   41        -120.801    1515.056        -120.812    1515.145              41              41
   15        -815.287    -463.924        -816.101    -463.576              15              15
   61        2754.222     221.617        2753.838     220.606              61              61
  138         228.058    2345.453         228.740    2345.494             138             138
   55       -1263.607     370.958       -1263.852     371.745              55              55
   14         942.557     499.514         942.249     499.647              14              14
  173        -387.085   -1244.357        -387.944   -1243.866             173             173
  221        1319.118   -1553.115        1318.185   -1553.541             221             221
  148         -38.561     439.438         -38.763     439.352             148             148
   48         329.206     548.655         328.979     548.633              48              48
  206        -846.733     766.583        -847.107     767.173             206             206
   46        1898.424   -1430.635        1897.359   -1430.989              46              46
  188          59.358    -324.174          58.799    -324.117             188             188
   70         105.087    -259.566         104.300    -259.459              70              70
  252        2106.947    -587.947        2106.149    -588.438             252             252
    5         526.353   -1941.332         525.222   -1941.514               5               5
  254        1961.525    -890.137        1960.849    -891.083             254             254
   46        -548.733     863.688        -548.808     863.694              46              46
   56        -578.101    -571.966        -578.980    -571.864              56              56
   43        -817.403     767.568        -818.200     767.780              43              43
  123        1089.127    -507.080        1087.803    -507.466             123             123
  204       -1013.291    1142.024       -1014.292    1142.462             204             204
  224       -1090.393   -2208.901       -1093.307   -2208.610             224             224
  194        -299.112    1570.030        -301.972    1569.935             194             194
   64        -817.630     134.883        -824.415     135.250              64              64
