SINAL     NFT                         FFT                         NFT INVERSA     FFT INVERSA
-----     -----------------------     -----------------------     -----------     -----------
  228       65087.000       0.000       65087.000       0.000             228             228
   36       -2412.355    -263.264       -2412.342    -263.263              36              36
    3        -882.351    -103.112        -882.339    -103.112               3               3
  157         476.733    1129.610         476.747    1129.609             157             157
  144          91.539    -822.803          91.549    -822.805             144             144
   13        -790.401    2464.121        -790.384    2464.121              13              13
   93        1987.692    1615.559        1987.709    1615.557              93              93
   13        -259.393   -1648.097        -259.384   -1648.093              13              13
  243         103.397     109.065         103.410     109.064             243             243
   61         525.843     277.840         525.858     277.839              61              61
  201          28.200   -1670.412          28.204   -1670.414             201             201
   37         176.936      66.502         176.950      66.493              37              37
  185        1602.099    1116.385        1602.128    1116.367             185             185
   52       -1642.220    1575.737       -1642.185    1575.749              52              52
   42       -1175.791     965.460       -1175.769     965.476              42              42
  199        -683.477    -555.953        -683.467    -555.944             199             199
  193       -2136.135     678.014       -2136.123     678.038             193             193
   44         994.630     -36.822         994.631     -36.828              44              44
  104         193.922    -359.178         193.929    -359.178             104             104
  188        -417.713    -535.230        -417.708    -535.228             188             188
   57        -372.675     431.903        -372.666     431.903              57              57
  201         837.665     442.551         837.678     442.540             201             201
  109          91.350    -221.540          91.357    -221.543             109             109
  109         444.371    -370.224         444.378    -370.241             109             109
  197        -574.525    2301.775        -574.486    2301.781             197             197
   51        2146.305     130.904        2146.321     130.879              51              51
   45        -614.748     212.499        -614.724     212.513              45              45
   70         604.113     -12.762         604.130     -12.772              70              70
   66        -273.377     959.659        -273.339     959.665              66              66
  135        -660.110    -470.250        -660.103    -470.239             135             135
   96        -682.448     801.152        -682.431     801.154              96              96
   38        1073.136    2402.277        1073.186    2402.265              38              38
  172         672.139     674.639         672.169     674.653             172             172
   99        1409.219    -549.220        1409.240    -549.230              99              99
  196        -768.217     289.970        -768.167     290.001             196             196
   60       -2007.050    -466.594       -2007.038    -466.538              60              60
  113        -426.681    -189.957        -426.676    -189.941             113             113
   33       -1118.329     -93.462       -1118.322     -93.430              33              33
   73       -1108.277    -662.193       -1108.301    -662.170              73              73
  101        1103.469     817.427        1103.491     817.394             101             101
   94        -943.791     523.152        -943.765     523.185              94              94
   19       -1365.006    -863.010       -1365.043    -862.981              19              19
  138        1686.977    1704.339        1687.013    1704.289             138             138
   24         -12.131     702.943         -12.099     702.958              24              24
   72         -45.778     650.735         -45.755     650.754              72              72
  180         368.443     441.772         368.465     441.779             180             180
  223       -1205.444    1559.580       -1205.412    1559.658             223             223
    9        3807.586   -2411.594        3807.538   -2411.675               9               9
  225       -2314.571     -87.783       -2314.527     -87.720             225             225
   72       -1016.481    1496.546       -1016.445    1496.596              72              72
  198         919.868    -796.935         919.838    -796.929             198             198
   26        -228.408   -1082.098        -228.439   -1082.081              26              26
   17        1631.451    -588.735        1631.457    -588.804              17              17
   52       -1675.098    1371.958       -1675.020    1372.011              52              52
  136       -1488.933     453.915       -1488.937     453.989             136             136
  215         943.088     630.921         943.087     630.931             215             215
  103        -192.136   -1512.108        -192.207   -1512.065             103             103
  181        2632.575   -1462.016        2632.536   -1462.114             181             181
   29        -554.893    -723.782        -554.876    -723.793              29              29
  170        -876.949    1476.171        -876.881    1476.190             170             170
   60        -734.431     588.796        -734.425     588.849              60              60
  125        1155.016   -1494.832        1154.950   -1494.876             125             125
  209        -441.911    1404.098        -441.859    1404.111             209             209
  232         786.221    -464.111         786.186    -464.126             232             232
  225        1215.725    -348.928        1215.714    -348.989             225             225
  149         597.601    1269.072         597.663    1269.050             149             149
   37        1983.493    -340.972        1983.508    -341.047              37              37
   83        1066.369    1522.759        1066.506    1522.737              83              83
  182        -373.969    -800.829        -373.933    -800.774             182             182
  110         714.029   -1318.405         714.064   -1318.454             110             110
  184       -4054.122    2205.583       -4053.968    2205.758             184             184
   21       -1872.243    1011.387       -1872.248    1011.529              21              21
  130        1215.838    -625.909        1215.777    -625.904             130             130
   66        -491.548    -715.533        -491.589    -715.469              66              66
   45         923.800   -1599.616         923.718   -1599.654              45              45
  203         988.656     610.461         988.722     610.422             203             203
  247       -1031.129   -1660.823       -1031.177   -1660.764             247             247
   13          12.094    -630.839          12.074    -630.871              13              13
  213         -32.798     -23.714         -32.775     -23.750             213             213
  216        -415.356     531.473        -415.304     531.464             216             216
   85       -1148.877    1246.418       -1148.817    1246.482              85              85
  155         548.108    -503.940         548.065    -503.963             155             155
  242        1222.254     692.000        1222.324     691.928             242             242
  102         -89.988     241.012         -89.904     241.018             102             102
  208       -1091.418     464.267       -1091.329     464.320             208             208
  123       -1761.717    1045.317       -1761.626    1045.417             123             123
   61       -2428.022    1363.308       -2427.979    1363.481              61              61
   56         756.968     297.572         756.957     297.587              56              56
   48       -1653.838       1.494       -1653.845       1.634              48              48
   91        -605.397     515.362        -605.402     515.450              91              91
  226       -1542.648    -628.115       -1542.753    -627.978             226             226
  108        1389.159     656.761        1389.139     656.738             108             108
  216         210.909   -1444.668         210.826   -1444.627             216             216
  179        -623.837    -387.537        -623.862    -387.481             179             179
   85       -1077.957    -464.127       -1078.021    -464.039              85              85
  186          64.774    -831.622          64.674    -831.620             186             186
   72        -871.131     559.858        -871.164     559.939              72              72
  122        1601.459   -1875.961        1601.293   -1876.046             122             122
   13         -32.178    -277.329         -32.188    -277.356              13              13
  255       -1380.172    -193.218       -1380.223    -193.149             255             255
  233        -416.256    -537.206        -416.388    -537.220             233             233
  197         639.362    2046.239         639.387    2046.207             197             197
   21        2178.316   -1441.321        2178.171   -1441.440              21              21
  108         460.872     665.950         460.904     665.908             108             108
    8          82.269     455.671          82.246     455.700               8               8
   67        2493.393    -714.895        2493.328    -715.027              67              67
   55         537.683   -1518.044         537.619   -1518.111              55              55
  255        -187.960    1348.279        -187.857    1348.271             255             255
   80        -509.970   -1251.196        -510.111   -1251.165              80              80
   12        2474.673      -6.852        2474.641      -7.077              12              12
  215        1173.624    -242.733        1173.660    -242.898             215             215
  165        -158.912    2605.810        -158.695    2605.777             165             165
  168        1333.721    1892.045        1333.909    1892.023             168             168
  202        -965.625    -747.928        -965.626    -747.791             202             202
   11        -172.843     465.180        -172.802     465.233              11              11
  120          30.543   -1022.921          30.477   -1022.908             120             120
   69          85.001     495.532          85.067     495.515              69              69
   73       -1166.400    -237.595       -1166.408    -237.529              73              73
  176        -507.262    2257.916        -507.106    2257.992             176             176
  118       -2390.474   -1351.878       -2390.678   -1351.645             118             118
  164        1506.918     633.244        1506.841     633.134             164             164
  146        -110.567    -181.458        -110.665    -181.434             146             146
  227         921.569     818.227         921.527     818.190             227             227
  125        1462.531   -1268.108        1462.350   -1268.218             125             125
   70        2287.142    1278.552        2287.225    1278.364              70              70
   56        1136.731    -799.890        1136.697    -799.990              56              56
   55        1336.007    1978.583        1336.237    1978.477              55              55
  143       -1767.279     -14.456       -1767.277     -14.268             143             143
  179        1124.970    1264.033        1125.000    1264.000             179             179
   68        1741.190    -448.843        1741.152    -448.910              68              68
  143         260.745    -341.213         260.739    -341.201             143             143
  156         363.278    -119.001         363.254    -119.021             156             156
   10        1227.959     635.848        1228.015     635.768              10              10
  164        -419.393     182.757        -419.410     182.852             164             164
    8        2210.835   -1105.718        2210.693   -1105.901               8               8
   18        2632.297     744.606        2632.444     744.350              18              18
  231         137.405    1665.525         137.673    1665.581             231             231
   63        -132.703   -1391.591        -132.768   -1391.527              63              63
   18         733.523    1504.024         733.700    1503.999              18              18
   55         838.077    -775.719         838.093    -775.719              55              55
   76         128.548    -592.983         128.623    -593.000              76              76
  234       -2679.375    1416.392       -2679.230    1416.654             234             234
  221         939.339     917.806         939.367     917.839             221             221
  244         186.689   -1106.688         186.588   -1106.592             244             244
  180         152.360    -485.509         152.300    -485.448             180             180
  233         840.194   -2156.499         839.979   -2156.573             233             233
  108        1746.700    -792.976        1746.701    -793.257             108             108
  250        -943.496    2560.661        -943.165    2560.723             250             250
   50        -496.270     262.800        -496.252     262.941              50              50
   29        1438.673    -366.311        1438.673    -366.382              29              29
  113        -435.370    -223.940        -435.307    -223.848             113             113
  215        -636.217    -696.826        -636.239    -696.728             215             215
  175       -1312.940   -1581.580       -1313.128   -1581.514             175             175
   84         997.321    1652.155         997.464    1651.993              84              84
   84       -1506.857     620.646       -1506.835     620.824              84              84
  246        1504.868     621.302        1504.891     621.206             246             246
  141       -1647.395    -321.275       -1647.490    -321.069             141             141
  140        1697.248    1023.221        1697.234    1023.121             140             140
  134        2276.387   -2351.136        2276.183   -2351.380             134             134
   64        -383.376    2263.641        -383.079    2263.638              64              64
  208         836.994     527.129         837.096     527.132             208             208
   21       -1460.550    -848.515       -1460.654    -848.336              21              21
  220        1611.093    1131.723        1611.160    1131.557             220             220
  218        1461.317    1007.378        1461.509    1007.302             218             218
  185       -1051.427     326.422       -1051.318     326.645             185             185
  229         182.783    -208.319         182.786    -208.253             229             229
  237       -1138.519     519.202       -1138.468     519.415             237             237
  161        -564.741      48.685        -564.825      48.868             161             161
   37        -370.077    -623.106        -370.327    -622.963              37              37
  255        4017.092    -154.269        4017.021    -154.628             255             255
  217         338.818     251.056         338.943     251.152             217             217
  113         320.549   -2075.351         320.353   -2075.309             113             113
  233        1048.417     744.465        1048.550     744.422             233             233
  182         227.623   -2006.192         227.477   -2006.130             182             182
  102        -183.952    -896.006        -183.996    -895.982             102             102
  158       -1067.289    -852.735       -1067.428    -852.626             158             158
  159        1623.650     148.276        1623.618     148.129             159             159
  210         498.676   -2226.941         498.433   -2226.983             210             210
  153        1970.334   -1985.842        1970.199   -1986.230             153             153
  209       -1180.455     708.353       -1180.273     708.285             209             209
  240          53.127    1879.876          53.340    1879.788             240             240
   10         890.280    1632.295         890.505    1632.257              10              10
  169        -396.084      54.397        -396.052      54.579             169             169
  160        1414.193   -2105.987        1413.997   -2106.154             160             160
   95          41.599     810.119          41.822     810.032              95              95
  253        -173.764    1133.555        -173.480    1133.618             253             253
  150       -3297.277   -1435.511       -3297.454   -1435.122             150             150
  236        -273.537    1288.478        -273.553    1288.447             236             236
  137         959.410    1589.884         959.512    1589.837             137             137
   28        -196.684     416.366        -196.686     416.541              28              28
   44        -531.998    -887.807        -532.257    -887.632              44              44
   90        2004.450    -289.220        2004.275    -289.404              90              90
   49        1750.447   -1200.774        1750.287   -1200.989              49              49
    9         701.908     302.619         701.960     302.500               9               9
   53         804.716     161.798         804.703     161.701              53              53
  235        2435.249     638.915        2435.368     638.649             235             235
  238        1123.216     360.219        1123.391     360.195             238             238
   34        1571.252   -2159.914        1571.187   -2160.111              34              34
  141       -2316.980    1841.715       -2316.643    1842.022             141             141
   20        1343.963   -1310.568        1343.774   -1310.671              20              20
   34        1738.773     108.190        1738.956     107.962              34              34
  102       -1550.448     299.368       -1550.237     299.629             102             102
  133       -1319.770    -782.551       -1319.875    -782.304             133             133
   11        -510.876   -1947.855        -511.243   -1947.867              11              11
   28        1230.536    1870.692        1230.681    1870.481              28              28
  235        2086.749    -661.755        2086.709    -661.964             235             235
  170          60.051   -1189.059          59.999   -1189.119             170             170
  187         208.205     637.589         208.330     637.485             187             187
  190         731.245     271.438         731.318     271.330             190             190
   68        1034.325    -572.823        1034.344    -573.025              68              68
  141        -806.188    1494.583        -805.956    1494.668             141             141
  174        2324.359    -787.923        2324.304    -788.271             174             174
   78         405.435    2171.987         405.901    2171.936              78              78
   54         475.740    -880.785         475.773    -880.832              54              54
   78         123.226    3061.930         123.815    3062.027              78              78
  174        -273.690   -1822.419        -273.804   -1822.192             174             174
   52        -247.605    -673.062        -247.604    -673.020              52              52
  229         580.252     -90.488         580.359     -90.584             229             229
  155          81.329    -158.586          81.490    -158.619             155             155
  190        -512.453     379.654        -512.205     379.717             190             190
    2       -1540.400    -287.705       -1540.321    -287.518               2               2
  200       -1023.595     960.061       -1023.444     960.170             200             200
   24         475.930    1480.373         476.210    1480.400              24              24
   52       -1848.429    -643.084       -1848.494    -642.704              52              52
  209        1137.882     -90.026        1137.898     -90.156             209             209
   78       -1148.217     238.424       -1148.095     238.644              78              78
   31        -287.142    -291.348        -287.169    -291.248              31              31
  192         649.679    -151.050         649.763    -151.090             192             192
  113        -942.007   -1485.895        -942.055   -1485.792             113             113
  173       -2020.596     315.364       -2020.489     315.555             173             173
  212        -873.701      -1.653        -873.721      -1.627             212             212
  147        -887.947    1341.842        -887.740    1341.898             147             147
   19       -2394.415    1315.997       -2394.340    1316.390              19              19
   90         675.976    1078.360         675.983    1078.390              90              90
  159        -546.158    -681.611        -546.335    -681.415             159             159
   47         248.998    -423.811         248.881    -423.845              47              47
   70       -1304.292     556.163       -1304.310     556.390              70              70
   73         574.579   -1843.810         574.139   -1843.991              73              73
  235        1269.962    1514.023        1270.186    1513.636             235             235
    5        -543.933    1999.667        -543.561    1999.732               5               5
  141       -1889.749    1181.587       -1889.679    1181.971             141             141
  121         466.369     239.753         466.202     239.737             121             121
  180        -497.639    1278.363        -497.706    1278.482             180             180
  220        3725.083    1672.373        3725.198    1671.967             220             220
  175        1825.981   -1235.906        1825.922   -1236.081             175             175
    3        1058.259     793.151        1058.608     792.970               3               3
  139        -491.909     829.893        -491.558     829.975             139             139
  228       -1241.937    2716.607       -1241.415    2716.970             228             228
  232        -336.973    -411.253        -337.028    -410.969             232             232
   38        -465.569     570.772        -465.477     570.985              38              38
  162         316.604     311.657         316.704     311.744             162             162
  234       -1622.037     780.225       -1621.891     780.641             234             234
  238       -1398.530     322.206       -1398.648     322.605             238             238
  187         482.132     574.402         482.007     574.491             187             187
   31         882.083    1110.963         882.122    1111.082              31              31
  192        1122.021    -991.101        1121.784    -991.039             192             192
    9        1259.000       0.067        1259.000       0.000               9               9
   62        1121.538     990.981        1121.780     991.041              62              62
  128         882.166   -1111.201         882.124   -1111.082             128             128
  123         481.880    -574.583         482.007    -574.492             123             123
  235       -1398.771    -323.023       -1398.648    -322.609             235             235
   85       -1621.734    -781.082       -1621.888    -780.647              85              85
   14         316.811    -311.835         316.705    -311.744              14              14
  255        -465.379    -571.213        -465.475    -570.988             255             255
  176        -337.086     410.664        -337.028     410.967             176             176
  173       -1240.844   -2717.364       -1241.407   -2716.973             173             173
   47        -491.178    -830.068        -491.558    -829.978              47              47
  246        1058.991    -792.768        1058.611    -792.967             246             246
  247        1825.853    1236.275        1825.919    1236.083             247             247
   26        3725.332   -1671.501        3725.203   -1671.956              26              26
  251        -497.776   -1278.616        -497.703   -1278.483             251             251
  133         466.014    -239.716         466.202    -239.735             133             133
  148       -1889.597   -1182.409       -1889.677   -1181.973             148             148
  176        -543.131   -1999.808        -543.558   -1999.733             176             176
   98        1270.449   -1513.187        1270.189   -1513.633              98              98
   68         573.621    1844.204         574.133    1843.993              68              68
  179       -1304.329    -556.659       -1304.309    -556.393             179             179
  237         248.740     423.887         248.879     423.846             237             237
   40        -546.548     681.180        -546.337     681.414              40              40
  156         675.996   -1078.424         675.986   -1078.389             156             156
   20       -2394.246   -1316.869       -2394.337   -1316.394              20              20
  203        -887.484   -1341.970        -887.737   -1341.900             203             203
  135        -873.744       1.593        -873.721       1.625             135             135
    2       -2020.357    -315.798       -2020.488    -315.561               2               2
  135        -942.118    1485.662        -942.057    1485.789             135             135
  166         649.868     151.142         649.763     151.092             166             166
  195        -287.203     291.120        -287.169     291.247             195             195
  145       -1147.936    -238.927       -1148.093    -238.646             145             145
  228        1137.919      90.323        1137.898      90.156             228             228
   68       -1848.582     642.203       -1848.496     642.699              68              68
   12         476.581   -1480.433         476.213   -1480.399              12              12
  208       -1023.239    -960.317       -1023.440    -960.172             208             208
  153       -1540.214     287.264       -1540.320     287.514             153             153
   26        -511.870    -379.801        -512.202    -379.717              26              26
  208          81.705     158.664          81.489     158.619             208             208
   73         580.507      90.715         580.361      90.585              73              73
  200        -247.603     672.964        -247.604     673.021             200             200
  255        -273.967    1821.880        -273.807    1822.193             255             255
   64         124.643   -3062.161         123.821   -3062.026              64              64
  191         475.819     880.899         475.773     880.833             191             191
   26         406.567   -2171.864         405.907   -2171.937              26              26
   60        2324.222     788.776        2324.301     788.277              60              60
   69        -805.617   -1494.790        -805.952   -1494.669              69              69
  174        1034.370     573.319        1034.343     573.027             174             174
  236         731.424    -271.170         731.318    -271.329             236             236
  167         208.517    -637.330         208.332    -637.483             167             167
  242          59.913    1189.211          59.994    1189.121             242             242
  159        2086.647     662.285        2086.706     661.969             159             159
  148        1230.905   -1870.159        1230.686   -1870.479             148             148
   27        -511.807    1947.883        -511.247    1947.865              27              27
   59       -1320.039     781.922       -1319.876     782.301              59              59
  168       -1549.909    -300.039       -1550.235    -299.634             168             168
  230        1739.242    -107.602        1738.957    -107.959             230             230
  194        1343.475    1310.837        1343.773    1310.674             194             194
  171       -2316.106   -1842.511       -2316.639   -1842.025             171             171
  109        1571.080    2160.428        1571.183    2160.114             109             109
  104        1123.675    -360.153        1123.393    -360.193             104             104
  111        2435.561    -638.212        2435.368    -638.645             111             111
  254         804.684    -161.539         804.705    -161.698             254             254
   77         702.046    -302.303         701.961    -302.499              77              77
  179        1750.018    1201.347        1750.286    1200.989             179             179
   10        2003.978     289.721        2004.274     289.408              10              10
   30        -532.701     887.334        -532.260     887.631              30              30
   77        -196.687    -416.843        -196.685    -416.543              77              77
   37         959.693   -1589.752         959.515   -1589.835              37              37
  238        -273.573   -1288.393        -273.550   -1288.447             238             238
  151       -3297.765    1434.429       -3297.455    1435.116             151             151
  237        -172.970   -1133.730        -173.475   -1133.618             237             237
  238          42.221    -809.877          41.823    -810.032             238             238
  215        1413.631    2106.463        1413.990    2106.158             215             215
  173        -395.994     -54.909        -396.052     -54.579             173             173
    8         890.921   -1632.185         890.508   -1632.255               8               8
   19          53.737   -1879.625          53.343   -1879.788              19              19
  242       -1179.937    -708.160       -1180.274    -708.287             242             242
  183        1969.942    1986.965        1970.196    1986.234             183             183
    0         497.967    2227.067         498.428    2226.986              -0               0
  153        1623.559    -147.844        1623.619    -148.126             153             153
  169       -1067.701     852.409       -1067.430     852.623             169             169
  159        -184.085     895.935        -183.998     895.981             159             159
   46         227.184    2006.008         227.472    2006.129              46              46
  196        1048.814    -744.330        1048.551    -744.419             196             196
  219         319.955    2075.226         320.349    2075.309             219             219
  215         339.198    -251.344         338.946    -251.152             215             215
  171        4016.879     155.370        4017.021     154.638             171             171
  157        -370.840     622.671        -370.328     622.963             157             157
  131        -564.999     -49.252        -564.826     -48.872             131             131
   24       -1138.359    -519.860       -1138.466    -519.416              24              24
    6         182.794     208.111         182.786     208.251               6               6
  242       -1051.086    -327.118       -1051.318    -326.646             242             242
   23        1461.922   -1007.136        1461.510   -1007.299              23              23
   84        1611.309   -1131.191        1611.163   -1131.553              84              84
  165       -1460.884     847.941       -1460.656     848.331             165             165
   33         837.323    -527.136         837.096    -527.131              33              33
  114        -382.410   -2263.636        -383.074   -2263.641             114             114
  243        2275.716    2351.936        2276.177    2351.385             243             243
   71        1697.208   -1022.888        1697.237   -1023.117              71              71
   97       -1647.707     320.596       -1647.490     321.067              97              97
  138        1504.949    -620.976        1504.894    -621.202             138             138
   52       -1506.779    -621.243       -1506.833    -620.828              52              52
   79         997.806   -1651.608         997.469   -1651.990              79              79
   97       -1313.577    1581.356       -1313.130    1581.512              97              97
  226        -636.299     696.491        -636.242     696.725             226             226
   88        -435.156     223.623        -435.308     223.847              88              88
  117        1438.668     366.562        1438.670     366.386             117             117
  212        -496.209    -263.285        -496.252    -262.941             212             212
   15        -942.335   -2560.882        -943.160   -2560.725              15              15
  117        1746.700     793.964        1746.700     793.260             117             117
  110         839.429    2156.763         839.974    2156.575             110             110
  185         152.144     485.291         152.299     485.448             185             185
   20         186.319    1106.347         186.584    1106.593              20              20
  157         939.446    -917.924         939.370    -917.839             157             157
  125       -2678.844   -1417.357       -2679.228   -1416.663             125             125
  240         128.821     593.044         128.622     593.000             240             240
  116         838.135     775.723         838.092     775.721             116             116
   40         734.190   -1503.928         733.706   -1503.996              40              40
  142        -132.950    1391.354        -132.771    1391.527             142             142
  248         138.421   -1665.736         137.677   -1665.582             248             248
   65        2632.855    -743.624        2632.445    -744.344              65              65
  148        2210.289    1106.424        2210.690    1105.906             148             148
  235        -419.458    -183.126        -419.410    -182.855             235             235
   88        1228.180    -635.540        1228.018    -635.766              88              88
  232         363.182     119.079         363.252     119.021             232             232
  145         260.721     341.163         260.738     341.200             145             145
  122        1741.038     449.113        1741.151     448.915             122             122
   91        1125.090   -1263.901        1125.000   -1264.000              91              91
  132       -1767.277      13.679       -1767.278      14.262             132             132
  193        1336.947   -1978.146        1336.239   -1978.475             193             193
  189        1136.587     800.311        1136.695     799.993             189             189
   14        2287.490   -1277.759        2287.227   -1278.359              14              14
  246        1461.763    1268.580        1462.345    1268.222             246             246
   12         921.401    -818.061         921.529    -818.187              12              12
  111        -110.984     181.354        -110.667     181.433             111             111
  216        1506.595    -632.766        1506.843    -633.131             216             216
  101       -2391.362    1350.851       -2390.682    1351.637             101             101
  229        -506.576   -2258.249        -507.103   -2257.993             229             229
  173       -1166.438     237.294       -1166.409     237.524             173             173
  116          85.292    -495.456          85.067    -495.514             116             116
   90          30.242    1022.863          30.474    1022.908              90              90
   27        -172.659    -465.417        -172.801    -465.232              27              27
   45        -965.635     747.293        -965.627     747.786              45              45
  111        1334.583   -1891.934        1333.910   -1892.020             111             111
  184        -157.879   -2605.662        -158.686   -2605.779             184             184
  171        1173.785     243.508        1173.658     242.901             171             171
   95        2474.523       7.925        2474.642       7.083              95              95
   45        -510.650    1251.048        -510.114    1251.165              45              45
  212        -187.458   -1348.248        -187.854   -1348.274             212             212
  237         537.366    1518.377         537.616    1518.114             237             237
   38        2493.064     715.554        2493.324     715.034              38              38
   21          82.158    -455.808          82.246    -455.698              21              21
  130         461.041    -665.736         460.906    -665.908             130             130
   17        2177.574    1441.932        2178.165    1441.446              17              17
  110         639.498   -2046.069         639.391   -2046.205             110             110
  107        -416.933     537.282        -416.390     537.221             107             107
  162       -1380.439     192.855       -1380.224     193.145             162             162
  232         -32.240     277.469         -32.191     277.355             232             232
  199        1600.580    1876.417        1601.289    1876.050             199             199
   38        -871.307    -560.296        -871.163    -559.940              38              38
  170          64.230     831.610          64.672     831.620             170             170
  132       -1078.321     463.636       -1078.025     464.035             132             132
   52        -623.980     387.221        -623.864     387.478              52              52
  160         210.430    1444.444         210.822    1444.628             160             160
  145        1389.049    -656.623        1389.140    -656.736             145             145
  164       -1543.251     627.327       -1542.755     627.975             164             164
  121        -605.425    -515.874        -605.401    -515.453             121             121
  246       -1653.878      -2.314       -1653.845      -1.636             246             246
  137         756.907    -297.662         756.958    -297.588             137             137
   38       -2427.760   -1364.355       -2427.977   -1363.487              38              38
  107       -1761.164   -1045.933       -1761.625   -1045.422             107             107
  227       -1090.875    -464.597       -1091.328    -464.322             227             227
   66         -89.472    -241.049         -89.905    -241.019              66              66
  152        1222.692    -691.546        1222.326    -691.925             152             152
   83         547.833     504.085         548.064     503.962              83              83
  251       -1148.491   -1246.828       -1148.817   -1246.483             251             251
   68        -415.016    -531.416        -415.303    -531.464              68              68
  178         -32.657      23.947         -32.777      23.748             178             178
   41          11.958     631.055          12.073     630.871              41              41
   24       -1031.460    1660.420       -1031.180    1660.761              24              24
  160         989.114    -610.188         988.724    -610.420             160             160
   79         923.220    1599.883         923.714    1599.656              79              79
   45        -491.840     715.077        -491.591     715.466              45              45
   34        1215.399     625.884        1215.775     625.907              34              34
   96       -1872.262   -1012.433       -1872.244   -1011.535              96              96
  155       -4052.987   -2206.886       -4053.964   -2205.767             155             155
  142         714.288    1318.776         714.062    1318.455             142             142
    3        -373.703     800.407        -373.934     800.773               3               3
  132        1067.426   -1522.592        1066.509   -1522.736             132             132
   85        1983.614     341.558        1983.507     341.051              85              85
   41         598.097   -1268.896         597.666   -1269.049              41              41
   46        1215.635     349.416        1215.713     348.989              46              46
  217         785.935     464.244         786.185     464.128             217             217
   94        -441.471   -1404.217        -441.856   -1404.113              94              94
  207        1154.440    1495.214        1154.946    1494.878             207             207
  106        -734.380    -589.265        -734.424    -588.852             106             106
    2        -876.342   -1476.341        -876.878   -1476.192               2               2
   72        -554.744     723.876        -554.876     723.793              72              72
   97        2632.204    1462.921        2632.531    1462.120              97              97
  140        -192.806    1511.712        -192.210    1512.064             140             140
  111         943.088    -630.996         943.089    -630.929             111             111
  204       -1488.964    -454.639       -1488.935    -453.992             204             204
  111       -1674.332   -1372.496       -1675.018   -1372.016             111             111
  178        1631.509     589.428        1631.456     588.807             178             178
  101        -228.736    1081.933        -228.443    1082.081             101             101
  195         919.550     796.888         919.835     796.930             195             195
  173       -1016.082   -1497.086       -1016.440   -1496.600             173             173
  169       -2314.110      87.105       -2314.528      87.718             169             169
  117        3807.017    2412.534        3807.531    2411.684             117             117
  215       -1205.071   -1560.469       -1205.408   -1559.661             215             215
  193         368.691    -441.860         368.464    -441.781             193             193
   22         -45.499    -650.953         -45.753    -650.754              22              22
   38         -11.752    -703.121         -12.099    -702.958              38              38
  239        1687.429   -1703.706        1687.017   -1704.284             239             239
   56       -1365.491     862.619       -1365.047     862.975              56              56
  135        -943.449    -523.583        -943.765    -523.187             135             135
  139        1103.766    -816.991        1103.493    -817.392             139             139
  199       -1108.609     661.874       -1108.302     662.169             199             199
  138       -1118.243      93.008       -1118.322      93.427             138             138
   15        -426.608     189.724        -426.677     189.941              15              15
   28       -2006.886     465.734       -2007.040     466.532              28              28
  180        -767.456    -290.438        -768.167    -290.003             180             180
   62        1409.556     549.389        1409.240     549.234              62              62
  246         672.623    -674.858         672.170    -674.652             246             246
   18        1074.010   -2402.055        1073.191   -2402.263              18              18
   13        -682.137    -801.203        -682.429    -801.156              13              13
   96        -660.007     470.043        -660.105     470.237              96              96
   21        -272.664    -959.789        -273.337    -959.666              21              21
   86         604.439      12.980         604.130      12.775              86              86
  194        -614.255    -212.778        -614.722    -212.513             194             194
  161        2146.617    -130.366        2146.321    -130.874             161             161
  198        -573.645   -2301.899        -574.481   -2301.781             198             198
  142         444.499     370.627         444.376     370.242             142             142
   17          91.517     221.599          91.358     221.543              17              17
  120         837.968    -442.264         837.678    -442.538             120             120
  243        -372.421    -431.909        -372.664    -431.903             243             243
  212        -417.626     535.173        -417.711     535.227             212             212
   38         194.113     359.174         193.928     359.178              38              38
  157         994.668      37.009         994.631      36.829             157             157
   74       -2135.765    -678.793       -2136.122    -678.039              74              74
  253        -683.212     555.592        -683.471     555.941             253             253
   94       -1174.936    -966.076       -1175.766    -965.478              94              94
   96       -1640.796   -1576.271       -1642.181   -1575.755              96              96
   36        1603.346   -1115.573        1602.130   -1116.364              36              36
   78         177.584     -66.061         176.950     -66.492              78              78
  153          28.376    1670.518          28.200    1670.415             153             153
  171         526.710    -277.761         525.859    -277.838             171             171
  218         104.246    -108.980         103.410    -109.063             218             218
   96        -258.882    1647.771        -259.388    1648.091              96              96
   54        1989.236   -1615.266        1987.714   -1615.552              54              54
  233        -788.493   -2464.209        -790.378   -2464.123             233             233
  125          92.851     823.073          91.548     822.806             125             125
  235         479.104   -1129.312         476.749   -1129.608             235             235
   40        -879.338     103.077        -882.340     103.111              40              40
  115       -2405.595     262.612       -2412.344     263.257             115             115
