SINAL     NFT                         FFT                         NFT INVERSA     FFT INVERSA
-----     -----------------------     -----------------------     -----------     -----------
  236       66487.000       0.000       66487.000       0.000             236             236
  135       -1422.947     734.234       -1422.933     734.235             135             135
   51       -1429.057   -1759.452       -1429.046   -1759.450              51              51
  220         964.745   -1136.766         964.756   -1136.769             220             220
   46        -231.335    1632.951        -231.319    1632.951              46              46
  134        1050.955     971.280        1050.972     971.281             134             134
  112        -967.560   -2174.836        -967.553   -2174.830             112             112
   98         470.589     148.712         470.602     148.711              98              98
   13        -361.765   -1270.472        -361.757   -1270.471              13              13
  161        -454.408     202.795        -454.396     202.795             161             161
   31        1447.769    -122.894        1447.786    -122.904              31              31
   50       -2256.271     314.321       -2256.253     314.335              50              50
   34        -592.207   -1459.887        -592.211   -1459.888              34              34
  194         916.151     581.995         916.165     581.976             194             194
  247         958.102    2358.698         958.142    2358.685             247             247
   93       -2407.551     686.388       -2407.527     686.410              93              93
  194       -1360.096    1794.586       -1360.074    1794.605             194             194
  119        -855.490     620.797        -855.487     620.815             119             119
  158        1551.392     179.777        1551.394     179.767             158             158
   11         224.481    1388.057         224.506    1388.066              11              11
  212        -136.723    -765.397        -136.732    -765.383             212             212
  121        2857.471     161.596        2857.487     161.565             121             121
  236       -1825.543     593.470       -1825.521     593.505             236             236
  197        1100.879    -676.559        1100.872    -676.564             197             197
  237         690.320    -244.095         690.328    -244.102             237             237
  189         -85.669     654.182         -85.652     654.190             189             189
  208        1560.606    -292.676        1560.609    -292.693             208             208
  229        1612.689     168.646        1612.716     168.623             229             229
   67        -387.091     421.051        -387.060     421.065              67              67
   24        1399.331    1395.733        1399.380    1395.727              24              24
   47         -36.662   -1218.430         -36.645   -1218.408              47              47
   47       -2840.757    -137.069       -2840.750    -137.006              47              47
  160        2234.905    -611.009        2234.896    -611.047             160             160
   99         464.768     247.610         464.809     247.611              99              99
   11       -1225.522   -1650.422       -1225.529   -1650.394              11              11
  206        -607.722     250.236        -607.700     250.236             206             206
  233       -1105.370     156.498       -1105.360     156.512             233             233
  124          -8.361    1798.121          -8.319    1798.118             124             124
   48        -620.390    1726.437        -620.352    1726.479              48              48
  246         491.836     331.288         491.836     331.315             246             246
   30        1339.444    -845.742        1339.429    -845.748              30              30
   80        -310.297     347.425        -310.281     347.452              80              80
   41        1818.941     711.281        1818.972     711.274              41              41
   64         254.528   -1470.845         254.515   -1470.811              64              64
   19         603.989    -829.981         603.985    -829.967              19              19
   33        1761.706   -2080.398        1761.688   -2080.433              33              33
  158        -158.428   -1025.291        -158.396   -1025.284             158             158
  213       -1414.883   -2670.540       -1414.919   -2670.528             213             213
  153        -272.116    1866.078        -272.027    1866.066             153             153
   61       -1824.321   -2416.489       -1824.381   -2416.453              61              61
  225        -185.889    1954.488        -185.836    1954.460             225             225
  109        1179.785    1282.632        1179.840    1282.611             109             109
  182         737.153    -938.919         737.172    -938.927             182             182
  205       -1295.727   -1179.628       -1295.715   -1179.613             205             205
   51       -1570.052    1824.203       -1569.965    1824.229              51              51
  163       -1241.514     868.371       -1241.479     868.415             163             163
  138        -693.595    1117.670        -693.560    1117.700             138             138
    4        -563.302    2192.552        -563.229    2192.608               4               4
  137        -201.196     637.380        -201.182     637.461             137             137
  206         943.822   -2077.105         943.765   -2077.100             206             206
   29       -2326.692      90.682       -2326.684      90.778              29              29
  185         352.742    -197.174         352.709    -197.178             185             185
  253         -11.144     175.203         -11.144     175.214             253             253
  189         234.020    -142.812         234.015    -142.813             189             189
   28        -690.327     483.253        -690.319     483.286              28              28
    9         636.394     820.508         636.404     820.494               9               9
  139        1362.020    1487.255        1362.081    1487.244             139             139
    6        2202.015    -655.483        2202.045    -655.527               6               6
  133       -1357.867     462.626       -1357.778     462.727             133             133
  188        -257.322    -975.181        -257.323    -975.141             188             188
  253       -1716.350     497.714       -1716.302     497.803             253             253
  164        -610.442    1196.390        -610.386    1196.463             164             164
   13        -538.662     365.691        -538.629     365.796              13              13
   38       -3212.297   -1111.976       -3212.400   -1111.757              38              38
  228        2201.100    -800.177        2200.997    -800.237             228             228
   32         845.085   -1057.215         845.043   -1057.233              32              32
   72         993.312     465.513         993.382     465.496              72              72
  131       -2000.474    -929.355       -2000.493    -929.220             131             131
  246        -359.293     520.766        -359.289     520.827             246             246
  226         744.284    -717.672         744.257    -717.644             226             226
  192        -673.997   -1021.275        -674.015   -1021.191             192             192
  215       -2432.364    -280.745       -2432.401    -280.554             215             215
   79         100.592   -2792.375         100.381   -2792.341              79              79
  118         321.193   -1364.575         321.081   -1364.607             118             118
  165         404.942    -665.278         404.880    -665.307             165             165
  131         477.906   -1359.347         477.824   -1359.389             131             131
   26        -411.169    -483.203        -411.212    -483.207              26              26
   47         591.303   -1043.216         591.225   -1043.289              47              47
  135         -42.952    1113.581         -42.911    1113.564             135             135
  163        1156.186    -765.948        1156.134    -766.007             163             163
  254         404.397    -588.357         404.378    -588.408             254             254
  164         963.282     835.641         963.380     835.572             164             164
   92       -2517.895     297.809       -2517.878     297.990              92              92
  251        1396.684   -1819.258        1396.546   -1819.347             251             251
   98        -771.854    -506.899        -771.890    -506.935              98              98
  121         418.466    2411.301         418.586    2411.234             121             121
    5        -290.971    1731.465        -290.906    1731.542               5               5
  237        2664.595    -857.398        2664.551    -857.515             237             237
  127        -502.391    1163.725        -502.259    1163.798             127             127
  139         -88.240    -608.734         -88.255    -608.675             139             139
  170         171.092     976.866         171.196     976.928             170             170
  124       -1542.823   -1872.949       -1542.927   -1872.782             124             124
   47        -724.214    -833.620        -724.299    -833.576              47              47
  184        -698.046     861.426        -698.048     861.508             184             184
  163        1094.915   -1390.223        1094.778   -1390.232             163             163
   19         545.535   -2922.272         545.355   -2922.366              19              19
  216       -1036.107    1912.755       -1035.980    1912.755             216             216
  235         345.558     336.444         345.568     336.427             235             235
  150       -1367.671    1067.928       -1367.624    1068.051             150             150
  206        -716.332    1657.436        -716.308    1657.611             206             206
  205         249.497   -2713.019         249.190   -2712.921             205             205
   87        2010.791   -2210.636        2010.573   -2210.796              87              87
  166         -60.111    -100.438         -60.161    -100.477             166             166
   29        1436.186    -445.377        1436.101    -445.512              29              29
  206         763.095    1021.952         763.132    1021.900             206             206
   75        1840.205    -623.666        1840.142    -623.772              75              75
  161        1037.456     398.054        1037.506     398.020             161             161
  232         184.175   -1758.438         184.027   -1758.420             232             232
  122        2203.931   -1293.879        2203.821   -1294.094             122             122
   41        2638.955    -256.674        2639.035    -256.950              41              41
  139        -787.406     412.607        -787.283     412.597             139             139
  120        1967.787    1403.230        1967.977    1403.054             120             120
  206         225.063     342.726         225.246     342.712             206             206
  232       -1478.582    1445.310       -1478.362    1445.455             232             232
  116        -754.040     859.398        -753.921     859.555             116             116
   48        -913.884   -1309.144        -913.966   -1309.014              48              48
   97         200.892     923.831         201.009     923.862              97              97
  121       -1570.830   -1456.832       -1570.909   -1456.670             121             121
   30       -1385.040     835.876       -1385.000     836.000              30              30
  225       -1167.781     528.011       -1167.834     528.188             225             225
    4        1372.339   -1202.433        1372.160   -1202.502               4               4
  200         962.237    1373.895         962.368    1373.881             200             200
   93         142.359    -260.283         142.387    -260.131              93              93
   52        -351.398   -2808.973        -351.585   -2808.837              52              52
  128       -1412.083   -2581.926       -1412.295   -2581.839             128             128
    0          -8.050    -438.418          -8.071    -438.488              -0              -0
   72       -3055.924    -812.029       -3056.039    -811.815              72              72
   89       -1469.380     107.011       -1469.568     107.099              89              89
  236        1567.124   -1151.868        1566.848   -1152.074             236             236
  222        1181.312    1112.978        1181.336    1112.812             222             222
   40        1259.841     150.267        1259.845     150.153              40              40
  186        -703.590     -97.274        -703.617     -97.219             186             186
   54         164.223     148.146         164.168     148.116              54              54
  206          31.888     348.184          31.834     348.180             206             206
  216        1225.724      74.470        1225.667      74.360             216             216
    4        -101.342     760.329        -101.330     760.378               4               4
   25        1159.544    -784.111        1159.395    -784.178              25              25
  121        1217.456    -413.149        1217.393    -413.275             121             121
  236         334.606     698.178         334.649     698.170             236             236
  148        1492.054   -1035.313        1491.957   -1035.424             148             148
  162          32.761   -1327.905          32.669   -1327.987             162             162
  120        -573.003    1751.550        -572.846    1751.541             120             120
   13       -1129.089    1069.293       -1129.115    1069.468              13              13
  113        1902.817    -817.296        1902.582    -817.425             113             113
   97        1713.379    -808.368        1713.223    -808.570              97              97
  129        2928.277     982.100        2928.422     981.771             129             129
  161       -1162.340    1110.721       -1162.211    1110.888             161             161
  195        2259.448      43.971        2259.409      43.824             195             195
  251        1541.547     620.027        1541.663     619.998             251             251
  191        1115.415   -2518.089        1115.241   -2518.136             191             191
  164        1055.609    -505.547        1055.683    -505.694             164             164
    0       -1060.399    -967.588       -1060.408    -967.544              -0              -0
  136        -704.430     617.003        -704.387     616.995             136             136
    2         549.325    1605.884         549.437    1605.857               2               2
   53        1832.939    -901.389        1832.883    -901.533              53              53
    9        -806.290     462.475        -806.183     462.578               9               9
    3        -306.057    -104.240        -306.109    -104.152               3               3
  125        1215.804    -495.731        1215.747    -495.806             125             125
   98       -1636.592   -1978.162       -1636.881   -1978.019              98              98
  240        2201.974    -514.221        2201.798    -514.616             240             240
   92        1957.242    1558.432        1957.444    1558.102              92              92
  138         145.240    1769.723         145.480    1769.721             138             138
  170         461.290     241.404         461.293     241.410             170             170
  146        1522.478     346.600        1522.501     346.446             146             146
   89        1825.700    2266.537        1826.017    2266.470              89              89
  131        1107.692   -2350.669        1107.549   -2350.669             131             131
  150         509.933    -111.540         510.058    -111.614             150             150
  114        -309.064     365.094        -308.912     365.156             114             114
  253        -737.615    -208.726        -737.619    -208.584             253             253
  131        1213.148   -1332.598        1213.026   -1332.762             131             131
    6        -399.231     821.715        -399.063     821.709               6               6
  160        -996.097     311.787        -996.099     311.912             160             160
  252         783.648     108.895         783.564     108.799             252             252
   19        1734.379     968.400        1734.466     968.222              19              19
   17        1804.241     247.096        1804.349     246.952              17              17
   93         762.059    -707.833         762.111    -707.928              93              93
  149        -561.858    2298.227        -561.524    2298.366             149             149
  178        1745.382   -1420.587        1745.265   -1420.692             178             178
   33        1100.121     511.905        1100.355     511.802              33              33
  145          17.337    -256.823          17.511    -256.776             145             145
  114       -1318.255    -154.669       -1318.142    -154.509             114             114
  198        -593.605    1324.983        -593.392    1325.094             198             198
  146        -865.826    1204.998        -865.682    1205.285             146             146
  250         705.460   -1686.226         705.246   -1686.180             250             250
  200          93.250     826.132          93.400     826.231             200             200
  199         382.531   -2017.052         382.340   -2017.016             199             199
    3          60.462     653.160          60.649     653.205               3               3
  204        -916.587   -1434.670        -916.686   -1434.482             204             204
   68       -1147.066    -158.382       -1147.089    -158.211              68              68
  102        -352.199    -597.555        -352.324    -597.467             102             102
  188        -477.467    -587.862        -477.617    -587.772             188             188
  160         282.918    -637.899         282.748    -637.925             160             160
  241          -4.668    -282.161          -4.829    -282.141             241             241
  102        2975.342   -1201.266        2975.181   -1201.669             102             102
   51         121.842    -572.422         121.899    -572.519              51              51
   74        -757.126     286.096        -757.081     286.131              74              74
  234        1623.306     105.597        1623.336     105.352             234             234
  201          22.292    -208.873          22.336    -208.931             201             201
  188        1251.543    1165.412        1251.819    1165.220             188             188
  231       -1666.807     407.735       -1666.692     407.994             231             231
   77        1590.418    1680.848        1590.682    1680.779              77              77
  195        -369.569   -1382.308        -369.627   -1382.066             195             195
  135        -785.687   -2248.578        -785.935   -2248.490             135             135
   73        -802.260     322.665        -802.238     322.671              73              73
  215         213.012    1058.648         213.106    1058.653             215             215
  152         626.324    -760.754         626.218    -760.747             152             152
  167         133.237   -2270.306         132.947   -2270.427             167             167
  109         228.980    1704.839         229.243    1704.682             109             109
   74         509.667      33.917         509.738      33.836              74              74
  201        -562.362     300.622        -562.241     300.656             201             201
  255       -2026.489    1232.671       -2026.426    1232.970             255             255
  188        2100.982     259.028        2100.883     258.783             188             188
  143        1092.318     421.418        1092.426     421.302             143             143
  145         249.340     265.892         249.436     265.881             145             145
  183         484.070    1419.701         484.324    1419.714             183             183
   88          46.627     330.894          46.695     331.047              88              88
   89        1617.027     218.601        1617.150     218.533              89              89
  187        -925.276    -440.498        -925.265    -440.193             187             187
   36        2173.054   -1247.507        2173.004   -1247.751              36              36
  158       -1616.374      70.028       -1616.187      70.294             158             158
   33        -326.566     386.927        -326.470     387.079              33              33
  224         -57.579    -950.199         -57.659    -950.104             224             224
   62       -1543.924     376.426       -1543.919     376.728              62              62
   19        1925.483     175.530        1925.478     175.401              19              19
   70          24.225   -1027.498          24.162   -1027.334              70              70
  113         820.880   -1623.711         820.758   -1623.800             113             113
   93        -719.153    1472.154        -718.785    1472.423              93              93
   49       -1004.101   -3321.533       -1004.596   -3321.205              49              49
   59        1232.656   -1852.512        1232.424   -1852.773              59              59
   26         139.969    -846.620         140.048    -846.740              26              26
   24       -2061.213   -1121.166       -2061.268   -1120.984              24              24
  136        -704.177    1071.646        -704.015    1071.693             136             136
  222        -493.113    -489.123        -493.184    -488.984             222             222
  159        -372.817   -1498.687        -373.022   -1498.646             159             159
  210        -595.286    -981.974        -595.363    -982.009             210             210
  182       -2995.586     -34.493       -2995.686     -34.162             182             182
   55         101.329     534.599         101.175     534.509              55              55
  122         668.822     119.973         668.729     119.864             122             122
   35        -457.948    -451.349        -458.118    -451.281              35              35
  130         564.505    -385.793         564.324    -385.912             130             130
   67         409.058   -1043.938         408.796   -1044.101              67              67
   34        1476.420    -154.172        1476.383    -154.590              34              34
   63         324.994    1210.637         325.262    1210.480              63              63
  210         366.736     305.433         366.875     305.349             210             210
  180       -1018.807     980.927       -1018.627     981.138             180             180
  246         631.342    -955.379         631.174    -955.452             246             246
   42        -565.000      -0.028        -565.000       0.000              42              42
   14         631.002     955.531         631.172     955.456              14              14
  178       -1018.441    -981.357       -1018.625    -981.140             178             178
   78         367.017    -305.260         366.874    -305.347              78              78
  172         325.541   -1210.317         325.264   -1210.479             172             172
  211        1476.346     155.033        1476.384     154.596             211             211
   47         408.517    1044.274         408.793    1044.102              47              47
  234         564.132     386.039         564.322     385.914             234             234
  231        -458.301     451.209        -458.119     451.282             231             231
  118         668.630    -119.743         668.729    -119.861             118             118
   92         101.010    -534.413         101.176    -534.510              92              92
   69       -2995.797      33.794       -2995.688      34.156              69              69
  167        -595.452     982.046        -595.365     982.008             167             167
  152        -373.252    1498.600        -373.025    1498.646             152             152
   96        -493.263     488.827        -493.184     488.982              96              96
  191        -703.828   -1071.746        -704.012   -1071.693             191             191
   33       -2061.331    1120.774       -2061.268    1120.981              33              33
   62         140.137     846.881         140.048     846.742              62              62
   94        1232.152    1853.076        1232.421    1852.775              94              94
  243       -1005.181    3320.822       -1004.604    3321.203             243             243
  244        -718.351   -1472.738        -718.782   -1472.423             244             244
  150         820.610    1623.903         820.755    1623.800             150             150
  110          24.084    1027.139          24.160    1027.333             110             110
   24        1925.474    -175.243        1925.479    -175.397              24              24
   24       -1543.912    -377.094       -1543.918    -376.729              24              24
  177         -57.761     949.988         -57.663     950.103             177             177
   59        -326.351    -387.269        -326.469    -387.081              59              59
   88       -1615.954     -70.630       -1616.187     -70.299              88              88
  132        2172.939    1248.060        2173.002    1247.755             132             132
  240        -925.250     439.805        -925.265     440.189             240             240
   79        1617.304    -218.444        1617.150    -218.531              79              79
  175          46.782    -331.241          46.696    -331.046             175             175
  254         484.653   -1419.733         484.326   -1419.716             254             254
    1         249.564    -265.867         249.438    -265.881               1               1
  254        1092.567    -421.147        1092.427    -421.300             254             254
  170        2100.756    -258.452        2100.885    -258.778             170             170
  213       -2026.341   -1233.370       -2026.425   -1232.973             213             213
   45        -562.075    -300.703        -562.238    -300.657              45              45
  149         509.834     -33.725         509.739     -33.836             149             149
  188         229.608   -1704.468         229.248   -1704.681             188             188
  163         132.544    2270.594         132.943    2270.428             163             163
  242         626.069     760.741         626.215     760.749             242             242
    1         213.242   -1058.661         213.109   -1058.654               1               1
   75        -802.207    -322.682        -802.238    -322.672              75              75
  138        -786.290    2248.363        -785.939    2248.488             138             138
   97        -369.714    1381.719        -369.629    1382.065              97              97
   10        1591.065   -1680.675        1590.685   -1680.776              10              10
  171       -1666.527    -408.372       -1666.693    -407.996             171             171
  160        1252.226   -1164.935        1251.822   -1165.218             160             160
  105          22.401     209.018          22.336     208.932             105             105
  159        1623.380    -104.984        1623.336    -105.349             159             159
  148        -757.012    -286.186        -757.079    -286.133             148             148
  255         121.985     572.665         121.899     572.519             255             255
   14        2974.933    1202.293        2975.179    1201.677              14              14
  173          -5.078     282.109          -4.830     282.139             173             173
   24         282.482     637.967         282.745     637.927              24              24
  192        -477.851     587.630        -477.618     587.772             192             192
  232        -352.524     597.326        -352.326     597.465             232             232
  112       -1147.127     157.936       -1147.090     158.209             112             112
   68        -916.851    1434.180        -916.690    1434.481              68              68
  217          60.953    -653.278          60.651    -653.206             217             217
  192         382.027    2016.956         382.337    2017.015             192             192
  244          93.649    -826.394          93.402    -826.232             244             244
  215         704.891    1686.105         705.242    1686.182             215             215
  193        -865.439   -1205.765        -865.681   -1205.286             193             193
  243        -593.024   -1325.284        -593.387   -1325.096             243             243
  130       -1317.951     154.229       -1318.142     154.505             130             130
  150          17.809     256.694          17.511     256.775             150             150
   33        1100.759    -511.620        1100.356    -511.800              33              33
   24        1745.056    1420.881        1745.262    1420.695              24              24
   82        -560.927   -2298.612        -561.517   -2298.367              82              82
  197         762.201     708.096         762.109     707.929             197             197
   10        1804.541    -246.689        1804.349    -246.948              10              10
   84        1734.625    -967.891        1734.468    -968.217              84              84
   16         783.412    -108.623         783.564    -108.798              16              16
  149        -996.100    -312.142        -996.098    -311.914             149             149
  181        -398.750    -821.702        -399.061    -821.711             181             181
   27        1212.796    1333.074        1213.023    1332.764              27              27
   65        -737.627     208.315        -737.619     208.582              65              65
   86        -308.623    -365.273        -308.911    -365.156              86              86
  132         510.297     111.759         510.058     111.615             132             132
  224        1107.265    2350.676        1107.545    2350.673             224             224
  235        1826.643   -2266.333        1826.023   -2266.466             235             235
  132        1522.548    -346.141        1522.503    -346.443             132             132
  238         461.299    -241.420         461.293    -241.408             238             238
  152         145.966   -1769.722         145.485   -1769.723             152             152
  156        1957.855   -1557.430        1957.448   -1558.097             156             156
  174        2201.437     515.425        2201.795     514.622             174             174
  129       -1637.477    1977.722       -1636.884    1978.017             129             129
   13        1215.625     495.963        1215.744     495.807              13              13
  243        -306.218     103.969        -306.110     104.153             243             243
   90        -805.953    -462.800        -806.181    -462.580              90              90
  205        1832.760     901.844        1832.881     901.537             205             205
  232         549.682   -1605.799         549.441   -1605.857             232             232
   50        -704.294    -616.980        -704.386    -616.996              50              50
  142       -1060.428     967.446       -1060.409     967.542             142             142
  219        1055.848     506.019        1055.684     505.695             219             219
  181        1114.839    2518.244        1115.234    2518.138             181             181
   37        1541.925    -619.924        1541.664    -619.993              37              37
  253        2259.321     -43.481        2259.410     -43.819             253             253
  205       -1161.914   -1111.273       -1162.210   -1110.890             205             205
  120        2928.758    -981.001        2928.424    -981.764             120             120
  194        1712.858     809.049        1713.222     808.576             194             194
  216        1902.026     817.731        1902.578     817.429             216             216
  204       -1129.178   -1069.887       -1129.114   -1069.471             204             204
  210        -572.469   -1751.523        -572.844   -1751.544             210             210
  109          32.442    1328.188          32.666    1327.989             109             109
  130        1491.718    1035.701        1491.954    1035.428             130             130
  237         334.759    -698.148         334.652    -698.169             237             237
  174        1217.235     413.594        1217.391     413.278             174             174
  216        1159.019     784.349        1159.392     784.181             216             216
  114        -101.301    -760.503        -101.331    -760.379             114             114
  143        1225.523     -74.079        1225.667     -74.358             143             143
  195          31.694    -348.172          31.834    -348.180             195             195
  246         164.022    -148.037         164.167    -148.115             246             246
  125        -703.691      97.071        -703.619      97.217             125             125
   91        1259.856    -149.845        1259.845    -150.150              91              91
  146        1181.400   -1112.363        1181.337   -1112.809             146             146
   44        1566.092    1152.634        1566.844    1152.077              44              44
  221       -1470.084    -107.348       -1469.570    -107.103             221             221
  160       -3056.356     811.217       -3056.039     811.810             160             160
   32          -8.134     438.682          -8.072     438.487              32              32
   56       -1412.900    2581.589       -1412.301    2581.836              56              56
  110        -352.126    2808.451        -351.592    2808.836             110             110
    9         142.466     259.695         142.386     260.131               9               9
  106         962.753   -1373.835         962.371   -1373.879             106             106
  253        1371.630    1202.706        1372.157    1202.504             253             253
  229       -1167.993    -528.713       -1167.833    -528.190             229             229
   31       -1384.879    -836.372       -1385.000    -836.000              31              31
   34       -1571.160    1456.167       -1570.913    1456.667              34              34
  226         201.370    -923.957         201.010    -923.863             226             226
  237        -914.228    1308.599        -913.969    1309.010             237             237
  154        -753.549    -860.049        -753.921    -859.556             154             154
  165       -1477.652   -1445.926       -1478.357   -1445.459             165             165
  197         225.827    -342.667         225.245    -342.712             197             197
  103        1968.603   -1402.474        1967.982   -1403.049             103             103
  119        -786.878    -412.567        -787.282    -412.597             119             119
   50        2639.295     257.889        2639.034     256.959              50              50
  233        2203.443    1294.823        2203.817    1294.098             233             233
  101         183.517    1758.362         184.023    1758.421             101             101
  224        1037.679    -397.899        1037.506    -398.018             224             224
  193        1839.923     624.148        1840.141     623.777             193             193
  216         763.265   -1021.718         763.133   -1021.899             216             216
  112        1435.794     446.001        1436.098     445.518             112             112
  133         -60.340     100.615         -60.162     100.477             133             133
  206        2009.760    2211.384        2010.566    2210.800             206             206
  237         248.044    2712.560         249.181    2712.920             237             237
  224        -716.207   -1658.266        -716.304   -1657.613             224             224
   97       -1367.445   -1068.516       -1367.623   -1068.053              97              97
   26         345.604    -336.363         345.568    -336.426              26              26
  190       -1035.485   -1912.764       -1035.977   -1912.759             190             190
    2         544.633    2922.730         545.346    2922.368               2               2
   59        1094.241    1390.274        1094.778    1390.234              59              59
  246        -698.053    -861.844        -698.047    -861.512             246             246
  112        -724.647     833.387        -724.302     833.572             112             112
   69       -1543.358    1872.094       -1542.930    1872.777              69              69
   97         171.628    -977.182         171.197    -976.927              97              97
  109         -88.317     608.425         -88.255     608.673             109             109
   42        -501.695   -1164.113        -502.256   -1163.800              42              42
  128        2664.356     858.025        2664.547     857.521             128             128
  144        -290.617   -1731.879        -290.904   -1731.543             144             144
   12         419.134   -2410.937         418.591   -2411.233              12              12
  110        -772.056     507.085        -771.892     506.932             110             110
   42        1395.906    1819.756        1396.541    1819.349              42              42
  177       -2517.800    -298.827       -2517.878    -297.994             177             177
   51         963.836    -835.239         963.381    -835.568              51              51
  145         404.283     588.652         404.377     588.410             145             145
   41        1155.871     766.294        1156.128     766.009              41              41
  102         -42.706   -1113.486         -42.909   -1113.565             102             102
  123         590.825    1043.653         591.220    1043.290             123             123
  143        -411.431     483.215        -411.213     483.204             143             143
   71         477.399    1359.596         477.819    1359.388              71              71
   60         404.564     665.459         404.879     665.308              60              60
  104         320.488    1364.767         321.076    1364.606             104             104
  183          99.257    2792.159         100.374    2792.339             183             183
  193       -2432.610     279.525       -2432.406     280.547             193             193
   54        -674.119    1020.735        -674.018    1021.190              54              54
  164         744.094     717.501         744.253     717.646             164             164
  162        -359.266    -521.174        -359.288    -520.830             162             162
  152       -2000.604     928.440       -2000.495     929.214             152             152
  191         993.783    -465.389         993.382    -465.493             191             191
   97         844.784    1057.343         845.039    1057.235              97              97
  154        2200.380     800.605        2200.995     800.241             154             154
  251       -3213.024    1110.412       -3212.403    1111.746             251             251
   87        -538.428    -366.439        -538.627    -365.797              87              87
   10        -610.027   -1196.923        -610.382   -1196.466              10              10
   64       -1715.997    -498.380       -1716.300    -497.809              64              64
  184        -257.330     974.874        -257.323     975.137             184             184
  120       -1357.197    -463.392       -1357.778    -462.730             120             120
  107        2202.239     655.832        2202.044     655.532             107             107
   57        1362.499   -1487.161        1362.084   -1487.241              57              57
    8         636.474    -820.400         636.406    -820.494               8               8
  119        -690.264    -483.511        -690.318    -483.285             119             119
  167         233.968     142.832         234.013     142.814             167             167
   50         -11.148    -175.297         -11.144    -175.214              50              50
   41         352.470     197.196         352.709     197.176              41              41
  218       -2326.622     -91.515       -2326.684     -90.781             218             218
  196         943.297    2077.069         943.758    2077.101             196             196
   83        -201.068    -638.105        -201.182    -637.462              83              83
   64        -562.633   -2193.071        -563.225   -2192.611              64              64
   63        -693.262   -1117.944        -693.558   -1117.700              63              63
  227       -1241.190    -868.799       -1241.479    -868.418             227             227
  135       -1569.208   -1824.476       -1569.961   -1824.234             135             135
  124       -1295.617    1179.461       -1295.717    1179.607             124             124
   75         737.332     939.002         737.170     938.929              75              75
   62        1180.347   -1282.407        1179.842   -1282.608              62              62
   62        -185.319   -1954.199        -185.831   -1954.460              62              62
  130       -1824.973    2416.093       -1824.388    2416.448             130             130
  227        -271.162   -1865.953        -272.025   -1866.067             227             227
  225       -1415.326    2670.379       -1414.926    2670.523             225             225
   26        -158.082    1025.207        -158.398    1025.283              26              26
  163        1761.488    2080.800        1761.685    2080.435             163             163
   66         603.941     829.831         603.983     829.969              66              66
  180         254.348    1470.427         254.510    1470.809             180             180
  159        1819.326    -711.179        1818.973    -711.270             159             159
  153        -310.092    -347.786        -310.280    -347.458             153             153
  191        1339.259     845.831        1339.429     845.751             191             191
  224         491.829    -331.660         491.837    -331.316             224             224
   82        -619.854   -1727.003        -620.348   -1726.480              82              82
   55          -7.743   -1798.100          -8.312   -1798.121              55              55
   75       -1105.226    -156.705       -1105.360    -156.514              75              75
  139        -607.400    -250.265        -607.700    -250.240             139             139
   63       -1225.640    1649.985       -1225.533    1650.392              63              63
  194         465.407    -247.633         464.810    -247.611             194             194
   50        2234.763     611.621        2234.897     611.049              50              50
  114       -2840.640     135.942       -2840.750     136.996             114             114
  236         -36.388    1218.048         -36.647    1218.407             236             236
   13        1400.251   -1395.623        1399.385   -1395.725              13              13
   55        -386.513    -421.283        -387.059    -421.064              55              55
   64        1613.211    -168.190        1612.715    -168.620              64              64
   78        1560.656     293.036        1560.608     292.696              78              78
  119         -85.310    -654.342         -85.651    -654.191             119             119
   35         690.486     244.264         690.328     244.104              35              35
  214        1100.709     676.690        1100.870     676.565             214             214
  243       -1824.990    -594.344       -1825.518    -593.510             243             243
  111        2857.864    -160.788        2857.487    -161.560             111             111
   21        -136.959     765.020        -136.733     765.383              21              21
   50         225.158   -1388.307         224.507   -1388.067              50              50
  241        1551.449    -179.461        1551.394    -179.765             241             241
  249        -855.411    -621.388        -855.488    -620.819             249             249
   19       -1359.374   -1795.192       -1360.073   -1794.605              19              19
   11       -2406.722    -687.247       -2407.526    -686.418              11              11
  156         959.636   -2358.222         958.148   -2358.683             156             156
   86         916.721    -581.220         916.167    -581.974              86              86
  192        -592.408    1459.897        -592.214    1459.886             192             192
   60       -2255.415    -315.065       -2256.253    -314.341              60              60
  240        1448.578     123.462        1447.784     122.908             240             240
  127        -453.662    -202.796        -454.393    -202.797             127             127
   28        -361.282    1270.404        -361.759    1270.471              28              28
   66         471.601    -148.545         470.603    -148.709              66              66
  182        -967.087    2174.300        -967.557    2174.829             182             182
  103        1052.703    -971.317        1050.975    -971.279             103             103
  205        -229.143   -1632.937        -231.315   -1632.951             205             205
  245         966.450    1137.300         964.752    1136.771             245             245
   42       -1426.426    1758.749       -1429.051    1759.446              42              42
    0       -1415.619    -735.013       -1422.933    -734.239               0              -0
