SINAL     NFT                         FFT                         NFT INVERSA     FFT INVERSA
-----     -----------------------     -----------------------     -----------     -----------
   78       65127.000       0.000       65127.000       0.000              78              78
  112       -1656.439   -1597.470       -1656.426   -1597.470             112             112
  240           2.772    1010.509           2.786    1010.508             240             240
  144       -1934.835     997.763       -1934.820     997.765             144             144
   26        -582.076     889.087        -582.062     889.088              26              26
  232       -2022.873    1852.022       -2022.857    1852.029             232             232
   22         545.192     664.671         545.204     664.673              22              22
   96        -894.215     111.664        -894.202     111.669              96              96
  167       -1633.493     808.784       -1633.483     808.794             167             167
  145        1211.454     506.062        1211.461     506.060             145             145
   36        1824.960    1233.335        1824.980    1233.331              36              36
   92        -834.948    -450.801        -834.936    -450.787              92              92
   52        -158.616    -584.755        -158.609    -584.749              52              52
  103         142.445    1263.401         142.466    1263.407             103             103
   54         597.682     -68.301         597.696     -68.291              54              54
   45       -1672.859   -1356.542       -1672.856   -1356.516              45              45
   84        -217.115   -1003.888        -217.119   -1003.878              84              84
   23        -417.451    -613.376        -417.451    -613.362              23              23
  109        -495.249   -2060.245        -495.271   -2060.234             109             109
   68         492.386   -1073.588         492.376   -1073.598              68              68
  110          16.500    -110.073          16.498    -110.075             110             110
  191         860.911    -670.120         860.900    -670.129             191             191
  160        2085.327    -918.695        2085.319    -918.724             160             160
   41        1711.355    -813.353        1711.366    -813.381              41              41
    9        -708.228    -940.178        -708.226    -940.181               9               9
   32        1691.819    1831.343        1691.862    1831.314              32              32
   54        -135.899    -767.539        -135.891    -767.528              54              54
  105         213.791   -1091.477         213.786   -1091.485             105             105
   65        1298.455     551.632        1298.485     551.604              65              65
  163         341.725    -548.869         341.744    -548.879             163             163
  200        -293.270     456.802        -293.238     456.804             200             200
  143         313.904    -372.317         313.925    -372.327             143             143
   19        -972.220    1382.542        -972.165    1382.567              19              19
  184       -1555.913   -1083.447       -1555.931   -1083.411             184             184
   32         143.537    1862.805         143.567    1862.813              32              32
   45        1716.231   -1022.882        1716.214   -1022.893              45              45
  160        1879.605   -1531.485        1879.610   -1531.525             160             160
   54       -1414.090    -102.767       -1414.046    -102.737              54              54
  141       -1687.588   -1533.834       -1687.610   -1533.804             141             141
   72        -696.647     326.643        -696.645     326.640              72              72
  199         936.348     680.337         936.367     680.311             199             199
  178         878.703   -1005.222         878.702   -1005.251             178             178
  164        -527.865     888.983        -527.809     888.988             164             164
  252       -1367.080    -671.222       -1367.082    -671.191             252             252
   25       -1411.632     901.051       -1411.623     901.085              25              25
  218        1045.844   -1236.802        1045.791   -1236.848             218             218
   42         562.801    1622.017         562.845    1621.973              42              42
  110        1805.440    2365.152        1805.533    2365.119             110             110
  241       -1111.946    -501.126       -1111.938    -501.059             241             241
  151         247.265    -399.606         247.251    -399.607             151             151
  179         821.619     584.340         821.643     584.318             179             179
   96        1361.987     501.945        1362.031     501.915              96              96
   86       -1303.771     755.807       -1303.737     755.878              86              86
   83        3139.382    -472.198        3139.387    -472.274              83              83
  137         464.452     856.646         464.550     856.675             137             137
   96        -299.425   -3148.467        -299.472   -3148.436              96              96
  116        -224.331     597.982        -224.241     597.984             116             116
  192       -3188.719   -1154.348       -3188.735   -1154.223             192             192
  201         592.464   -1544.457         592.411   -1544.507             201             201
  182       -2067.420     751.196       -2067.395     751.238             182             182
   99        1490.129    1106.187        1490.165    1106.130              99              99
  145        -306.944      27.416        -306.917      27.444             145             145
   69        -739.480      84.517        -739.478      84.559              69              69
  118        1889.820    -801.475        1889.815    -801.547             118             118
   74       -1031.819     541.235       -1031.746     541.280              74              74
  102       -1275.226    -761.222       -1275.251    -761.163             102             102
  163        -238.439   -1052.366        -238.501   -1052.394             163             163
  234        1338.139    2330.008        1338.249    2329.935             234             234
  157        -497.164    -557.997        -497.162    -557.969             157             157
   48        -100.850    1653.762        -100.772    1653.774              48              48
   50         623.413     -16.035         623.424     -16.036              50              50
  101         401.535     450.425         401.577     450.427             101             101
  227         796.281     475.789         796.336     475.781             227             227
  215        1298.124     247.930        1298.208     247.907             215             215
   97        -726.814    -306.352        -726.737    -306.288              97              97
  252       -1525.952     686.220       -1525.862     686.329             252             252
  178       -1126.019    -330.587       -1126.010    -330.482             178             178
  140        -483.886     296.488        -483.851     296.579             140             140
  107        -898.889   -2349.446        -898.991   -2349.352             107             107
  164          28.664   -1650.089          28.602   -1650.106             164             164
   35        -310.597    -362.439        -310.568    -362.456              35              35
   30       -1866.460     112.759       -1866.431     112.830              30              30
    4        -723.649     897.173        -723.613     897.209               4               4
  122         -66.888    1251.947         -66.817    1252.006             122             122
  114        -712.857   -1581.962        -712.933   -1581.874             114             114
  142         185.456     256.917         185.495     256.937             142             142
  218       -1617.009   -1235.980       -1617.058   -1235.857             218             218
  230        -575.472    -559.121        -575.512    -559.071             230             230
   78        -579.057   -1339.707        -579.134   -1339.673              78              78
  163        -997.363    -240.520        -997.386    -240.472             163             163
  156       -1151.642    -813.900       -1151.733    -813.841             156             156
  177         519.865    -300.897         519.803    -300.942             177             177
   53         487.096    -539.077         487.057    -539.128              53              53
  226         120.998     649.299         121.049     649.291             226             226
   39        -211.306   -1339.572        -211.369   -1339.577              39              39
  127        -603.304    1800.606        -603.187    1800.644             127             127
   73        -174.192    -693.245        -174.223    -693.187              73              73
  203       -2251.457    -631.024       -2251.544    -630.872             203             203
  106        2101.376     350.604        2101.359     350.498             106             106
  230        -366.676   -1002.832        -366.705   -1002.771             230             230
  252       -1227.090   -1142.660       -1227.177   -1142.577             252             252
  157         416.402    -185.345         416.373    -185.360             157             157
   75       -1440.854   -2010.237       -1441.023   -2010.148              75              75
  223         257.687   -1193.043         257.521   -1193.126             223             223
  116        2495.051    -160.027        2495.033    -160.270             116             116
  172        -106.042     328.593        -105.961     328.543             172             172
  220       -1387.673     944.067       -1387.624     944.143             220             220
   39        1733.322     329.217        1733.337     329.129              39              39
   57        -293.654   -1008.652        -293.674   -1008.611              57              57
   71        -926.576   -1112.573        -926.643   -1112.531              71              71
  203        -803.683   -1655.191        -803.839   -1655.238             203             203
   92         603.395    2047.028         603.496    2046.898              92              92
  102         537.906     421.943         537.927     421.884             102             102
  208         663.005    1224.784         663.121    1224.737             208             208
  214       -1403.803     837.334       -1403.748     837.495             214             214
  216           0.989    -991.971           0.840    -991.918             216             216
   94        1587.511   -1226.456        1587.377   -1226.591              94              94
  177        1122.147    -304.216        1122.137    -304.355             177             177
  191        1296.438     455.311        1296.535     455.170             191             191
  173       -1073.761      95.529       -1073.726      95.575             173             173
   85        1634.411     731.006        1634.490     730.842              85              85
   92        -178.478    1444.654        -178.310    1444.674              92              92
   94        1059.824    1366.756        1060.004    1366.756              94              94
  138        -721.889    -639.313        -721.849    -639.159             138             138
   62        -704.863   -1082.344        -704.895   -1082.259              62              62
  134       -1404.197    1116.134       -1404.116    1116.317             134             134
    9         853.015   -2803.590         852.778   -2803.604               9               9
  135          12.659   -1694.586          12.561   -1694.682             135             135
   82         -43.179    1602.063         -43.001    1602.000              82              82
  116        -508.220     876.501        -508.105     876.605             116             116
  109        -237.419   -1770.906        -237.520   -1770.847             109             109
   78       -2172.860      -0.440       -2172.878      -0.241              78              78
   17         490.179   -3020.119         489.860   -3020.225              17              17
  185         105.419     830.931         105.481     830.790             185             185
   46        -709.205     881.402        -709.176     881.423              46              46
  134        1688.202      28.852        1688.183      28.694             134             134
  101         117.124    -284.894         117.129    -284.947             101             101
   11        1340.032    1286.009        1340.221    1285.880              11              11
  173       -1681.349    -312.894       -1681.326    -312.714             173             173
  159         821.605    -954.714         821.526    -954.830             159             159
   82         413.799    1372.343         414.010    1372.271              82              82
  120       -1638.254     954.401       -1638.120     954.624             120             120
  251        -136.488   -1670.046        -136.653   -1669.989             251             251
  184         -12.094     113.723         -12.080     113.726             184             184
   73         534.764   -1318.504         534.683   -1318.556              73              73
  210        -413.841   -1191.606        -413.882   -1191.641             210             210
  145       -1130.336   -1009.467       -1130.407   -1009.527             145             145
  168          30.960    2958.336          31.251    2958.251             168             168
  131        -760.185     -92.318        -760.186     -92.215             131             131
   80         292.349    -293.094         292.330    -293.153              80              80
   85         467.094     503.482         467.232     503.393              85              85
  216       -2174.777     501.451       -2174.676     501.640             216             216
  172        -364.886     406.048        -364.851     406.064             172             172
  180       -1659.567    1166.126       -1659.487    1166.316             180             180
   99         309.132    -228.995         309.056    -228.973              99              99
  235        -195.329    -285.828        -195.363    -285.784             235             235
   58        -168.105   -1029.687        -168.197   -1029.702              58              58
  109       -1187.311    -175.793       -1187.356    -175.781             109             109
  114        1144.361    2480.527        1144.631    2480.402             114             114
  141       -2421.160    -214.216       -2421.187    -213.874             141             141
  225         886.351   -1204.113         886.181   -1204.193             225             225
  224       -1027.049    -825.281       -1027.135    -825.264             224             224
  219        -370.411    1353.029        -370.306    1353.003             219             219
  242         -43.351     -51.771         -43.364     -51.784             242             242
  153       -1009.884     208.924       -1009.870     208.969             153             153
    9        -989.647    2150.959        -989.472    2151.096               9               9
  120        -915.030   -1183.892        -915.256   -1183.744             120             120
  255        -324.481       8.538        -324.599       8.524             255             255
   20        -697.602     771.762        -697.694     771.798              20              20
   38        2243.345    1751.494        2243.407    1751.319              38              38
  158        1593.648   -1393.229        1593.540   -1393.342             158             158
  103       -1457.903     630.423       -1457.835     630.603             103             103
  158        1123.844   -1254.127        1123.648   -1254.246             158             158
  154         397.103     340.841         397.159     340.779             154             154
   32       -1181.613   -2106.898       -1181.927   -2106.866              32              32
  232        3317.638    1375.027        3317.811    1374.497             232             232
  108       -1810.445     572.435       -1810.302     572.552             108             108
  178         839.494    1836.365         839.698    1836.241             178             178
  144        -233.356    -296.580        -233.350    -296.581             144             144
  240         -61.831    1787.921         -61.586    1787.890             240             240
    2       -1351.121     642.567       -1351.063     642.732               2               2
  229         -44.720    1919.289         -44.574    1919.368             229             229
  201         336.902   -1482.557         336.681   -1482.587             201             201
  175        -393.048    2445.459        -392.836    2445.487             175             175
  153        2161.195     115.541        2161.208     115.339             153             153
   44          45.943    1391.328          46.236    1391.376              44              44
  154       -1962.580     278.874       -1962.533     279.197             154             154
  212        -294.778     -19.037        -294.892     -18.971             212             212
  154        1070.374     684.387        1070.399     684.248             154             154
   13         240.523    2158.563         240.779    2158.619              13              13
   97        1043.757    -430.279        1043.737    -430.313              97              97
  123         631.304    1912.835         631.679    1912.830             123             123
  238       -2276.632    2498.685       -2276.255    2499.279             238             238
   61        -802.629   -3396.361        -803.140   -3396.030              61              61
  110          13.838      87.922          13.748      87.975             110             110
  136        1397.524   -1772.145        1397.301   -1772.338             136             136
   71        -554.680    2391.985        -554.305    2392.094              71              71
  231       -1456.519   -1320.633       -1456.742   -1320.339             231             231
  136        1453.702     239.543        1453.716     239.352             136             136
   92       -1448.191    1694.728       -1447.950    1695.007              92              92
   13        -176.163     883.853        -176.088     884.120              13              13
   38       -1727.663   -1506.592       -1727.976   -1506.146              38              38
  195         301.830   -1114.665         301.471   -1114.585             195             195
  172        1632.741   -1777.665        1632.378   -1777.874             172             172
  193        1715.726    1398.243        1715.918    1398.084             193             193
  228        1084.893   -1656.266        1084.798   -1656.262             228             228
  148       -1335.442   -2140.054       -1335.671   -2139.900             148             148
   46         968.558    -533.922         968.507    -534.191              46              46
  150        -159.745    1661.587        -159.418    1661.580             150             150
   36        -498.887     146.183        -498.744     146.347              36              36
   30       -3168.085    -565.316       -3168.200    -564.828              30              30
  153          28.973     604.443          28.909     604.512             153             153
   10       -1337.997    -681.636       -1338.240    -681.358              10              10
  232          97.885     185.160          97.703     185.240             232             232
   72         423.425    -453.839         423.181    -453.750              72              72
  164        1033.439   -1576.619        1033.087   -1576.671             164             164
   21         637.594    -898.694         637.372    -898.746              21              21
  227         570.802   -1423.362         570.482   -1423.437             227             227
  120        1805.372   -1119.283        1805.132   -1119.586             120             120
  175        2191.048   -1375.876        2190.926   -1376.316             175             175
  240         357.912     422.398         358.119     422.208             240             240
  218         202.527      75.858         202.675      75.745             218             218
   43       -1443.985     466.394       -1443.877     466.528              43              43
  223         199.615     998.884         199.731     998.841             223             223
   24        -575.834     459.453        -575.792     459.561              24              24
  153        -218.682    1381.558        -218.558    1381.671             153             153
  103         348.864    1669.649         349.047    1669.886             103             103
   95        -618.501   -2228.650        -618.934   -2228.266              95              95
  128         882.523   -1849.436         882.103   -1849.458             128             128
  239        1715.321   -2021.902        1715.004   -2022.168             239             239
  187        -458.177    -886.126        -458.333    -886.142             187             187
  142        1806.112     164.760        1806.117     164.487             142             142
   22         173.419   -1675.052         173.226   -1675.087              22              22
  127        -167.311    -299.363        -167.390    -299.388             127             127
   58        1736.723   -1398.801        1736.531   -1399.137              58              58
  215        -347.273    -133.386        -347.227    -133.437             215             215
   99        -240.609    -568.844        -240.764    -568.893              99              99
  206        1946.469     230.368        1946.481     230.020             206             206
    5        1375.938   -1048.939        1375.938   -1049.197               5               5
  250       -1297.205    -982.674       -1297.279    -982.639             250             250
  243        1448.627     491.728        1448.737     491.313             243             243
   36         105.892    1353.270         106.232    1353.198              36              36
  148        -355.945     195.978        -355.839     196.090             148             148
  253          14.114   -1248.574          13.937   -1248.600             253             253
   12         981.493   -1235.973         981.379   -1236.377              12              12
  220          20.520    3375.928          21.211    3375.797             220             220
  161        -465.017     945.668        -464.712     945.895             161             161
   33       -1995.286    -117.913       -1995.297    -117.434              33              33
  192         472.728    -739.187         472.559    -739.128             192             192
   26        -829.714   -2768.350        -830.201   -2768.315              26              26
  209        1329.769    1639.719        1330.057    1639.374             209             209
  176       -1516.961    -607.955       -1517.031    -607.716             176             176
  245          61.878     652.966          61.890     652.968             245             245
  252         606.497   -1389.976         606.215   -1390.095             252             252
  143        1537.642     659.231        1537.842     658.947             143             143
   13         199.199   -1855.346         199.170   -1855.456              13              13
  150       -4177.000      -0.466       -4177.000       0.000             150             150
  246         199.130    1855.571         199.164    1855.459             246             246
  108        1538.050    -658.652        1537.844    -658.943             108             108
   23         605.921    1390.222         606.211    1390.098              23              23
  230          61.904    -652.967          61.891    -652.966             230             230
   40       -1517.104     607.464       -1517.032     607.713              40              40
  165        1330.366   -1639.008        1330.061   -1639.371             165             165
  252        -830.725    2768.274        -830.209    2768.312             252             252
  167         472.378     739.068         472.558     739.129             167             167
  223       -1995.307     116.910       -1995.296     117.428             223             223
  211        -464.379    -946.141        -464.711    -945.895             211             211
   11          21.976   -3375.654          21.220   -3375.797              11              11
  173         981.250    1236.824         981.376    1236.379             173             173
  216          13.738    1248.628          13.935    1248.601             216             216
    5        -355.724    -196.213        -355.841    -196.089               5               5
  160         106.618   -1353.117         106.236   -1353.197             160             160
  252        1448.861    -490.841        1448.737    -491.312             252             252
  153       -1297.366     982.592       -1297.280     982.635             153             153
  158        1375.934    1049.503        1375.936    1049.203             158             158
    9        1946.497    -229.609        1946.483    -230.014               9               9
  118        -240.946     568.950        -240.765     568.893             118             118
   64        -347.173     133.495        -347.226     133.435              64              64
   43        1736.298    1399.541        1736.527    1399.141              43              43
   54        -167.485     299.417        -167.390     299.388              54              54
   91         172.989    1675.130         173.223    1675.087              91              91
  252        1806.126    -164.148        1806.119    -164.481             252             252
  231        -458.529     886.160        -458.337     886.141             231             231
   80        1714.604    2022.502        1714.997    2022.173              80              80
  249         881.575    1849.487         882.099    1849.459             249             249
  119        -619.485    2227.782        -618.940    2228.264             119             119
   94         349.283   -1670.186         349.049   -1669.885              94              94
  143        -218.395   -1381.816        -218.554   -1381.671             143             143
  110        -575.737    -459.699        -575.792    -459.560             110             110
  203         199.887    -998.785         199.734    -998.840             203             203
  166       -1443.732    -466.706       -1443.875    -466.530             166             166
   84         202.868     -75.595         202.674     -75.744              84              84
  243         358.394    -421.956         358.119    -422.208             243             243
   75        2190.758    1376.914        2190.923    1376.322              75              75
   80        1804.802    1120.003        1805.127    1119.593              80              80
  155         570.043    1423.540         570.477    1423.438             155             155
   42         637.067     898.818         637.371     898.746              42              42
   35        1032.593    1576.743        1033.081    1576.672              35              35
  166         422.838     453.631         423.179     453.753             166             166
  216          97.447    -185.352          97.703    -185.240             216             216
  252       -1338.585     680.962       -1338.242     681.355             252             252
  172          28.818    -604.614          28.909    -604.514             172             172
  121       -3168.366     564.120       -3168.202     564.823             121             121
  249        -498.536    -146.587        -498.744    -146.348             249             249
   70        -158.937   -1661.569        -159.416   -1661.580              70              70
   23         968.431     534.589         968.507     534.192              23              23
    2       -1336.015    2139.668       -1335.674    2139.898               2               2
  188        1084.649    1656.257        1084.792    1656.264             188             188
   88        1716.211   -1397.839        1715.921   -1398.080              88              88
   46        1631.818    1778.194        1632.372    1777.875              46              46
  243         300.916    1114.462         301.468    1114.585             243             243
  179       -1728.467    1505.448       -1727.981    1506.139             179             179
   42        -175.969    -884.540        -176.087    -884.122              42              42
  219       -1447.565   -1695.451       -1447.946   -1695.011             219             219
    4        1453.738    -239.046        1453.716    -239.349               4               4
   35       -1457.101    1319.865       -1456.746    1320.334              35              35
   82        -553.695   -2392.273        -554.300   -2392.096              82              82
   98        1396.934    1772.651        1397.296    1772.339              98              98
  179          13.601     -88.060          13.748     -87.974             179             179
  192        -803.992    3395.477        -803.150    3396.025             192             192
   46       -2275.623   -2500.270       -2276.253   -2499.280              46              46
   89         632.319   -1912.822         631.683   -1912.830              89              89
   20        1043.700     430.378        1043.735     430.316              20              20
   33         241.225   -2158.717         240.784   -2158.621              33              33
  164        1070.445    -684.003        1070.400    -684.245             164             164
  100        -295.090      18.853        -294.892      18.969             100             100
  188       -1962.450    -279.771       -1962.533    -279.201             188             188
  207          46.762   -1391.464          46.241   -1391.379             207             207
  136        2161.232    -114.976        2161.208    -115.337             136             136
   99        -392.442   -2445.542        -392.828   -2445.489              99              99
  167         336.275    1482.643         336.677    1482.588             167             167
  133         -44.299   -1919.511         -44.569   -1919.368             133             133
   15       -1350.954    -643.040       -1351.062    -642.734              15              15
   32         -61.121   -1787.834         -61.581   -1787.891              32              32
  126        -233.341     296.584        -233.351     296.582             126             126
   85         840.090   -1836.004         839.703   -1836.239              85              85
   56       -1810.029    -572.777       -1810.301    -572.553              56              56
  129        3318.147   -1373.457        3317.813   -1374.487             129             129
   18       -1182.546    2106.800       -1181.931    2106.864              18              18
  144         397.269    -340.657         397.159    -340.778             144             144
  175        1123.254    1254.489        1123.644    1254.250             175             175
    5       -1457.700    -630.967       -1457.834    -630.607               5               5
   68        1593.316    1393.574        1593.535    1393.345              68              68
  217        2243.539   -1750.956        2243.411   -1751.313             217             217
  225        -697.882    -771.873        -697.693    -771.799             225             225
   72        -324.848      -8.493        -324.602      -8.523              72              72
  253        -915.730    1183.430        -915.259    1183.741             253             253
   51        -989.099   -2151.386        -989.468   -2151.098              51              51
  171       -1009.841    -209.068       -1009.869    -208.970             171             171
  176         -43.393      51.811         -43.365      51.784             176             176
  243        -370.077   -1352.950        -370.304   -1353.005             243             243
  217       -1027.323     825.227       -1027.138     825.263             217             217
    9         885.804    1204.371         886.179    1204.194               9               9
    8       -2421.253     213.105       -2421.189     213.869               8               8
  251        1145.248   -2480.117        1144.638   -2480.400             251             251
  174       -1187.462     175.748       -1187.358     175.778             174             174
  109        -168.412    1029.736        -168.200    1029.702             109             109
  184        -195.443     285.682        -195.364     285.783             184             184
  126         308.876     228.925         309.054     228.975             126             126
  245       -1659.298   -1166.767       -1659.485   -1166.321             245             245
   28        -364.766    -406.105        -364.850    -406.065              28              28
   38       -2174.429    -502.099       -2174.673    -501.645              38              38
  123         467.566    -503.174         467.233    -503.391             123             123
   43         292.282     293.296         292.330     293.153              43              43
   70        -760.186      91.962        -760.185      92.215              70              70
  249          31.985   -2958.037          31.258   -2958.250             249             249
  129       -1130.589    1009.674       -1130.410    1009.526             129             129
  127        -413.989    1191.732        -413.885    1191.641             127             127
  122         534.473    1318.689         534.681    1318.557             122             122
  147         -12.042    -113.731         -12.079    -113.725             147             147
   16        -137.090    1669.845        -136.657    1669.990              16              16
   42       -1637.765    -955.218       -1638.118    -954.629              42              42
  153         414.573   -1372.076         414.011   -1372.269             153             153
   84         821.313     955.144         821.525     954.831              84              84
    4       -1681.266     312.219       -1681.327     312.708               4               4
  122        1340.743   -1285.524        1340.225   -1285.877             122             122
  157         117.143     285.095         117.129     284.947             157             157
    1        1688.130     -28.242        1688.183     -28.687               1               1
  173        -709.089    -881.483        -709.173    -881.424             173             173
   72         105.658    -830.388         105.481    -830.789              72              72
  178         488.934    3020.533         489.854    3020.228             178             178
  161       -2172.929      -0.340       -2172.878       0.236             161             161
   34        -237.821    1770.673        -237.524    1770.846              34              34
  188        -507.764    -876.915        -508.104    -876.606             188             188
  169         -42.464   -1601.812         -42.999   -1602.000             169             169
   30          12.245    1694.974          12.556    1694.683              30              30
  107         852.032    2803.653         852.771    2803.606             107             107
   23       -1403.855   -1116.890       -1404.113   -1116.319              23              23
  215        -705.005    1081.989        -704.899    1082.258             215             215
  233        -721.725     638.666        -721.849     639.157             233             233
   13        1060.587   -1366.749        1060.007   -1366.754              13              13
  243        -177.757   -1444.738        -178.306   -1444.674             243             243
   15        1634.751    -730.299        1634.491    -730.839              15              15
  136       -1073.601     -95.732       -1073.723     -95.576             136             136
   31        1296.861    -454.689        1296.535    -455.166              31              31
   86        1122.102     304.837        1122.136     304.359              86              86
  129        1586.914    1227.058        1587.375    1226.594             129             129
  160           0.320     991.737           0.839     991.919             160             160
  214       -1403.553    -838.066       -1403.747    -837.499             214             214
  252         663.535   -1224.566         663.123   -1224.734             252             252
   52         538.000    -421.672         537.927    -421.883              52              52
  230         603.879   -2046.421         603.501   -2046.896             230             230
   38        -804.424    1655.403        -803.844    1655.236              38              38
  205        -926.896    1112.371        -926.645    1112.529             205             205
   59        -293.759    1008.456        -293.677    1008.611              59              59
   42        1733.398    -328.778        1733.338    -329.124              42              42
   72       -1387.431    -944.449       -1387.622    -944.148              72              72
  216        -105.647    -328.344        -105.961    -328.541             216             216
   44        2494.961     161.234        2495.033     160.274              44              44
  246         256.855    1193.457         257.518    1193.128             246             246
   33       -1441.712    2009.782       -1441.027    2010.145              33              33
  222         416.249     185.420         416.370     185.361             222             222
  152       -1227.539    1142.226       -1227.179    1142.574             152             152
   68        -366.834    1002.510        -366.708    1002.769              68              68
  155        2101.291    -350.041        2101.361    -350.493             155             155
   66       -2251.918     630.212       -2251.546     630.867              66              66
   99        -174.360     692.940        -174.224     693.187              99              99
    6        -602.659   -1800.812        -603.183   -1800.645               6               6
   89        -211.659    1339.596        -211.372    1339.576              89              89
   58         121.284    -649.253         121.051    -649.290              58              58
  239         486.874     539.358         487.056     539.127             239             239
  102         519.510     301.153         519.802     300.943             102             102
   46       -1152.165     813.556       -1151.736     813.839              46              46
  255        -997.496     240.237        -997.386     240.470             255             255
  238        -579.511    1339.505        -579.136    1339.672             238             238
   77        -575.709     558.824        -575.512     559.070              77              77
   85       -1617.313    1235.235       -1617.061    1235.852              85              85
  112         185.690    -257.036         185.496    -256.936             112             112
  238        -713.332    1581.424        -712.937    1581.872             238             238
   43         -66.445   -1252.309         -66.814   -1252.006              43              43
  109        -723.414    -897.399        -723.611    -897.210             109             109
   34       -1866.272    -113.219       -1866.429    -112.835              34              34
   18        -310.419     362.551        -310.569     362.457              18              18
  147          28.246    1650.200          28.599    1650.106             147             147
  240        -899.568    2348.816        -898.994    2349.348             240             240
   77        -483.645    -297.102        -483.848    -296.581              77              77
  190       -1125.959     329.872       -1126.011     330.480             190             190
   57       -1525.330    -686.986       -1525.859    -686.335              57              57
   38        -726.281     305.906        -726.736     306.286              38              38
  235        1298.717    -247.759        1298.210    -247.903             235             235
   47         796.670    -475.728         796.335    -475.781              47              47
   71         401.845    -450.430         401.578    -450.425              71              71
  202         623.490      16.040         623.425      16.036             202             202
  200        -100.254   -1653.851        -100.768   -1653.773             200             200
  139        -497.149     557.785        -497.162     557.966             139             139
  101        1339.001   -2329.438        1338.256   -2329.930             101             101
   10        -238.923    1052.581        -238.504    1052.392              10              10
  238       -1275.418     760.753       -1275.252     761.162             238             238
  108       -1031.237    -541.594       -1031.745    -541.279             108             108
   99        1889.754     802.093        1889.810     801.553              99              99
   41        -739.459     -84.889        -739.477     -84.563              41              41
   91        -306.720     -27.644        -306.918     -27.443              91              91
  202        1490.446   -1105.685        1490.168   -1106.128             202             202
   88       -2067.200    -751.576       -2067.394    -751.241              88              88
   91         591.983    1544.897         592.408    1544.507              91              91
  185       -3188.875    1153.190       -3188.736    1154.216             185             185
  165        -223.510    -598.000        -224.241    -597.985             165             165
  176        -299.893    3148.179        -299.478    3148.436             176             176
   41         465.399    -856.925         464.552    -856.676              41              41
  148        3139.417     472.969        3139.385     472.282             148             148
  220       -1303.430    -756.521       -1303.735    -755.881             220             220
  150        1362.444    -501.627        1362.033    -501.910             150             150
  182         821.863    -584.103         821.643    -584.316             182             182
  239         247.114     399.619         247.250     399.607             239             239
   42       -1111.865     500.405       -1111.938     501.058              42              42
  167        1806.477   -2364.756        1805.537   -2365.114             167             167
   60         563.318   -1621.527         562.849   -1621.972              60              60
  233        1045.224    1237.341        1045.788    1236.851             233             233
  224       -1411.510    -901.462       -1411.621    -901.088             224             224
   98       -1367.116     670.842       -1367.084     671.189              98              98
  213        -527.166    -889.058        -527.807    -888.991             213             213
   16         878.680    1005.599         878.698    1005.253              16              16
  170         936.582    -680.002         936.366    -680.310             170             170
  159        -696.618    -326.613        -696.645    -326.642             159             159
  216       -1687.899    1533.411       -1687.613    1533.800             216             216
   54       -1413.483     102.322       -1414.048     102.733              54              54
    5        1879.676    1532.065        1879.609    1531.528               5               5
  227        1715.967    1023.074        1716.211    1022.898             227             227
   37         144.014   -1862.917         143.571   -1862.812              37              37
  113       -1556.200    1082.873       -1555.933    1083.407             113             113
   71        -971.337   -1382.932        -972.164   -1382.568              71              71
   78         314.221     372.501         313.923     372.329              78              78
  205        -292.687    -456.835        -293.235    -456.804             205             205
   17         342.051     549.041         341.742     548.879              17              17
  166        1298.992    -551.094        1298.484    -551.602             166             166
   40         213.667    1091.647         213.783    1091.486              40              40
  202        -135.741     767.311        -135.893     767.528             202             202
   76        1692.737   -1830.711        1691.867   -1831.310              76              76
  217        -708.192     940.236        -708.228     940.180             217             217
  244        1711.557     814.035        1711.363     813.386             244             244
  225        2085.139     919.409        2085.318     918.728             225             225
  181         860.600     670.355         860.896     670.131             181             181
  139          16.451     110.115          16.497     110.075             139             139
  151         492.035    1073.856         492.370    1073.599             151             151
  164        -495.905    2059.935        -495.276    2060.233             164             164
  182        -417.489     612.950        -417.453     613.361             182             182
   63        -217.272    1003.555        -217.120    1003.877              63              63
  225       -1672.890    1355.536       -1672.861    1356.510             225             225
  159         598.217      67.929         597.697      68.291             159             159
   32         143.279   -1263.666         142.468   -1263.408              32              32
   68        -158.373     584.501        -158.611     584.749              68              68
  116        -834.409     450.083        -834.935     450.783             116             116
   49        1826.026   -1233.104        1824.984   -1233.328              49              49
  238        1211.861    -505.879        1211.460    -506.057             238             238
   20       -1632.836    -809.500       -1633.482    -808.797              20              20
   10        -893.341    -112.151        -894.205    -111.672              10              10
   37         546.251    -664.769         545.206    -664.673              37              37
   25       -2021.170   -1852.798       -2022.854   -1852.033              25              25
  237        -580.192    -889.189        -582.059    -889.090             237             237
   74       -1932.221    -998.255       -1934.818    -997.769              74              74
  139           6.569   -1010.141           2.788   -1010.509             139             139
   52       -1650.048    1597.126       -1656.430    1597.465              52              52
