SINAL     NFT                         FFT                         NFT INVERSA     FFT INVERSA
-----     -----------------------     -----------------------     -----------     -----------
  208       66272.000       0.000       66272.000       0.000             208             208
   83        1346.178    1649.607        1346.192    1649.607              83              83
   40        -568.101    -817.857        -568.088    -817.857              40              40
    5         709.573     824.715         709.587     824.714               5               5
   64        1650.986    1291.187        1651.005    1291.184              64              64
  178       -1859.093    -370.814       -1859.078    -370.806             178             178
  140         817.440   -1525.817         817.449   -1525.821             140             140
   98       -1054.751    2687.675       -1054.727    2687.681              98              98
  247        1103.115   -2126.117        1103.118   -2126.117             247             247
  190       -1206.523   -1034.760       -1206.515   -1034.756             190             190
  208         110.471     909.216         110.483     909.216             208             208
   88        2268.497   -1955.167        2268.498   -1955.182              88              88
  183         836.179    -758.931         836.193    -758.947             183             183
  100         419.305    1055.687         419.334    1055.678             100             100
  150        -289.854     265.660        -289.830     265.661             150             150
  237        -725.132    -271.883        -725.117    -271.878             237             237
   78          30.157    -461.034          30.170    -461.041              78              78
  142       -1351.702     610.768       -1351.684     610.779             142             142
  132        1197.386    -993.678        1197.387    -993.696             132             132
  249        -807.781    -827.305        -807.777    -827.311             249             249
  129        1386.787     248.068        1386.805     248.026             129             129
   22        -567.898    2475.531        -567.849    2475.525              22              22
   61        1462.675     403.740        1462.701     403.716              61              61
  213        -729.727    1021.019        -729.686    1021.020             213             213
  112         689.338    1720.562         689.393    1720.548             112             112
   53       -1306.761    1316.565       -1306.709    1316.591              53              53
  118       -1230.455     704.379       -1230.420     704.403             118             118
  148       -2112.442    1439.584       -2112.407    1439.628             148             148
  230        -146.381     462.655        -146.369     462.673             230             230
   35        -915.577     -48.746        -915.569     -48.719              35              35
    4       -1189.439     465.563       -1189.432     465.599               4               4
  182          45.603   -1050.127          45.581   -1050.119             182             182
  118        -730.811    -385.667        -730.829    -385.657             118             118
   45        2462.788     167.758        2462.798     167.704              45              45
  188       -1141.279    -838.992       -1141.279    -838.978             188             188
  183         638.420     682.813         638.446     682.783             183             183
  223       -1360.698     454.649       -1360.685     454.669             223             223
   73        1306.981     795.619        1306.999     795.581              73              73
   25        -140.774     741.499        -140.747     741.503              25              25
  215        1336.586    -690.787        1336.588    -690.835             215             215
    7        -659.781    3138.724        -659.674    3138.738               7               7
  234        -471.800    -123.728        -471.787    -123.694             234             234
   47       -1433.808     -95.806       -1433.815     -95.769              47              47
  191        1106.111    1831.649        1106.151    1831.632             191             191
   79        1027.609   -1111.297        1027.601   -1111.313              79              79
  198       -1766.519     244.047       -1766.502     244.087             198             198
  173         185.915     598.426         185.917     598.416             173             173
  157         333.478     369.624         333.475     369.615             157             157
   84        2021.380     120.826        2021.396     120.756              84              84
   49        -676.006     798.099        -675.963     798.110              49              49
  150        1156.805     736.676        1156.839     736.633             150             150
  214         275.595    1415.563         275.669    1415.566             214             214
   71        -769.178   -1530.362        -769.217   -1530.351              71              71
  212         910.892    2201.809         910.976    2201.746             212             212
  171        -646.782    1147.167        -646.733    1147.177             171             171
  183         719.837    3516.239         719.963    3516.236             183             183
    9        -339.968     -43.825        -339.968     -43.776               9               9
   34         868.308    2206.055         868.382    2206.055              34              34
   76        1508.772    1309.913        1508.837    1309.926              76              76
  240        1543.748    -546.622        1543.786    -546.617             240             240
   70       -1502.309   -1034.242       -1502.300   -1034.158              70              70
   80        -652.432    -213.206        -652.444    -213.188              80              80
  167        1680.129    2019.817        1680.220    2019.774             167             167
  189         240.626    -512.304         240.646    -512.267             189             189
  126         714.031   -1331.732         714.031   -1331.771             126             126
  100       -1278.752    1696.849       -1278.633    1696.882             100             100
  116        -442.763    1325.483        -442.685    1325.512             116             116
   93        -410.042    2591.519        -409.915    2591.594              93              93
  173          62.261    -496.532          62.258    -496.459             173             173
  142        -175.015    -526.713        -175.017    -526.677             142             142
   52         924.794    1062.649         924.892    1062.633              52              52
  181       -1938.340     286.557       -1938.275     286.682             181             181
  121       -1585.139    1352.101       -1585.080    1352.230             121             121
  100         171.835     -38.050         171.834     -37.985             100             100
  117       -2234.102    -140.817       -2234.133    -140.647             117             117
  200        1125.415    -555.230        1125.348    -555.232             200             200
   42         257.319    -275.140         257.305    -275.110              42              42
   34         652.956     -92.407         652.974     -92.392              34              34
  101       -1406.851    -514.522       -1406.875    -514.405             101             101
  126         829.995    -775.472         829.944    -775.480             126             126
   83         578.978    -322.414         578.997    -322.418              83              83
  252       -1644.657    -442.803       -1644.662    -442.690             252             252
   85        -480.905    -344.931        -480.943    -344.875              85              85
  155       -1096.528   -1344.096       -1096.650   -1344.031             155             155
  209        1406.787    -172.245        1406.727    -172.342             209             209
    1        1469.248     567.339        1469.293     567.255               1               1
   83         -80.892     352.518         -80.832     352.539              83              83
  219       -1408.959     258.715       -1408.957     258.816             219             219
   35        1153.827     772.765        1153.845     772.750              35              35
  160        -115.125    -572.427        -115.164    -572.356             160             160
  203        1037.868   -1077.888        1037.801   -1077.905             203             203
  106        1158.377   -2209.324        1158.292   -2209.422             106             106
  240        -874.044    1541.054        -873.912    1541.076             240             240
  115        -462.893    -679.514        -462.935    -679.484             115             115
   39        -165.282     755.008        -165.260     755.013              39              39
  111         971.586      71.710         971.583      71.669             111             111
  215         721.122    -177.849         721.149    -177.893             215             215
  155       -1047.620     375.385       -1047.579     375.444             155             155
  205         152.005     575.487         152.026     575.485             205             205
  133         131.362     155.196         131.361     155.192             133             133
   41         611.004    1589.001         611.110    1589.001              41              41
    2        -131.748   -1095.130        -131.817   -1095.082               2               2
   58         493.615    -570.189         493.573    -570.276              58              58
  162         240.364    3556.197         240.593    3556.188             162             162
  102        1530.117     859.151        1530.200     859.163             102             102
  176         247.295    -971.043         247.296    -970.993             176             176
  107        -339.579     743.776        -339.469     743.833             107             107
  144       -1466.849     201.732       -1466.838     201.871             144             144
  210        1524.332    1724.943        1524.465    1724.912             210             210
  209       -1130.999     207.178       -1130.931     207.380             209             209
   15       -2676.342    -724.170       -2676.478    -723.893              15              15
   38        2807.716     308.329        2807.648     308.201              38              38
  206        1208.653     714.116        1208.733     714.151             206             206
  101         472.009   -1002.384         471.979   -1002.280             101             101
  193        -102.290    -970.007        -102.343    -969.876             193             193
  159         783.709   -3050.792         783.487   -3050.802             159             159
  102        2102.333    -553.097        2102.374    -553.267             102             102
   21        -536.994    -577.658        -536.907    -577.604              21              21
  122       -1378.102    -734.687       -1378.091    -734.567             122             122
  137        -589.312    -854.816        -589.343    -854.772             137             137
  181       -1801.385      32.203       -1801.406      32.355             181             181
   70         618.237   -1535.581         618.068   -1535.633              70              70
  244         312.088    -366.654         312.049    -366.735             244             244
  166        1285.161     838.191        1285.270     838.070             166             166
  186        -583.201    -266.881        -583.156    -266.832             186             186
   27         480.965    -303.989         481.030    -304.069              27              27
   21       -2691.205    1498.312       -2691.024    1498.491              21              21
  145       -2125.408    2646.852       -2125.268    2647.112             145             145
  182        -875.844    -146.225        -876.000    -146.000             182             182
  226         977.144    -257.009         976.995    -256.968             226             226
   22         616.684    -969.908         616.501    -969.860              22              22
  224        2570.750   -1241.659        2570.604   -1241.835             224             224
  228        1029.425     237.665        1029.466     237.620             228             228
   81        2777.550    -690.299        2777.599    -690.476              81              81
  131        -823.164      19.832        -823.003      19.979             131             131
   75       -1351.606   -1068.113       -1351.649   -1067.902              75              75
    1         -30.708   -1898.969         -30.871   -1898.930               1               1
  238         -37.207   -1342.612         -37.314   -1342.643             238             238
  220         775.022     120.768         775.089     120.678             220             220
  212        -974.176    -866.142        -974.187    -866.061             212             212
  191       -1180.742     -66.919       -1180.759     -66.832             191             191
  236         337.526     218.689         337.518     218.676             236             236
  250         477.698    -460.708         477.689    -460.707             250             250
  141       -1254.406   -1745.954       -1254.564   -1745.866             141             141
   81         524.886     536.434         524.897     536.323              81              81
  188        1726.622     516.418        1726.751     516.250             188             188
   45       -1386.036     703.173       -1385.840     703.343              45              45
  183       -2367.178     824.393       -2367.099     824.739             183             183
  209        -983.496   -1872.043        -983.774   -1871.841             209             209
  168         342.662   -1733.098         342.405   -1733.144             168             168
   65        1144.400    -189.803        1144.384    -189.967              65              65
  135        -683.086    1207.335        -682.921    1207.455             135             135
  239       -1598.478   -1658.649       -1598.682   -1658.394             239             239
   53         -60.702   -2699.163         -61.053   -2699.204              53              53
   45        -712.396    -711.000        -712.573    -711.087              45              45
  169        1324.419    1958.466        1324.527    1958.282             169             169
   80         644.172    -918.736         644.072    -918.783              80              80
   67          -7.320    -630.948          -7.381    -631.016              67              67
   59       -1141.958    1008.610       -1141.938    1008.671              59              59
    7        2253.070    1185.244        2253.145    1185.075               7               7
   38        -527.816   -1572.249        -527.955   -1572.151              38              38
   82        -431.728    -374.752        -431.831    -374.749              82              82
  231        1313.939    -490.725        1313.853    -490.934             231             231
   10       -1043.337     966.664       -1043.297     966.716              10              10
  164        1910.355    1154.036        1910.396    1153.869             164             164
  106        1537.782     -43.353        1537.820     -43.430             106             106
   86         449.016   -1316.979         448.966   -1317.001              86              86
  166        -439.910    -740.256        -439.926    -740.270             166             166
   88        -547.693     115.417        -547.668     115.390              88              88
   50        -552.781    1009.620        -552.702    1009.637              50              50
  122        -788.280    1043.376        -788.281    1043.499             122             122
   24        2063.723      97.623        2063.659      97.464              24              24
   30         556.707     297.550         556.773     297.596              30              30
  116        -557.741   -3048.425        -558.106   -3048.378             116             116
  165         885.169     582.417         885.176     582.193             165             165
  111         926.561    -154.881         926.529    -155.073             111             111
   48         716.855    1068.505         716.982    1068.347              48              48
  211         747.840     859.643         747.950     859.533             211             211
   39        1085.722    1148.763        1085.900    1148.664              39              39
    1         643.579    -121.076         643.654    -121.140               1               1
  123         -28.951    1609.665         -28.670    1609.695             123             123
  104       -1084.735     606.434       -1084.648     606.662             104             104
  137        -459.418     334.048        -459.490     334.214             137             137
  106        2791.861     -31.024        2791.824     -31.222             106             106
  158        1326.276   -1708.982        1326.215   -1709.087             158             158
  182        -157.888    -662.790        -157.826    -662.838             182             182
   20         115.983     820.333         116.201     820.270              20              20
  238        -738.841     460.348        -738.692     460.441             238             238
  249        -486.011    1186.638        -485.819    1186.782             249             249
   79        -584.529   -1577.075        -584.713   -1576.955              79              79
  245         540.133     179.765         540.190     179.645             245             245
   32        -443.617     477.041        -443.486     477.078              32              32
  162        -884.013    -373.815        -884.030    -373.771             162             162
  220        -927.822    1980.185        -927.630    1980.243             220             220
   43        2090.025    2161.671        2090.372    2161.500              43              43
   70       -3113.716    1474.659       -3113.460    1475.282              70              70
   71        -655.222   -1127.681        -655.484   -1127.399              71              71
  129        -194.526    -354.861        -194.677    -354.740             129             129
  236        -394.094    -395.304        -394.283    -395.191             236             236
  159        1504.305     269.975        1504.242     269.849             159             159
  179        1139.897    -405.818        1139.887    -405.920             179             179
  102       -1261.631    2074.482       -1261.385    2074.805             102             102
  183        2058.022   -1274.118        2057.854   -1274.123             183             183
  210        -979.380   -3108.732        -979.734   -3108.566             210             210
  218         197.608    -340.513         197.542    -340.663             218             218
   93         165.718    1879.498         165.972    1879.523              93              93
   65           6.182   -2066.622           5.932   -2066.583              65              65
   11        -858.592    1503.307        -858.409    1503.423              11              11
   49        -355.711    -509.623        -355.871    -509.495              49              49
  104         374.753     329.919         374.705     329.924             104             104
   13         576.929     479.708         576.945     479.761              13              13
  172        -292.084   -1058.246        -292.311   -1058.085             172             172
  209        1632.255    -399.043        1632.149    -399.205             209             209
  150        -134.438     -52.144        -134.472     -52.021             150             150
   23        1703.892   -1365.000        1703.691   -1365.151              23              23
  111         686.769    -380.625         686.793    -380.661             111             111
   76         581.900   -1749.046         581.756   -1749.108              76              76
   43        -767.056    -608.167        -767.094    -608.110              43              43
   94         770.078    -378.916         770.047    -379.050              94              94
   70          46.582    -834.909          46.544    -834.955              70              70
  123       -1020.926    -840.187       -1021.050    -840.159             123             123
   83        1130.158     781.978        1130.271     781.702              83              83
  102        -711.484    1154.845        -711.291    1154.951             102             102
   29         626.379     300.596         626.424     300.578              29              29
   48          89.518     439.983          89.636     440.087              48              48
  145        -458.190    -802.470        -458.292    -802.284             145             145
   99         986.453    -761.224         986.414    -761.294              99              99
  119       -1751.418   -1360.371       -1751.572   -1360.095             119             119
   18         273.819   -1056.208         273.639   -1056.306              18              18
   80       -1069.542    -770.642       -1069.688    -770.585              80              80
   23         100.224    -396.201         100.086    -396.343              23              23
  198         408.036    -248.836         407.998    -249.057             198             198
  182       -1468.466     922.113       -1468.399     922.193             182             182
  207         786.694     778.243         786.680     778.027             207             207
  152        1122.651    2257.007        1123.014    2256.866             152             152
  145        -674.292     371.231        -674.173     371.475             145             145
   45       -1385.659      23.380       -1385.715      23.696              45              45
  218       -1204.726     115.606       -1204.950     115.893             218             218
  156        1708.370    -867.893        1708.010    -868.124             156             156
   94        1349.968    1208.696        1350.094    1208.556              94              94
   67         818.730    -331.944         818.695    -331.881              67              67
  169        -581.986   -2609.259        -582.455   -2609.156             169             169
   11        1658.061     177.522        1658.033     177.145              11              11
   21         190.102     429.455         190.181     429.425              21              21
   63        1091.806   -1210.188        1091.667   -1210.409              63              63
   34       -1394.825     808.690       -1394.712     808.834              34              34
  132         554.808     118.226         554.685     118.138             132             132
  140         974.908    -307.362         974.773    -307.556             140             140
   78        1147.298     351.713        1147.334     351.460              78              78
  227         564.462     419.951         564.521     419.778             227             227
  210        1315.648    2497.799        1316.066    2497.655             210             210
  201        1256.764    -189.518        1256.845    -189.550             201             201
   54         582.991    1102.427         583.362    1102.539              54              54
   57       -1196.089   -1167.436       -1196.171   -1166.975              57              57
  231        -423.543   -3122.682        -424.088   -3122.610             231             231
  103         969.220    -426.068         969.181    -426.415             103             103
  203       -1284.000      -0.050       -1284.000       0.000             203             203
   75         969.141     426.769         969.180     426.418              75              75
  223        -424.658    3122.534        -424.097    3122.608             223             223
  222       -1196.258    1166.498       -1196.174    1166.972             222             222
  155         583.747   -1102.652         583.363   -1102.538             155             155
  247        1256.928     189.588        1256.844     189.553             247             247
  164        1316.513   -2497.501        1316.072   -2497.653             164             164
   82         564.586    -419.591         564.522    -419.775              82              82
  198        1147.372    -351.185        1147.334    -351.457             198             198
   61         974.625     307.769         974.771     307.559              61              61
  227         554.553    -118.042         554.686    -118.137             227             227
  244       -1394.589    -808.996       -1394.712    -808.838             244             244
   24        1091.511    1210.654        1091.665    1210.411              24              24
  128         190.272    -429.390         190.182    -429.423             128             128
   82        1658.001    -176.720        1658.034    -177.141              82              82
   91        -582.989    2609.039        -582.462    2609.154              91              91
   41         818.654     331.810         818.694     331.881              41              41
   93        1350.243   -1208.391        1350.097   -1208.553              93              93
  113        1707.591     868.394        1708.007     868.127             113             113
  105       -1205.209    -116.227       -1204.949    -115.895             105             105
  128       -1385.782     -24.070       -1385.716     -23.699             128             128
  245        -674.030    -371.764        -674.171    -371.476             245             245
  245        1123.449   -2256.697        1123.018   -2256.864             245             245
  206         786.667    -777.765         786.682    -778.025             206             206
  217       -1468.314    -922.292       -1468.397    -922.195             217             217
  200         407.949     249.331         407.996     249.060             200             200
  152          99.916     396.519         100.085     396.344             152             152
   15       -1069.869     770.513       -1069.689     770.583              15              15
    2         273.413    1056.429         273.638    1056.306               2               2
  127       -1751.770    1359.744       -1751.576    1360.091             127             127
  119         986.365     761.385         986.413     761.297             119             119
  205        -458.425     802.043        -458.295     802.281             205             205
  203          89.789    -440.220          89.636    -440.087             203             203
   87         626.484    -300.555         626.426    -300.578              87              87
  171        -711.036   -1155.095        -711.290   -1154.953             171             171
  102        1130.425    -781.334        1130.274    -781.698             102             102
   78       -1021.219     840.118       -1021.052     840.157              78              78
   80          46.491     835.015          46.542     834.955              80              80
  185         770.004     379.236         770.046     379.054             185             185
   21        -767.150     608.031        -767.097     608.108              21              21
  142         581.556    1749.196         581.755    1749.110             142             142
  157         686.823     380.712         686.791     380.662             157             157
    9        1703.407    1365.369        1703.688    1365.155               9               9
  166        -134.520      51.845        -134.472      52.019             166             166
   29        1631.998     399.436        1632.149     399.207              29              29
   92        -292.640    1057.855        -292.315    1058.085              92              92
    2         576.970    -479.835         576.946    -479.759               2               2
   71         374.636    -329.933         374.706    -329.926              71              71
  186        -356.105     509.306        -355.871     509.493             186             186
  115        -858.133   -1503.598        -858.405   -1503.425             115             115
  177           5.552    2066.522           5.926    2066.581             177             177
   58         166.361   -1879.558         165.977   -1879.521              58              58
  105         197.441     340.889         197.541     340.663             105             105
  167        -980.283    3108.307        -979.741    3108.562             167             167
    9        2057.591    1274.136        2057.850    1274.127               9               9
   66       -1260.998   -2075.310       -1261.379   -2074.809              66              66
  111        1139.870     406.082        1139.886     405.923             111             111
  161        1504.144    -269.647        1504.242    -269.845             161             161
   82        -394.585     395.005        -394.284     395.187              82              82
  114        -194.921     354.546        -194.678     354.740             114             114
   33        -655.909    1126.942        -655.486    1127.396              33              33
  202       -3113.041   -1476.305       -3113.456   -1475.291             202             202
   63        2090.944   -2161.218        2090.376   -2161.496              63              63
  236        -927.310   -1980.339        -927.625   -1980.245             236             236
   33        -884.059     373.698        -884.031     373.771              33              33
  235        -443.258    -477.142        -443.482    -477.078             235             235
   83         540.286    -179.444         540.189    -179.646              83              83
  112        -585.031    1576.750        -584.714    1576.955             112             112
   60        -485.485   -1187.032        -485.817   -1186.783              60              60
   13        -738.429    -460.608        -738.689    -460.444              13              13
  133         116.583    -820.160         116.201    -820.270             133             133
  203        -157.716     662.925        -157.826     662.839             203             203
  170        1326.099    1709.279        1326.211    1709.089             170             170
  142        2791.758      31.590        2791.824      31.228             142             142
  114        -459.623    -334.516        -459.491    -334.215             114             114
  200       -1084.486    -607.081       -1084.646    -606.664             200             200
  235         -28.145   -1609.751         -28.666   -1609.696             235             235
  116         643.792     121.262         643.655     121.142             116             116
   15        1086.236   -1148.472        1085.901   -1148.660              15              15
  165         748.161    -859.323         747.953    -859.530             165             165
  232         717.228   -1068.045         716.984   -1068.347             232             232
  192         926.466     155.449         926.529     155.077             192             192
  223         885.188    -581.755         885.176    -582.192             223             223
   82        -558.835    3048.285        -558.114    3048.378              82              82
  103         556.906    -297.687         556.774    -297.596             103             103
  232        2063.532     -97.141        2063.660     -97.461             232             232
  149        -788.280   -1043.747        -788.280   -1043.500             149             149
  215        -552.538   -1009.670        -552.699   -1009.637             215             215
  138        -547.618    -115.338        -547.669    -115.392             138             138
  232        -439.965     740.295        -439.930     740.268             232             232
   74         448.854    1317.047         448.962    1317.001              74              74
  172        1537.899      43.597        1537.820      43.434             172             172
  178        1910.487   -1153.509        1910.399   -1153.865             178             178
  138       -1043.207    -966.830       -1043.294    -966.719             138             138
  153        1313.667     491.388        1313.851     490.938             153             153
  212        -432.057     374.738        -431.831     374.748             212             212
  117        -528.262    1571.932        -527.956    1572.150             117             117
  237        2253.316   -1184.686        2253.148   -1185.069             237             237
   68       -1141.893   -1008.815       -1141.938   -1008.674              68              68
  178          -7.519     631.171          -7.382     631.017             178             178
  250         643.837     918.895         644.069     918.785             250             250
  201        1324.783   -1957.852        1324.531   -1958.278             201             201
  126        -712.989     711.289        -712.576     711.086             126             126
  164         -61.886    2699.302         -61.059    2699.205             164             164
   88       -1599.168    1657.782       -1598.684    1658.390              88              88
  240        -682.526   -1207.745        -682.921   -1207.457             240             240
  108        1144.342     190.365        1144.383     189.968             108             108
   67         341.772    1733.257         342.401    1733.144              67              67
  101        -984.461    1871.339        -983.777    1871.838             101             101
  124       -2366.900    -825.605       -2367.096    -824.743             124             124
  233       -1385.349    -703.769       -1385.840    -703.345             233             233
   78        1727.080    -515.819        1726.753    -516.246              78              78
   61         524.928    -536.038         524.898    -536.323              61              61
  200       -1254.985    1745.634       -1254.570    1745.864             200             200
  160         477.659     460.707         477.686     460.708             160             160
  165         337.497    -218.644         337.518    -218.676             165             165
  177       -1180.806      66.596       -1180.759      66.828             177             177
   54        -974.220     865.841        -974.187     866.059              54              54
  124         775.269    -120.431         775.088    -120.676             124             124
   60         -37.610    1342.727         -37.317    1342.644              60              60
   30         -31.325    1898.822         -30.874    1898.929              30              30
  199       -1351.774    1067.306       -1351.653    1067.897             199             199
  232        -822.553     -20.397        -823.004     -19.982             232             232
  209        2777.738     690.988        2777.598     690.483             209             209
   81        1029.587    -237.487        1029.468    -237.619              81              81
  129        2570.177    1242.353        2570.602    1241.842             129             129
  165         615.958     969.720         616.497     969.863             165             165
  199         976.552     256.846         976.993     256.969             199             199
  110        -876.469     145.326        -876.000     146.000             110             110
  233       -2124.816   -2647.918       -2125.260   -2647.118             233             233
  121       -2690.462   -1499.064       -2691.022   -1498.499             121             121
  105         481.229     304.323         481.029     304.070             105             105
  179        -583.015     266.672        -583.156     266.830             179             179
  248        1285.618    -837.677        1285.272    -838.066             248             248
   13         311.917     366.995         312.047     366.736              13              13
   12         617.512    1535.807         618.063    1535.635              12              12
  232       -1801.474     -32.867       -1801.406     -32.360             232             232
  122        -589.458     854.622        -589.347     854.770             122             122
   80       -1378.058     734.155       -1378.093     734.563              80              80
   77        -536.614     577.415        -536.909     577.602              77              77
  247        2102.513     553.857        2102.373     553.270             247             247
   57         782.701    3050.840         783.479    3050.803              57              57
  156        -102.534     969.417        -102.346     969.875             156             156
   52         471.866    1001.914         471.975    1002.280              52              52
    2        1209.020    -714.271        1208.734    -714.150               2               2
   61        2807.401    -307.721        2807.648    -308.196              61              61
  217       -2676.979     722.858       -2676.479     723.885             217             217
  179       -1130.679    -208.135       -1130.931    -207.383             179             179
  115        1524.970   -1724.789        1524.468   -1724.910             115             115
   86       -1466.795    -202.411       -1466.838    -201.876              86              86
  240        -339.045    -744.052        -339.468    -743.834             240             240
  145         247.297     970.801         247.294     970.993             145             145
   29        1530.533    -859.207        1530.202    -859.161              29              29
  216         241.525   -3556.148         240.601   -3556.188             216             216
   98         493.402     570.629         493.572     570.276              98              98
  111        -132.101    1094.888        -131.820    1095.081             111             111
   89         611.549   -1589.000         611.111   -1589.000              89              89
    8         131.361    -155.171         131.361    -155.192               8               8
   54         152.121    -575.476         152.027    -575.485              54              54
  200       -1047.397    -375.703       -1047.578    -375.448             200             200
  242         721.262     178.085         721.148     177.894             242             242
  175         971.571     -71.470         971.583     -71.665             175             175
   49        -165.151    -755.037        -165.258    -755.014              49              49
  166        -463.130     679.347        -462.937     679.483             166             166
  168        -873.299   -1541.178        -873.909   -1541.078             168             168
   63        1157.879    2209.886        1158.285    2209.425              63              63
  179        1037.474    1077.992        1037.797    1077.907             179             179
  144        -115.358     572.011        -115.166     572.353             144             144
  186        1153.938    -772.672        1153.847    -772.749             186             186
    3       -1408.949    -259.328       -1408.957    -258.821               3               3
  222         -80.533    -352.649         -80.831    -352.540             222             222
  177        1469.529    -566.828        1469.295    -567.253             177             177
   61        1406.422     172.840        1406.727     172.345              61              61
  122       -1097.293    1343.686       -1096.655    1344.028             122             122
  230        -481.144     344.579        -480.945     344.874             230             230
   63       -1644.688     442.078       -1644.663     442.684              63              63
  183         579.100     322.439         578.997     322.418             183             183
  192         829.657     775.530         829.942     775.482             192             192
  243       -1407.006     513.733       -1406.875     514.399             243             243
   43         653.070      92.313         652.973      92.393              43              43
   23         257.222     274.940         257.304     275.111              23              23
  227        1124.957     555.242        1125.348     555.233             227             227
  188       -2234.317     139.622       -2234.134     140.641             188             188
   53         171.829      37.589         171.834      37.984              53              53
  188       -1584.713   -1353.029       -1585.079   -1352.234             188             188
   31       -1937.869    -287.481       -1938.275    -286.689              31              31
  164         925.528   -1062.535         924.897   -1062.633             164             164
   21        -175.035     526.440        -175.019     526.674              21              21
   40          62.232     495.983          62.256     496.460              40              40
  218        -409.052   -2592.098        -409.908   -2591.597             218             218
  222        -442.156   -1325.711        -442.682   -1325.513             222             222
   26       -1277.808   -1697.112       -1278.627   -1696.886              26              26
  138         714.027    1332.044         714.030    1331.771             138             138
   15         240.794     512.014         240.647     512.269              15              15
  192        1680.912   -2019.442        1680.226   -2019.771             192             192
   50        -652.530     213.038        -652.443     213.186              50              50
   79       -1502.243    1033.514       -1502.302    1034.156              79              79
  115        1544.065     546.579        1543.784     546.618             115             115
  194        1509.355   -1310.014        1508.839   -1309.923             194             194
    9         868.992   -2206.046         868.388   -2206.054               9               9
  119        -339.960      43.370        -339.967      43.774             119             119
  161         721.059   -3516.209         719.973   -3516.235             161             161
  186        -646.299   -1147.259        -646.731   -1147.178             186             186
  181         911.729   -2201.195         910.980   -2201.744             181             181
   28        -769.576    1530.242        -769.220    1530.349              28              28
  161         276.354   -1415.589         275.673   -1415.565             161             161
  245        1157.163    -736.229        1156.839    -736.630             245             245
  211        -675.555    -798.220        -675.961    -798.111             211             211
   97        2021.542    -120.067        2021.395    -120.754              97              97
  233         333.450    -369.503         333.475    -369.613             233             233
  254         185.945    -598.315         185.918    -598.416             254             254
  120       -1766.320    -244.532       -1766.502    -244.092             120             120
  204        1027.503    1111.483        1027.599    1111.314             204             204
  187        1106.607   -1831.426        1106.156   -1831.628             187             187
  173       -1433.907      95.347       -1433.817      95.766             173             173
  137        -471.642     123.305        -471.787     123.694             137             137
  219        -658.384   -3138.907        -659.668   -3138.739             219             219
   82        1336.600     691.460        1336.586     690.840              82              82
  159        -140.402    -741.547        -140.745    -741.503             159             159
    3        1307.238    -795.078        1307.000    -795.579               3               3
   44       -1360.511    -454.955       -1360.684    -454.673              44              44
  125         638.805    -682.360         638.447    -682.780             125             125
   30       -1141.287     838.771       -1141.281     838.976              30              30
  182        2462.945    -166.887        2462.798    -167.697             182             182
  141        -731.108     385.491        -730.829     385.655             141             141
  222          45.183    1049.996          45.575    1050.120             222             222
  233       -1189.303    -466.195       -1189.431    -465.602             233             233
  220        -915.432      48.231        -915.570      48.716             220             220
   82        -146.140    -462.995        -146.367    -462.674              82              82
  172       -2111.771   -1440.467       -2112.406   -1439.633             172             172
  229       -1229.749    -704.882       -1230.417    -704.406             229             229
  202       -1305.659   -1317.088       -1306.705   -1316.593             202             202
   77         690.531   -1720.241         689.397   -1720.545              77              77
  160        -728.789   -1021.040        -729.684   -1021.021             160             160
  127        1463.321    -403.131        1462.704    -403.711             127             127
  105        -566.629   -2475.393        -567.842   -2475.525             105             105
   66        1387.262    -246.995        1386.807    -248.025              66              66
  116        -807.688     827.461        -807.779     827.311             116             116
   61        1197.397     994.210        1197.384     993.699              61              61
  163       -1351.141    -611.101       -1351.681    -610.782             163             163
   93          30.557     461.231          30.169     461.040              93              93
   60        -724.608     271.706        -725.118     271.877              60              60
   28        -288.966    -265.705        -289.829    -265.662              28              28
   42         420.520   -1055.266         419.337   -1055.676              42              42
  248         836.784     759.612         836.192     758.947             248             248
  202        2268.425    1955.953        2268.493    1955.189             202             202
  179         111.163    -909.173         110.486    -909.215             179             179
  212       -1206.104    1034.529       -1206.518    1034.754             212             212
   28        1103.285    2126.185        1103.115    2126.120              28              28
   82       -1052.855   -2688.142       -1054.720   -2687.683              82              82
  215         818.113    1526.223         817.446    1525.824             215             215
   73       -1857.618     369.945       -1859.078     370.801              73              73
  208        1653.472   -1290.764        1651.007   -1291.181             208             208
  245         712.154    -824.321         709.588    -824.711             245             245
  255        -564.762     817.697        -568.091     817.856             255             255
   93        1353.870   -1649.066        1346.197   -1649.601              93              93
