SINAL     NFT                         FFT                         NFT INVERSA     FFT INVERSA
-----     -----------------------     -----------------------     -----------     -----------
  103       67013.000       0.000       67013.000       0.000             103             103
  236         617.393   -2900.301         617.406   -2900.301             236             236
   24        -221.655    -734.196        -221.642    -734.196              24              24
  141         803.673     180.882         803.687     180.880             141             141
  213         203.170      53.033         203.185      53.034             213             213
  136       -1254.664   -1764.692       -1254.655   -1764.689             136             136
   46         162.711    1166.468         162.726    1166.467              46              46
  194        1647.610   -1233.790        1647.618   -1233.796             194             194
  231        1555.693     -76.767        1555.711     -76.778             231             231
  193        -122.727     988.058        -122.701     988.057             193             193
   69       -1493.751     456.321       -1493.732     456.333              69              69
  109         -48.623    -915.110         -48.617    -915.110             109             109
    0        1093.554     975.999        1093.580     975.992               0               0
  147       -1111.657    -426.105       -1111.640    -426.095             147             147
  192        -454.450    -144.944        -454.434    -144.941             192             192
   36       -1052.456     459.652       -1052.437     459.660              36              36
  184        -566.440     -56.518        -566.429     -56.514             184             184
  244        -303.763    1591.125        -303.733    1591.130             244             244
  169       -1676.803    1193.362       -1676.783    1193.394             169             169
  201        -298.401    -919.529        -298.414    -919.512             201             201
   49         575.917    -347.365         575.910    -347.364              49              49
  164         596.966    -907.473         596.952    -907.477             164             164
  171        2848.937     233.786        2848.949     233.748             171             171
  106        1891.307      98.900        1891.336      98.881             106             106
  176        1150.108    -665.283        1150.139    -665.294             176             176
  184       -1706.008    -708.763       -1705.985    -708.739             184             184
  195        -391.334     110.134        -391.316     110.135             195             195
  232         831.639     838.065         831.677     838.055             232             232
  227        -374.025     316.648        -373.985     316.671             227             227
  144       -1621.590   -1494.491       -1621.588   -1494.452             144             144
   16       -2232.671   -1251.565       -2232.693   -1251.534              16              16
   74         604.886     -73.335         604.877     -73.366              74              74
  125         525.020    1447.390         525.054    1447.371             125             125
   41        1081.687     837.339        1081.719     837.326              41              41
  215        1383.422     178.688        1383.464     178.673             215             215
   82        -969.137    -517.044        -969.105    -517.016              82              82
  178       -1827.977     287.378       -1827.953     287.418             178             178
    6         268.999    2092.692         269.055    2092.710               6               6
   21         793.971   -1399.830         793.971   -1399.811              21              21
  154       -1958.427   -1606.978       -1958.434   -1606.923             154             154
  200       -1374.074    -950.512       -1374.094    -950.487             200             200
   90        -540.770    -377.663        -540.784    -377.671              90              90
    7         834.420    1610.171         834.479    1610.143               7               7
  200       -2360.474     398.948       -2360.457     399.026             200             200
  238         440.500    1118.747         440.518    1118.768             238             238
  200         768.132   -1001.921         768.118   -1001.896             200             200
  237        -376.016   -2856.351        -376.069   -2856.326             237             237
  167       -1874.675   -1514.397       -1874.713   -1514.366             167             167
  188          85.348   -1406.238          85.298   -1406.289             188             188
  150        -485.091    1120.548        -485.049    1120.515             150             150
  113       -1938.932    1477.908       -1938.905    1477.958             113             113
  238         568.465    -138.167         568.425    -138.191             238             238
   59         500.664     810.184         500.667     810.153              59              59
   28        1337.080    1946.096        1337.141    1946.072              28              28
   88         593.676   -1430.653         593.651   -1430.658              88              88
  236       -2109.428     565.997       -2109.421     566.053             236             236
  212         798.582    1543.836         798.584    1543.820             212             212
   27        2182.114    -291.847        2182.080    -291.908              27              27
  213        2516.712    1759.004        2516.808    1758.951             213             213
  184        -621.207   -2515.380        -621.264   -2515.331             184             184
  172          62.751     246.233          62.753     246.214             172             172
  229        2141.235    -213.999        2141.234    -214.100             229             229
    2         974.285    2399.698         974.414    2399.675               2               2
   42        1474.125    -256.888        1474.165    -256.887              42              42
   15         866.037   -2403.708         866.011   -2403.745              15              15
  218        -242.683    1267.245        -242.551    1267.234             218             218
  124       -1387.980    -559.385       -1387.953    -559.339             124             124
  194        -965.568    2108.662        -965.465    2108.707             194             194
  224         681.238     243.751         681.270     243.760             224             224
  146       -1043.358      85.929       -1043.337      86.010             146             146
   92         964.313   -1060.158         964.273   -1060.196              92              92
  168        2262.899    1471.421        2263.060    1471.325             168             168
  236       -4265.158      81.356       -4265.093      81.592             236             236
  100          77.084    -136.335          77.063    -136.311             100             100
  113        -791.476      86.740        -791.470      86.799             113             113
  219        -410.037     692.334        -410.019     692.398             219             219
   44         -36.177    -844.164         -36.248    -844.107              44              44
   94        1821.195   -1784.109        1821.102   -1784.192              94              94
  130        1630.423      87.853        1630.486      87.757             130             130
  233         415.357     -35.448         415.448     -35.466             233             233
  245        -730.162    -852.119        -730.113    -852.100             245             245
  243       -2093.499    1006.751       -2093.403    1006.835             243             243
  216        -322.363    1660.804        -322.264    1660.860             216             216
   49           8.457   -1083.212           8.439   -1083.167              49              49
   16       -1223.978    -222.339       -1223.952    -222.264              16              16
   48       -1132.358    -661.689       -1132.394    -661.641              48              48
   30        1004.718    1091.424        1004.808    1091.360              30              30
  228       -1538.705     -28.452       -1538.650     -28.368             228             228
   76       -1707.779    1893.552       -1707.670    1893.671              76              76
  243        -307.740     455.077        -307.726     455.157             243             243
  156        -911.314     427.224        -911.304     427.343             156             156
  249         401.769    -494.592         401.733    -494.562             249             249
  217         282.912    1061.676         283.016    1061.732             217             217
  159       -1666.478   -1376.077       -1666.536   -1375.904             159             159
   35         167.981     566.077         168.029     566.141              35              35
  233        -780.901   -1751.174        -780.959   -1751.037             233             233
  121       -1722.085   -2977.994       -1722.241   -2977.900             121             121
  160       -1688.968     748.304       -1688.923     748.371             160             160
  171       -1497.327     185.998       -1497.318     186.117             171             171
   90       -4685.444    -320.284       -4685.584    -319.947              90              90
   50        1214.598    -422.706        1214.395    -422.735              50              50
    8          78.235   -2142.803          77.990   -2142.808               8               8
    3        1187.650     456.046        1187.593     455.948               3               3
   31        1740.308    -157.341        1740.296    -157.424              31              31
  109       -1461.657   -1502.209       -1461.767   -1502.102             109             109
  116         197.944    -964.473         197.817    -964.530             116             116
  250         364.717     446.451         364.709     446.393             250             250
  154        -791.082    -361.529        -791.172    -361.488             154             154
  211        1487.076    -288.563        1486.998    -288.706             211             211
  124         243.929     784.703         243.978     784.653             124             124
  131       -1377.703    1190.171       -1377.691    1190.286             131             131
  201        1369.824     292.840        1369.744     292.800             201             201
  112         976.328    -491.121         976.232    -491.147             112             112
   92        1596.179    -870.827        1596.090    -870.947              92              92
  251         134.967     692.955         134.981     692.938             251             251
  128        2694.626    -198.379        2694.612    -198.571             128             128
  140        -111.528     814.423        -111.435     814.438             140             140
   25        1163.343    1100.439        1163.429    1100.416              25              25
  101        1006.567    -267.981        1006.586    -267.971             101             101
  217         287.200    -604.438         287.204    -604.405             217             217
   13        -455.749     200.940        -455.731     201.031              13              13
    2        2063.113     -42.284        2063.156     -42.341               2               2
  210       -1925.327   -2380.851       -1925.480   -2380.644             210             210
  230        1312.365   -1384.245        1312.248   -1384.391             230             230
  162        -526.986     642.381        -526.916     642.388             162             162
  246         395.833     703.287         395.894     703.305             246             246
  208        -801.788   -1421.758        -801.915   -1421.656             208             208
   27        -358.278    -294.457        -358.387    -294.443              27              27
  150        1610.982    1118.082        1611.000    1118.000             150             150
  123        1449.491   -1502.702        1449.340   -1502.756             123             123
  118        2728.103    -158.382        2728.160    -158.567             118             118
  200         -28.479   -1907.128         -28.522   -1907.098             200             200
  132         -78.171   -1559.351         -78.230   -1559.416             132             132
  121        -678.246    1752.743        -678.071    1752.801             121             121
  231        1175.276   -2672.241        1175.090   -2672.339             231             231
  241       -1418.597     180.805       -1418.549     180.847             241             241
  238         701.204     124.934         701.216     124.828             238             238
  226        -840.940     615.898        -840.890     615.963             226             226
  140         663.348    -768.777         663.257    -768.875             140             140
  194         -16.466    2712.908         -16.230    2712.943             194             194
   94         340.584   -1192.842         340.459   -1192.774              94              94
   15        -149.647    -637.051        -149.753    -637.037              15              15
  139        1771.366    1535.726        1771.480    1535.629             139             139
  207        1021.962    -953.788        1021.920    -953.749             207             207
  108         535.093   -2104.099         534.967   -2104.100             108             108
  134       -1457.584   -1081.015       -1457.711   -1080.893             134             134
   80        2091.375   -1491.991        2091.183   -1492.240              80              80
  248         867.516   -1186.720         867.416   -1186.938             248             248
  160        2423.213    1793.952        2423.467    1793.625             160             160
  182        -236.177     558.273        -236.019     558.289             182             182
  210        1485.547    1964.662        1485.837    1964.603             210             210
  173        -340.810    -583.205        -340.748    -582.998             173             173
  184         286.344   -3035.435         286.138   -3035.418             184             184
  164        -514.484   -1377.171        -514.550   -1377.226             164             164
  148         251.499     283.949         251.571     283.813             148             148
   91         362.165     928.059         362.315     927.979              91              91
  154         817.799     756.654         817.977     756.595             154             154
  100        -750.705      40.543        -750.613      40.668             100             100
  118        1146.938       5.770        1147.052       5.705             118             118
   49       -1778.072     -78.132       -1777.986     -77.869              49              49
  224        1055.711   -2312.517        1055.558   -2312.643             224             224
  236       -1762.852    1537.891       -1762.593    1538.058             236             236
  250        -218.631   -1518.715        -218.746   -1518.679             250             250
  100       -1368.219    1241.190       -1368.062    1241.344             100             100
  102        -411.787     -73.403        -411.816     -73.235             102             102
  225        -368.733   -2744.983        -369.052   -2744.927             225             225
   86         -79.625     656.200         -79.608     656.188              86              86
   84        1860.448   -1756.017        1860.288   -1756.222              84              84
  195          -6.368     310.524          -6.220     310.514             195             195
  226        -264.874   -2663.531        -265.070   -2663.586             226             226
   22        -597.272    1888.244        -596.990    1888.223              22              22
   34        -517.361    -805.304        -517.394    -805.226              34              34
  242        -600.584    -527.853        -600.597    -527.815             242             242
  162        -567.589    -908.577        -567.647    -908.586             162             162
  242       -1004.218     -83.493       -1004.198     -83.495             242             242
   94       -1747.667    1209.021       -1747.595    1209.168              94              94
   41         590.511     450.880         590.485     450.851              41              41
   67        -373.165   -1039.866        -373.314   -1039.825              67              67
   87        -238.581     129.595        -238.629     129.573              87              87
  202         329.963     373.202         329.938     373.166             202             202
  249         894.562   -1020.664         894.419   -1020.789             249             249
   42          40.282    -638.620          40.187    -638.739              42              42
  119        1441.308     603.630        1441.391     603.313             119             119
  178         175.843    2430.493         176.175    2430.451             178             178
  206        1772.064     285.563        1772.214     285.420             206             206
   12        -685.516     577.978        -685.275     578.112              12              12
   13       -1086.253       4.201       -1086.162       4.366              13              13
  105        -978.453    1650.100        -978.227    1650.318             105             105
  112       -1373.572     -58.838       -1373.646     -58.457             112             112
  132         872.033   -2919.365         871.604   -2919.408             132             132
  155         464.351      27.838         464.366      27.713             155             155
   81         272.467     719.079         272.610     719.081              81              81
  113       -1523.934    -292.052       -1524.010    -291.746             113             113
  149         996.428   -2267.723         996.022   -2267.844             149             149
  182        2954.825     772.679        2955.003     772.296             182             182
  215        -601.947   -1730.829        -601.997   -1730.734             215             215
  118         148.488   -1256.283         148.429   -1256.424             118             118
   13        -301.322     936.577        -301.107     936.516              13              13
   44          -4.611     254.929          -4.488     254.915              44              44
   58        -321.110     786.456        -320.904     786.558              58              58
  240        -600.410   -1348.705        -600.488   -1348.573             240             240
   67       -1128.234    -592.244       -1128.267    -592.129              67              67
   93        -195.106     181.263        -195.057     181.306              93              93
  227        -569.903   -2094.839        -570.128   -2094.804             227             227
  229       -1151.452    -227.831       -1151.486    -227.816             229             229
   80         389.442      52.730         389.470      52.582              80              80
   65       -1739.797    -448.238       -1739.864    -448.118              65              65
   15         505.846     340.713         505.866     340.506              15              15
  147       -1204.914    1033.432       -1204.776    1033.500             147             147
  153        -579.752     981.817        -579.686     981.865             153             153
  217       -1032.430    1020.498       -1032.432    1020.657             217             217
  141         772.310    1323.635         772.306    1323.658             141             141
  195        2578.394   -1250.483        2578.214   -1250.726             195             195
   81         151.671    -131.621         151.761    -131.598              81              81
   63         213.903   -1584.166         213.750   -1584.219              63              63
  146         437.128    -691.980         437.121    -692.202             146             146
   93         222.765    1415.991         223.113    1415.831              93              93
   77       -1395.784    1561.112       -1395.451    1561.337              77              77
  252       -1272.746     250.624       -1272.723     250.890             252             252
  206        -242.852     425.738        -242.844     425.862             206             206
  209         -59.975      16.368         -59.999      16.504             209             209
  151         209.084   -1282.414         208.928   -1282.374             151             151
   32       -1713.267    -673.376       -1713.431    -673.154              32              32
   66        1840.043    -439.648        1839.940    -439.978              66              66
   44       -1214.508     872.458       -1214.369     872.625              44              44
  214        1016.844    -634.101        1016.737    -634.249             214             214
   26        -529.390    1444.220        -529.152    1444.364              26              26
  163         213.349   -1414.872         213.135   -1414.810             163             163
  227         185.220    -114.597         185.233    -114.614             227             227
   70        -547.991    -108.848        -548.003    -108.698              70              70
  222          79.207   -1278.677          78.984   -1278.625             222             222
  211         293.167   -2335.240         292.794   -2335.396             211             211
  137        1051.399     147.703        1051.473     147.343             137             137
   60         148.463     280.608         148.639     280.448              60              60
  182        -798.029     705.258        -797.812     705.282             182             182
  111       -1410.401    1114.035       -1410.245    1114.243             111             111
  140        -159.764    1011.992        -159.703    1012.160             140             140
  248         541.237   -2614.059         540.782   -2614.117             248             248
  127         895.922     298.975         896.015     298.693             127             127
   32        -460.299     878.572        -460.088     878.614              32              32
  146        -789.644      67.218        -789.661      67.374             146             146
   88         382.112     156.344         382.064     156.349              88              88
  173         671.122   -1530.009         670.839   -1530.124             173             173
   86        2059.941     -44.905        2060.033     -45.321              86              86
  170         322.039    -513.402         322.199    -513.566             170             170
  237       -1246.540    1076.690       -1246.221    1076.816             237             237
  232        -143.778    -221.200        -143.764    -221.197             232             232
    8         807.045     333.414         807.241     333.249               8               8
   58        -451.716    -276.733        -451.522    -276.717              58              58
  229       -1618.984     345.119       -1618.752     345.270             229             229
  215       -1571.102    1779.146       -1570.739    1779.393             215             215
   11       -1708.215     880.092       -1708.090     880.513              11              11
  125       -1164.588    -250.414       -1164.729    -250.063             125             125
  247        -327.455    -442.790        -327.638    -442.583             247             247
   78         157.323   -2588.303         156.855   -2588.344              78              78
  169        -695.891    -338.810        -695.997    -338.874             169             169
  206         897.000       0.310         897.000       0.000             206             206
  104        -696.108     338.936        -695.999     338.872             104             104
   77         156.366    2588.386         156.848    2588.344              77              77
  177        -327.827     442.373        -327.639     442.584             177             177
  175       -1164.876     249.697       -1164.730     250.061             175             175
   43       -1707.956    -880.957       -1708.087    -880.517              43              43
  133       -1570.354   -1779.656       -1570.736   -1779.396             133             133
   57       -1618.506    -345.436       -1618.751    -345.275              57              57
  104        -451.317     276.699        -451.522     276.716             104             104
   60         807.456    -333.068         807.244    -333.246              60              60
  169        -143.748     221.193        -143.763     221.196             169             169
  244       -1245.868   -1076.958       -1246.217   -1076.819             244             244
   53         322.376     513.747         322.200     513.567              53              53
   40        2060.135      45.790        2060.034      45.328              40              40
   21         670.517    1530.254         670.835    1530.126              21              21
  199         382.011    -156.353         382.065    -156.347             199             199
  129        -789.681     -67.553        -789.661     -67.375             129             129
  194        -459.843    -878.661        -460.085    -878.613             194             194
   30         896.123    -298.365         896.015    -298.691              30              30
   43         540.244    2614.188         540.774    2614.120              43              43
  175        -159.630   -1012.359        -159.702   -1012.161             175             175
    6       -1410.058   -1114.492       -1410.243   -1114.246               6               6
   52        -797.554    -705.317        -797.812    -705.286              52              52
  234         148.851    -280.255         148.640    -280.446             234             234
  236        1051.562    -146.906        1051.473    -147.341             236             236
   11         292.333    2335.590         292.789    2335.398              11              11
  245          78.706    1278.561          78.982    1278.624             245             245
  105        -548.015     108.510        -548.001     108.697             105             105
    3         185.251     114.637         185.234     114.615               3               3
   68         212.860    1414.735         213.130    1414.813              68              68
   19        -528.849   -1444.545        -529.149   -1444.364              19              19
  209        1016.598     634.440        1016.735     634.252             209             209
  173       -1214.189    -872.840       -1214.368    -872.625             173             173
   96        1839.805     440.413        1839.939     439.983              96              96
  131       -1713.648     672.856       -1713.433     673.150             131             131
   93         208.719    1282.324         208.925    1282.375              93              93
  140         -60.030     -16.684         -59.999     -16.504             140             140
    8        -242.831    -426.029        -242.843    -425.863               8               8
  150       -1272.692    -251.252       -1272.723    -250.893             150             150
  244       -1394.996   -1561.644       -1395.449   -1561.339             244             244
   69         223.591   -1415.609         223.114   -1415.829              69              69
   64         437.108     692.512         437.119     692.204              64              64
  233         213.535    1584.289         213.748    1584.217             233             233
  122         151.887     131.569         151.761     131.600             122             122
  104        2577.957    1251.075        2578.212    1250.730             104             104
  254         772.303   -1323.686         772.308   -1323.654             254             254
   66       -1032.434   -1020.889       -1032.430   -1020.659              66              66
  234        -579.588    -981.933        -579.684    -981.864             234             234
  193       -1204.573   -1033.603       -1204.774   -1033.501             193             193
   96         505.896    -340.198         505.866    -340.504              96              96
   22       -1739.962     447.934       -1739.863     448.114              22              22
  113         389.512     -52.358         389.470     -52.580             113             113
  103       -1151.538     227.790       -1151.487     227.814             103             103
   74        -570.478    2094.748        -570.134    2094.803              74              74
   91        -194.981    -181.374        -195.056    -181.307              91              91
   83       -1128.319     591.950       -1128.268     592.128              83              83
   86        -600.613    1348.367        -600.491    1348.573              86              86
   81        -320.577    -786.721        -320.901    -786.560              81              81
  188          -4.287    -254.894          -4.483    -254.916             188             188
   89        -300.761    -936.417        -301.104    -936.515              89              89
  149         148.331    1256.651         148.427    1256.424             149             149
  208        -602.083    1730.579        -602.003    1730.733             208             208
   42        2955.297    -771.663        2955.006    -772.288              42              42
   67         995.346    2268.045         996.016    2267.847              67              67
   48       -1524.138     291.234       -1524.010     291.745              48              48
  173         272.851    -719.084         272.611    -719.081             173             173
  160         464.392     -27.501         464.366     -27.713             160             160
  188         870.857    2919.487         871.596    2919.411             188             188
  182       -1373.774      57.795       -1373.646      58.454             182             182
   54        -977.825   -1650.702        -978.222   -1650.321              54              54
  177       -1086.004      -4.658       -1086.163      -4.369             177             177
  251        -684.842    -578.350        -685.272    -578.114             251             251
  119        1772.481    -285.157        1772.214    -285.415             119             119
  155         176.784   -2430.373         176.181   -2430.449             155             155
  118        1441.545    -602.735        1441.394    -603.311             118             118
  224          40.012     638.957          40.186     638.740             224             224
  153         894.152    1021.019         894.417    1020.789             153             153
  184         329.890    -373.096         329.937    -373.165             184             184
  202        -238.718    -129.532        -238.629    -129.573             202             202
   91        -373.601    1039.747        -373.318    1039.824              91              91
   25         590.436    -450.792         590.486    -450.849              25              25
  224       -1747.450   -1209.453       -1747.591   -1209.169             224             224
  204       -1004.158      83.493       -1004.197      83.492             204             204
  128        -567.766     908.600        -567.650     908.584             128             128
   43        -600.623     527.738        -600.598     527.813              43              43
   40        -517.463     805.074        -517.396     805.226              40              40
  212        -596.414   -1888.186        -596.984   -1888.225             212             212
  129        -265.475    2663.699        -265.076    2663.587             129             129
  121          -5.915    -310.491          -6.219    -310.512             121             121
  145        1859.950    1756.655        1860.283    1756.228             145             145
  218         -79.568    -656.161         -79.604    -656.187             218             218
   15        -369.733    2744.806        -369.060    2744.924              15              15
   97        -411.876      72.877        -411.815      73.233              97              97
    5       -1367.725   -1241.680       -1368.061   -1241.348               5               5
   82        -218.996    1518.601        -218.748    1518.680              82              82
  145       -1762.025   -1538.428       -1762.590   -1538.064             145             145
  178        1055.215    2312.922        1055.555    2312.645             178             178
  243       -1777.793      77.279       -1777.985      77.866             243             243
   78        1147.310      -5.553        1147.053      -5.702              78              78
  105        -750.404     -40.953        -750.612     -40.669             105             105
   42         818.388    -756.459         817.979    -756.594              42              42
    0         362.666    -927.790         362.318    -927.977              -0               0
  101         251.740    -283.495         251.572    -283.812             101             101
  161        -514.709    1377.353        -514.554    1377.225             161             161
  155         285.638    3035.379         286.131    3035.419             155             155
  219        -340.600     582.504        -340.749     582.998             219             219
  129        1486.548   -1964.457        1485.844   -1964.600             129             129
   52        -235.631    -558.328        -236.017    -558.290              52              52
  148        2424.096   -1792.815        2423.471   -1793.621             148             148
   75         867.165    1187.481         867.413    1186.941              75              75
  144        2090.696    1492.870        2091.179    1492.245             144             144
  174       -1458.035    1080.580       -1457.713    1080.888             174             174
   44         534.639    2104.106         534.964    2104.102              44              44
   93        1021.807     953.651        1021.918     953.751              93              93
   46        1771.784   -1535.367        1771.484   -1535.624              46              46
   88        -150.033     636.995        -149.754     637.034              88              88
  134         340.125    1192.594         340.457    1192.775             134             134
    3         -15.583   -2713.037         -16.222   -2712.943               3               3
  217         663.007     769.144         663.254     768.877             217             217
  255        -840.748    -616.144        -840.887    -615.966             255             255
  148         701.248    -124.532         701.215    -124.827             148             148
  180       -1418.413    -180.968       -1418.547    -180.851             180             180
   15        1174.555    2672.623        1175.084    2672.343              15              15
  245        -677.566   -1752.967        -678.065   -1752.801             245             245
  185         -78.403    1559.603         -78.233    1559.416             185             185
   98         -28.652    1907.014         -28.527    1907.100              98              98
  135        2728.323     159.116        2728.156     158.573             135             135
  108        1448.891    1502.919        1449.339    1502.760             108             108
   85        1611.053   -1117.753        1611.000   -1118.000              85              85
  214        -358.718     294.397        -358.387     294.441             214             214
  213        -802.318    1421.328        -801.920    1421.652             213             213
  127         396.090    -703.359         395.897    -703.304             127             127
  214        -526.690    -642.415        -526.914    -642.390             214             214
   58        1311.869    1384.871        1312.245    1384.397              58              58
   33       -1925.985    2379.967       -1925.487    2380.638              33              33
  113        2063.298      42.541        2063.157      42.347             113             113
   22        -455.673    -201.333        -455.732    -201.033              22              22
  162         287.210     604.299         287.202     604.406             162             162
  166        1006.649     267.940        1006.585     267.972             166             166
  170        1163.731   -1100.331        1163.433   -1100.412             170             170
  238        -111.116    -814.493        -111.434    -814.439             238             238
   55        2694.557     199.254        2694.609     198.578              55              55
   88         135.032    -692.884         134.981    -692.941              88              88
   27        1595.765     871.377        1596.085     870.950              27              27
  148         975.887     491.245         976.231     491.149             148             148
  135        1369.454    -292.637        1369.743    -292.795             135             135
  115       -1377.639   -1190.717       -1377.688   -1190.289             115             115
   26         244.161    -784.465         243.978    -784.652              26              26
  138        1486.703     289.244        1486.998     288.708             138             138
   77        -791.520     361.332        -791.175     361.487              77              77
   26         364.682    -446.170         364.710    -446.393              26              26
   31         197.319     964.751         197.814     964.531              31              31
    1       -1462.208    1501.674       -1461.772    1502.099               1               1
   42        1740.237     157.769        1740.294     157.429              42              42
   21        1187.370    -455.548        1187.595    -455.946              21              21
  186          76.975    2142.828          77.982    2142.808             186             186
  140        1213.558     422.860        1214.394     422.737             140             140
  156       -4686.176     318.513       -4685.587     319.935             156             156
   38       -1497.280    -186.626       -1497.319    -186.121              38              38
  226       -1688.724    -748.664       -1688.921    -748.376             226             226
  115       -1722.925    2977.485       -1722.244    2977.898             115             115
  252        -781.232    1750.429        -780.963    1751.036             252             252
   98         168.247    -566.426         168.030    -566.141              98              98
   73       -1666.804    1375.112       -1666.538    1375.901              73              73
   54         283.496   -1061.989         283.017   -1061.732              54              54
  131         401.565     494.426         401.732     494.563             131             131
  186        -911.250    -427.912        -911.302    -427.347             186             186
   76        -307.659    -455.543        -307.726    -455.159              76              76
   38       -1707.142   -1894.253       -1707.668   -1893.674              38              38
   97       -1538.387      27.942       -1538.651      28.363              97              97
  247        1005.268   -1091.034        1004.812   -1091.357             247             247
   20       -1132.582     661.394       -1132.396     661.639              20              20
  152       -1223.822     221.874       -1223.953     222.262             152             152
   80           8.333    1082.933           8.435    1083.166              80              80
   48        -321.740   -1661.155        -322.261   -1660.861              48              48
   44       -2092.889   -1007.297       -2093.400   -1006.841              44              44
  216        -729.852     851.993        -730.114     852.099             216             216
  163         415.952      35.566         415.449      35.467             163             163
   71        1630.835     -87.204        1630.486     -87.751              71              71
   98        1820.570    1784.672        1821.099    1784.196              98              98
  240         -36.656     843.778         -36.249     844.106             240             240
   97        -409.905    -692.779        -410.016    -692.400              97              97
  129        -791.432     -87.160        -791.470     -86.802             129             129
  241          76.942     136.166          77.064     136.311             241             241
  140       -4264.690     -83.053       -4265.092     -81.600             140             140
  150        2264.074   -1470.715        2263.064   -1471.320             150             150
  172         964.015    1060.448         964.271    1060.199             172             172
   24       -1043.202     -86.538       -1043.336     -86.014              24              24
   51         681.479    -243.821         681.271    -243.760              51              51
  211        -964.767   -2109.008        -965.460   -2108.710             211             211
  251       -1387.766     559.018       -1387.954     559.335             251             251
  166        -241.632   -1267.156        -242.545   -1267.234             166             166
  207         865.825    2404.011         866.009    2403.746             207             207
   94        1474.437     256.912        1474.163     256.892              94              94
  240         975.379   -2399.497         974.420   -2399.674             240             240
    6        2141.227     214.874        2141.234     214.106               6               6
  225          62.770    -246.067          62.754    -246.214             225             225
  171        -621.740    2514.947        -621.271    2515.330             171             171
   83        2517.581   -1758.510        2516.813   -1758.945              83              83
    8        2181.805     292.416        2182.079     291.913               8               8
   12         798.618   -1543.678         798.587   -1543.817              12              12
   74       -2109.362    -566.551       -2109.421    -566.058              74              74
   28         593.413    1430.711         593.646    1430.660              28              28
  164        1337.692   -1945.839        1337.145   -1946.068             164             164
  155         500.709    -809.870         500.669    -810.152             155             155
   76         568.041     138.415         568.422     138.192              76              76
  209       -1938.653   -1478.436       -1938.903   -1477.962             209             209
  115        -484.649   -1120.208        -485.047   -1120.516             115             115
  240          84.805    1406.778          85.296    1406.289             240             240
   25       -1875.122    1514.031       -1874.718    1514.363              25              25
  213        -376.654    2856.083        -376.076    2856.327             213             213
  224         767.948    1001.635         768.114    1001.897             224             224
  123         440.716   -1118.991         440.520   -1118.769             123             123
   87       -2360.261    -399.917       -2360.456    -399.033              87              87
  210         835.160   -1609.818         834.483   -1610.141             210             210
    7        -540.947     377.752        -540.785     377.669               7               7
  238       -1374.325     950.184       -1374.093     950.485             238             238
  127       -1958.540    1606.211       -1958.437    1606.917             127             127
   32         793.952    1399.592         793.968    1399.813              32              32
   34         269.805   -2092.945         269.062   -2092.710              34              34
   83       -1827.634    -287.956       -1827.952    -287.421              83              83
   27        -968.669     516.631        -969.106     517.014              27              27
  201        1384.037    -178.438        1383.463    -178.669             201             201
   35        1082.189    -837.121        1081.721    -837.322              35              35
  121         525.577   -1447.082         525.056   -1447.371             121             121
  185         604.736      73.859         604.877      73.367             185             185
   41       -2233.074    1250.978       -2232.696    1251.529              41              41
   91       -1621.612    1493.761       -1621.594    1494.449              91              91
  100        -373.281    -317.072        -373.984    -316.672             100             100
  124         832.380    -837.857         831.679    -838.053             124             124
   99        -390.978    -110.170        -391.316    -110.137              99              99
  112       -1705.557     708.224       -1705.988     708.733             112             112
  199        1150.771     665.537        1150.138     665.296             199             199
  128        1891.969     -98.424        1891.337     -98.877             128             128
   21        2849.202    -232.857        2848.948    -233.742              21              21
   98         596.601     907.602         596.949     907.480              98              98
  205         575.757     347.362         575.911     347.365             205             205
  231        -298.775     919.054        -298.417     919.510             231             231
  213       -1676.204   -1194.319       -1676.781   -1193.398             213             213
  190        -302.832   -1591.266        -303.728   -1591.130             190             190
    0        -566.084      56.393        -566.429      56.512               0               0
  171       -1051.794    -459.978       -1052.436    -459.663             171             171
  158        -453.880     144.836        -454.436     144.940             158             158
  124       -1110.993     425.638       -1111.640     426.090             124             124
    3        1094.668    -975.640        1093.582    -975.990               3               3
  113         -48.340     915.077         -48.618     915.110             113             113
  131       -1492.719    -456.974       -1493.730    -456.336             131             131
  242        -121.156    -988.039        -122.697    -988.057             242             242
  241        1556.857      77.490        1555.712      76.781             241             241
  163        1648.132    1234.318        1647.615    1233.800             163             163
   21         164.025   -1166.361         162.728   -1166.466              21              21
   68       -1253.843    1764.323       -1254.659    1764.686              68              68
  191         205.158     -53.126         203.186     -53.033             191             191
  222         806.149    -180.597         803.688    -180.880             222             222
  103        -218.318     734.225        -221.645     734.196             103             103
   57         623.587    2900.166         617.399    2900.302              57              57
