SINAL     NFT                         FFT                         NFT INVERSA     FFT INVERSA
-----     -----------------------     -----------------------     -----------     -----------
   77       66263.000       0.000       66263.000       0.000              77              77
  126         685.238   -1604.060         685.251   -1604.059             126             126
   79         -32.094   -3375.918         -32.083   -3375.919              79              79
   57        -464.456    -610.493        -464.443    -610.496              57              57
  114        -723.623     978.125        -723.607     978.124             114             114
   73         314.952    1794.781         314.969    1794.780              73              73
  181         972.514    -721.975         972.526    -721.977             181             181
  112         878.448    -832.611         878.463    -832.616             112             112
   39       -1726.741     683.976       -1726.720     683.981              39              39
  129        -843.811    -158.524        -843.801    -158.522             129             129
  105         817.672     292.095         817.687     292.087             105             105
  111        -669.795     160.812        -669.778     160.815             111             111
   78        -211.788     403.838        -211.771     403.839              78              78
  240        -365.605   -1010.029        -365.598   -1010.029             240             240
  112        -481.690    -634.791        -481.682    -634.799             112             112
   70        1188.269     720.245        1188.296     720.220              70              70
  107       -3239.119    2137.357       -3239.082    2137.381             107             107
  218         452.128     804.832         452.139     804.823             218             218
  171         -31.400    2001.865         -31.368    2001.864             171             171
  251         172.209    1327.687         172.235    1327.688             251             251
  222         314.297    1970.453         314.337    1970.461             222             222
  212        -227.745      73.011        -227.725      73.028             212             212
    8       -1080.086     981.715       -1080.060     981.743               8               8
  193         197.008    -927.249         197.007    -927.242             193             193
  255        -693.902     784.190        -693.872     784.203             255             255
   80       -2557.129    1127.599       -2557.115    1127.654              80              80
   70        1658.279    -542.160        1658.263    -542.170              70              70
  183        -166.797     148.471        -166.787     148.486             183             183
  246         567.535     610.643         567.552     610.657             246             246
  131         -46.991   -1841.372         -47.016   -1841.348             131             131
   52         139.981   -1637.312         139.953   -1637.310              52              52
   67        2037.390   -1748.322        2037.374   -1748.369              67              67
    1        -206.837    -835.579        -206.823    -835.597               1               1
  132       -1080.358     -64.734       -1080.345     -64.735             132             132
  125         508.764     389.278         508.780     389.245             125             125
  115         136.023     649.774         136.050     649.751             115             115
  206         804.525    1903.681         804.591    1903.658             206             206
   51        -818.256    -116.647        -818.238    -116.628              51              51
  228        1130.115    1701.475        1130.181    1701.448             228             228
  245       -1019.056     253.438       -1019.016     253.469             245             245
  181        -886.218    2619.022        -886.132    2619.071             181             181
   77       -1031.616    -867.231       -1031.633    -867.161              77              77
  101         348.776    -912.173         348.757    -912.166             101             101
    3        -201.238    -388.808        -201.234    -388.798               3               3
   62          95.088     206.673          95.111     206.680              62              62
  213        -166.066   -1133.741        -166.074   -1133.734             213             213
   74        -685.341     636.289        -685.298     636.308              74              74
  169       -1259.454   -1112.198       -1259.475   -1112.166             169             169
  176        -195.989     738.396        -195.954     738.388             176             176
  245       -1835.035      41.490       -1835.029      41.535             245             245
  164       -1531.372    1889.715       -1531.344    1889.765             164             164
  143         587.520     426.417         587.498     426.422             143             143
  202         580.266     814.829         580.273     814.836             202             202
  173        1449.475     848.227        1449.508     848.228             173             173
   80           2.366   -1318.061           2.342   -1318.020              80              80
  202        -105.471    -133.237        -105.464    -133.203             202             202
  253         275.461   -1777.756         275.413   -1777.752             253             253
  151        -391.789     402.653        -391.759     402.677             151             151
  129        -268.710   -1004.561        -268.737   -1004.528             129             129
  243        -801.724    -731.418        -801.753    -731.371             243             243
   26         135.524   -2021.835         135.444   -2021.846              26              26
  182       -1651.806    -420.777       -1651.852    -420.734             182             182
   55        1772.219   -1281.639        1772.135   -1281.735              55              55
   27         223.762    -464.598         223.736    -464.648              27              27
   59        1501.647    -128.603        1501.642    -128.711              59              59
  180        1066.626     240.948        1066.672     240.858             180             180
  143        -656.680     912.349        -656.616     912.341             143             143
    9         742.767    1194.017         742.835    1193.979               9               9
  232         347.762    -493.289         347.782    -493.319             232             232
  115       -1099.081    1186.006       -1098.997    1186.032             115             115
  255       -1295.712     887.366       -1295.689     887.424             255             255
  157         856.610     350.535         856.602     350.496             157             157
  192        1006.357     449.887        1006.395     449.822             192             192
  100        -176.915    2542.977        -176.766    2543.007             100             100
  160        -289.719    -227.817        -289.709    -227.758             160             160
  255        -825.987     876.704        -825.942     876.778             255             255
   58        -402.805     -30.093        -402.825     -30.026              58              58
  234        -392.141    -582.040        -392.214    -581.991             234             234
  168        2488.668    -695.367        2488.625    -695.500             168             168
  235         182.104    1815.274         182.234    1815.278             235             235
  224         206.015     221.701         206.055     221.757             224             224
   77         292.560   -1715.113         292.510   -1715.106              77              77
  122       -1210.131     749.100       -1210.074     749.166             122             122
  170         435.379     -29.923         435.384     -29.918             170             170
  250        -965.485     201.015        -965.464     201.109             250             250
  203       -1185.144   -1438.783       -1185.266   -1438.700             203             203
  117         554.676     811.966         554.648     811.960             117             117
  248        2128.783   -2354.002        2128.628   -2354.113             248             248
   99        1140.147     215.574        1140.189     215.467              99              99
  246         238.043     509.373         238.099     509.346             246             246
  236         526.742     810.049         526.802     810.040             236             236
  125         375.093     139.681         375.099     139.713             125             125
  173        2914.566   -1588.867        2914.529   -1589.018             173             173
   36         162.977     122.344         163.112     122.336              36              36
  153       -1622.525   -1482.955       -1622.540   -1482.883             153             153
  233        -527.340    1722.165        -527.218    1722.201             233             233
  217         260.469   -2264.308         260.361   -2264.322             217             217
   41        -504.182     570.878        -504.106     570.868              41              41
  242        -101.075    -764.315        -101.079    -764.347             242             242
  193        -963.291     513.588        -963.217     513.589             193             193
  156       -1245.910     742.349       -1245.858     742.371             156             156
  242        -969.151    2951.666        -968.997    2951.739             242             242
   94         839.296     808.092         839.329     808.118              94              94
   93        -265.512     663.936        -265.455     664.050              93              93
   87        -632.623   -1371.643        -632.727   -1371.537              87              87
  254         380.007      94.197         380.005      94.199             254             254
   92        -986.940    -141.053        -986.975    -140.934              92              92
  145         648.223   -1431.145         648.080   -1431.177             145             145
  233         412.352     295.100         412.337     295.057             233             233
    5        2002.618     690.543        2002.680     690.435               5               5
  124         465.603    -117.746         465.663    -117.715             124             124
  201         392.454   -1087.384         392.459   -1087.376             201             201
   83       -1269.638      25.486       -1269.571      25.603              83              83
  247       -1581.109    -630.693       -1581.180    -630.539             247             247
  116        1637.083    -658.358        1637.047    -658.449             116             116
   78       -2578.369   -1270.089       -2578.464   -1269.897              78              78
  194         644.778     -94.019         644.700     -94.070             194             194
  233         320.215    -739.027         320.124    -739.029             233             233
   70        1185.261   -1948.591        1185.107   -1948.716              70              70
   38         604.207     -58.872         604.234     -58.987              38              38
  224         869.788     -36.802         869.865     -36.913             224             224
   51       -1891.331    -342.537       -1891.305    -342.444              51              51
  163       -1355.772    1224.759       -1355.741    1224.844             163             163
  142        1110.960     217.535        1110.918     217.494             142             142
   87          49.746   -1883.551          49.577   -1883.577              87              87
   61         116.137    1450.168         116.208    1450.136              61              61
  119        1361.873   -1450.766        1361.736   -1450.885             119             119
   48        -138.602     979.340        -138.555     979.325              48              48
  102        3113.993    -300.758        3114.000    -301.000             102             102
  106        -350.739    -653.339        -350.699    -653.323             106             106
  241         220.355     183.836         220.404     183.809             241             241
    3        1103.733    -959.308        1103.712    -959.416               3               3
   92          94.834    -654.059          94.867    -654.135              92              92
   79          12.069     585.002          12.204     584.940              79              79
   97        -818.947     281.113        -818.872     281.157              97              97
  179         531.488     652.357         531.595     652.322             179             179
   78        -369.806   -1142.951        -369.818   -1142.922              78              78
  190       -1849.407    -339.836       -1849.424    -339.729             190             190
   69        1030.644    -186.490        1030.639    -186.646              69              69
   55       -1034.996    -624.708       -1035.003    -624.725              55              55
  195        -804.098    1355.635        -803.985    1355.601             195             195
  193         302.165     779.583         302.231     779.488             193             193
    1         648.893    1999.356         649.163    1999.283               1               1
   22       -3334.764      85.298       -3334.744      85.611              22              22
  185        -531.799    1217.627        -531.807    1217.661             185             185
  117         259.898    1348.641         259.929    1348.651             117             117
  100         301.484     900.241         301.494     900.285             100             100
  123         963.208     293.378         963.202     293.366             123             123
   95        -636.649     -14.753        -636.714     -14.633              95              95
  171        2328.192     528.736        2328.213     528.583             171             171
  161         -81.796    -185.486         -81.785    -185.379             161             161
   63         768.810   -1428.230         768.681   -1428.257              63              63
  222        -260.405   -1084.686        -260.519   -1084.712             222             222
   69        1417.361    1324.743        1417.502    1324.597              69              69
  206        -278.849   -1481.891        -278.960   -1481.870             206             206
   54        -675.362     988.141        -675.330     988.167              54              54
  131        2278.752     417.341        2278.750     417.140             131             131
   69         429.169     278.695         429.200     278.720              69              69
  102        2735.349   -1556.818        2735.245   -1557.069             102             102
  234        1119.754   -1078.722        1119.810   -1078.922             234             234
  175         187.809     662.951         188.053     662.835             175             175
   88       -1014.201    1163.056       -1013.971    1163.159              88              88
  237         507.252    -775.693         507.271    -775.748             237             237
   12       -1837.375      63.064       -1837.313      63.195              12              12
  168         231.837      76.809         231.831      76.685             168             168
   79         215.172    2761.563         215.493    2761.539              79              79
  192        -681.688      58.052        -681.709      58.227             192             192
  246        2349.657      42.990        2349.693      42.822             246             246
   13         137.815   -2334.926         137.713   -2334.976              13              13
    5       -1755.483     -94.307       -1755.464     -94.319               5               5
   46        1307.197    3938.787        1307.613    3938.600              46              46
  209         621.230     592.243         621.348     592.306             209             209
  199        1675.573    -397.480        1675.657    -397.609             199             199
   47           2.208     930.536           2.512     930.584              47              47
  231       -1300.252    -590.162       -1300.201    -589.979             231             231
  128         644.562    1087.566         644.792    1087.529             128             128
  165        -473.071    -149.684        -472.910    -149.558             165             165
   76       -1657.305      41.264       -1657.169      41.510              76              76
  252       -1875.919    -488.582       -1875.956    -488.328             252             252
    5        -243.845    -604.238        -243.919    -604.226               5               5
  248       -1618.090    -126.217       -1618.155    -126.096             248             248
  158        1384.141    1177.919        1384.246    1177.716             158             158
   68         244.538    1125.035         244.770    1125.050              68              68
  215       -1959.530     446.533       -1959.480     446.850             215             215
  228        1720.615    -360.573        1720.564    -360.726             228             228
   19         366.667     337.036         366.843     337.010              19              19
   13        -544.473     817.034        -544.231     817.169              13              13
  103        -938.274    -555.623        -938.224    -555.452             103             103
   88       -1438.686     807.389       -1438.523     807.620              88              88
  116       -1261.462    -275.948       -1261.497    -275.710             116             116
   81          71.492     113.316          71.545     113.395              81              81
    8       -2673.031   -1674.510       -2673.260   -1674.188               8               8
  204          80.213    1957.278          80.357    1957.288             204             204
   63        -748.392    -560.800        -748.544    -560.570              63              63
   21         711.464   -1283.786         711.235   -1283.838              21              21
  116         286.635    -446.070         286.573    -446.140             116             116
  143         785.177      35.988         785.243      35.844             143             143
  213        -919.323    1052.750        -919.121    1052.893             213             213
  107        -684.194    -591.149        -684.291    -591.030             107             107
  156         606.490    1744.057         606.715    1744.086             156             156
  219         -20.677   -1690.701         -20.831   -1690.549             219             219
  153        -706.929   -1764.494        -707.123   -1764.441             153             153
  109         421.051     452.606         421.167     452.477             109             109
  162        -977.494     221.250        -977.385     221.377             162             162
  201       -1237.272     103.825       -1237.273     104.012             201             201
   85         712.032     251.777         712.091     251.746              85              85
   34        -999.563    -621.331        -999.539    -621.107              34              34
  110       -2896.754   -1987.876       -2897.082   -1987.512             110             110
  162        -218.520    -205.602        -218.741    -205.678             162             162
   31         822.830    -236.853         822.697    -237.036              31              31
  115         321.102   -1359.648         320.897   -1359.872             115             115
  154         -63.538    1710.777         -63.321    1710.566             154             154
  189         372.370    3279.057         372.809    3279.059             189             189
  184         999.087    -908.389         999.059    -908.401             184             184
  113       -1633.964     265.559       -1633.828     265.805             113             113
  161       -2098.981    -351.791       -2099.149    -351.507             161             161
  203         886.827     157.748         886.677     157.548             203             203
  127         929.458    1918.382         929.667    1918.251             127             127
    9        1000.023    1454.472        1000.228    1454.520               9               9
   36        2179.024   -1785.255        2178.954   -1785.428              36              36
  243       -1822.265    -316.476       -1822.115    -316.220             243             243
   90         -68.794   -1201.361         -68.869   -1201.452              90              90
   45        -567.699    1528.069        -567.296    1528.022              45              45
  192       -3923.007    2517.571       -3922.648    2518.238             192             192
  154        -501.345    -388.706        -501.590    -388.440             154             154
   66        -368.682   -1049.995        -368.980   -1049.906              66              66
   53         623.019    1017.945         623.090    1017.870              53              53
   41        -400.284     497.196        -400.254     497.381              41              41
   23         426.766    -959.327         426.589    -959.308              23              23
  160          -3.124    -162.626          -3.131    -162.631             160             160
  198         -99.363     775.699         -99.190     775.762             198             198
  242       -2100.927    -371.597       -2101.028    -371.211             242             242
   58        -209.719     520.360        -209.804     520.484              58              58
   51        -242.408   -1099.612        -242.757   -1099.496              51              51
  149        2122.766   -1029.216        2122.537   -1029.623             149             149
    3         698.182    2177.693         698.628    2177.598               3               3
  137        -698.005    -571.933        -697.975    -571.695             137             137
  184       -1385.915    -561.839       -1385.966    -561.613             184             184
  114       -2838.652    1076.084       -2838.707    1076.577             114             114
   43        1399.446    -245.027        1399.102    -245.116              43              43
  215        1802.117    -227.131        1802.011    -227.309             215             215
  230        -315.369     -42.476        -315.406     -42.288             230             230
  197         339.206   -1479.168         338.855   -1479.115             197             197
  149         983.929   -1282.873         983.595   -1283.033             149             149
  159        3118.559   -1382.827        3118.404   -1383.448             159             159
   55         357.489    1006.940         357.885    1006.781              55              55
   54        -942.532      74.963        -942.407      75.123              54              54
  107         184.452    -427.878         184.402    -427.930             107             107
  182        1403.434     108.574        1403.616     108.270             182             182
   63       -1982.837    2238.999       -1982.334    2239.423              63              63
  144        -136.951   -1757.021        -137.211   -1756.861             144             144
  170       -1138.328     482.971       -1138.240     483.220             170             170
  154       -1069.732   -1545.714       -1070.121   -1545.478             154             154
  189        2309.102    -541.046        2309.026    -541.448             189             189
  107       -1918.431   -1285.628       -1918.564   -1285.397             107             107
   53        -723.186    -156.769        -723.374    -156.794              53              53
  255        2497.000       0.548        2497.000       0.000             255             255
  160        -723.567     156.817        -723.376     156.792             160             160
   95       -1918.708    1285.156       -1918.568    1285.393              95              95
   23        2308.945     541.868        2309.024     541.454              23              23
   65       -1070.528    1545.233       -1070.124    1545.477              65              65
   37       -1138.145    -483.484       -1138.238    -483.224              37              37
   10        -137.487    1756.692        -137.213    1756.861              10              10
  124       -1981.795   -2239.879       -1982.328   -2239.429             124             124
   89        1403.810    -107.940        1403.616    -108.267              89              89
  159         184.348     427.991         184.402     427.932             159             159
  128        -942.272     -75.301        -942.407     -75.126             128             128
  226         358.320   -1006.605         357.888   -1006.779             226             226
   87        3118.231    1384.139        3118.402    1383.454              87              87
  242         983.219    1283.213         983.591    1283.036             242             242
   13         338.459    1479.057         338.853    1479.115              13              13
   47        -315.447      42.077        -315.406      42.289              47              47
  217        1801.890     227.517        1802.010     227.313             217             217
  210        1398.707     245.222        1399.100     245.119             210             210
  196       -2838.764   -1077.155       -2838.703   -1076.584             196             196
  121       -1386.026     561.344       -1385.967     561.608             121             121
    9        -697.941     571.414        -697.977     571.693               9               9
  251         699.161   -2177.484         698.633   -2177.596             251             251
  228        2122.263    1030.110        2122.536    1029.626             228             228
  192        -243.180    1099.359        -242.761    1099.497             192             192
   59        -209.907    -520.632        -209.804    -520.483              59              59
  117       -2101.155     370.734       -2101.030     371.205             117             117
  107         -98.976    -775.842         -99.189    -775.764             107             107
  213          -3.142     162.635          -3.132     162.630             213             213
   50         426.365     959.283         426.586     959.307              50              50
  214        -400.219    -497.615        -400.255    -497.382             214             214
   11         623.180   -1017.773         623.092   -1017.869              11              11
   49        -369.363    1049.790        -368.983    1049.905              49              49
  119        -501.906     388.098        -501.590     388.440             119             119
  106       -3922.172   -2519.116       -3922.641   -2518.246             106             106
   72        -566.760   -1527.960        -567.291   -1528.022              72              72
  184         -68.971    1201.573         -68.870    1201.453             184             184
  143       -1821.914     315.871       -1822.114     316.214             143             143
   83        2178.854    1785.668        2178.950    1785.433              83              83
   53        1000.510   -1454.582        1000.232   -1454.518              53              53
  232         929.957   -1918.069         929.672   -1918.249             232             232
  242         886.472    -157.269         886.678    -157.545             242             242
  181       -2099.381     351.109       -2099.149     351.503             181             181
  202       -1633.637    -266.153       -1633.827    -265.809             202             202
   74         999.017     908.420         999.057     908.403              74              74
  168         373.436   -3279.060         372.814   -3279.059             168             168
  215         -63.008   -1710.265         -63.318   -1710.566             215             215
  121         320.598    1360.197         320.894    1359.874             121             121
  129         822.502     237.305         822.695     237.039             129             129
  170        -219.064     205.789        -218.742     205.678             170             170
   62       -2897.573    1986.967       -2897.088    1987.506              62              62
  251        -999.501     620.773        -999.539     621.106             251             251
  180         712.180    -251.700         712.091    -251.745             180             180
   57       -1237.273    -104.298       -1237.272    -104.014              57              57
  224        -977.218    -221.576        -977.385    -221.380             224             224
  117         421.347    -452.280         421.168    -452.478             117             117
  116        -707.430    1764.356        -707.129    1764.439             116             116
   85         -21.076    1690.311         -20.835    1690.549              85              85
  224         607.076   -1744.129         606.722   -1744.085             224             224
   74        -684.445     590.838        -684.292     591.028              74              74
  135        -918.797   -1053.125        -919.120   -1052.896             135             135
  182         785.347     -35.609         785.242     -35.841             182             182
   85         286.470     446.258         286.570     446.143              85              85
  185         710.857    1283.922         711.232    1283.839             185             185
   45        -748.796     560.189        -748.546     560.568              45              45
  191          80.598   -1957.307          80.358   -1957.289             191             191
    2       -2673.651    1673.632       -2673.263    1674.181               2               2
  230          71.640    -113.527          71.547    -113.394             230             230
   79       -1261.558     275.295       -1261.497     275.705              79              79
   85       -1438.234    -808.024       -1438.519    -807.623              85              85
   27        -938.136     555.149        -938.224     555.449              27              27
   55        -543.801    -817.407        -544.229    -817.171              55              55
   71         367.155    -336.964         366.844    -337.011              71              71
  208        1720.471     361.005        1720.563     360.730             208             208
    2       -1959.382    -447.430       -1959.475    -446.855               2               2
  146         245.199   -1125.076         244.774   -1125.049             146             146
  121        1384.445   -1177.340        1384.251   -1177.713             121             121
  217       -1618.274     125.868       -1618.155     126.093             217             217
   12        -244.057     604.202        -243.920     604.225              12              12
  250       -1876.026     487.841       -1875.957     488.322             250             250
  132       -1656.910     -41.980       -1657.168     -41.514             132             132
   74        -472.604     149.315        -472.911     149.557              74              74
  245         645.246   -1087.454         644.797   -1087.527             245             245
   56       -1300.098     589.620       -1300.200     589.976              56              56
  132           3.114    -930.680           2.516    -930.585             132             132
  213        1675.824     397.871        1675.658     397.612             213             213
  174         621.585    -592.427         621.349    -592.304             174             174
  249        1308.463   -3938.218        1307.624   -3938.596             249             249
   43       -1755.425      94.335       -1755.464      94.313              43              43
  142         137.496    2335.078         137.708    2334.976             142             142
   68        2349.771     -42.465        2349.695     -42.816              68              68
  178        -681.749     -58.592        -681.707     -58.228             178             178
   68         216.176   -2761.490         215.499   -2761.539              68              68
  153         231.816     -76.425         231.831     -76.686             153             153
  107       -1837.180     -63.481       -1837.313     -63.199             107             107
  114         507.310     775.871         507.269     775.750             114             114
   89       -1013.463   -1163.384       -1013.965   -1163.161              89              89
  110         188.592    -662.579         188.054    -662.834             110             110
   89        1119.931    1079.374        1119.809    1078.926              89              89
  168        2735.007    1557.645        2735.242    1557.076             168             168
  195         429.273    -278.773         429.202    -278.718             195             195
  117        2278.749    -416.671        2278.752    -417.134             117             117
  224        -675.250    -988.230        -675.326    -988.169             224             224
   10        -279.224    1481.821        -278.963    1481.869              10              10
   70        1417.837   -1324.244        1417.505   -1324.591              70              70
  226        -260.794    1084.773        -260.522    1084.711             226             226
  157         768.369    1428.327         768.679    1428.260             157             157
  191         -81.758     185.121         -81.786     185.378             191             191
  188        2328.263    -528.200        2328.213    -528.577             188             188
  169        -636.876      14.335        -636.715      14.631             169             169
  185         963.186    -293.333         963.202    -293.364             185             185
   64         301.523    -900.395         301.497    -900.285              64              64
  243         260.010   -1348.673         259.931   -1348.649             243             243
  175        -531.826   -1217.750        -531.807   -1217.661             175             175
  121       -3334.693     -86.434       -3334.744     -85.619             121             121
  120         649.876   -1999.089         649.169   -1999.281             120             120
  133         302.405    -779.233         302.232    -779.485             133             133
   39        -803.683   -1355.512        -803.983   -1355.603              39              39
  113       -1035.021     624.765       -1035.004     624.723             113             113
  176        1030.622     187.072        1030.637     186.649             176             176
  182       -1849.473     339.433       -1849.425     339.725             182             182
  181        -369.853    1142.841        -369.821    1142.920             181             181
   99         531.901    -652.221         531.599    -652.320              99              99
  251        -818.658    -281.279        -818.871    -281.157             251             251
   79          12.589    -584.761          12.204    -584.939              79              79
  207          94.960     654.356          94.865     654.136             207             207
  109        1103.649     959.735        1103.710     959.419             109             109
  169         220.549    -183.728         220.405    -183.808             169             169
   61        -350.581     653.272        -350.700     653.323              61              61
  199        3114.020     301.726        3114.000     301.000             199             199
   81        -138.398    -979.281        -138.551    -979.326              81              81
    0        1361.307    1451.261        1361.733    1450.888              -0              -0
   60         116.438   -1450.035         116.212   -1450.135              60              60
   50          49.040    1883.661          49.574    1883.578              50              50
   11        1110.787    -217.350        1110.919    -217.490              11              11
  130       -1355.630   -1225.123       -1355.737   -1224.846             130             130
   20       -1891.225     342.133       -1891.306     342.440              20              20
  168         870.116      37.279         869.864      36.914             168             168
   66         604.327      59.380         604.235      58.991              66              66
  209        1184.581    1949.140        1185.103    1948.719             209             209
   81         319.808     739.042         320.120     739.031              81              81
  252         644.434      94.246         644.700      94.071             252             252
   17       -2578.800    1269.217       -2578.468    1269.890              17              17
   69        1636.917     658.769        1637.045     658.452              69              69
  171       -1581.431     629.992       -1581.180     630.536             171             171
  139       -1269.333     -26.021       -1269.571     -25.603             139             139
  189         392.474    1087.353         392.458    1087.377             189             189
   49         465.881     117.608         465.663     117.717              49              49
  179        2002.915    -690.022        2002.682    -690.430             179             179
   46         412.289    -294.894         412.339    -295.056              46              46
  226         647.523    1431.298         648.075    1431.177             226             226
  105        -987.110     140.475        -986.976     140.932             105             105
  228         379.997     -94.210         380.005     -94.200             228             228
   69        -633.140    1371.112        -632.729    1371.534              69              69
  100        -265.223    -664.507        -265.453    -664.051             100             100
   51         839.464    -808.221         839.330    -808.117              51              51
   20        -968.356   -2952.041        -968.991   -2951.741              20              20
  210       -1245.635    -742.468       -1245.856    -742.374             210             210
  220        -962.907    -513.596        -963.216    -513.592             220             220
   82        -101.106     764.480        -101.083     764.345              82              82
  153        -503.773    -570.829        -504.103    -570.869             153             153
   46         259.887    2264.383         260.359    2264.322              46              46
   82        -526.654   -1722.357        -527.211   -1722.200              82              82
  214       -1622.615    1482.545       -1622.543    1482.878             214             214
   96         163.721    -122.286         163.112    -122.332              96              96
   94        2914.352    1589.732        2914.527    1589.025              94              94
   89         375.130    -139.851         375.101    -139.711              89              89
  117         527.094    -809.988         526.805    -810.039             117             117
    7         238.369    -509.215         238.100    -509.345               7               7
  155        1140.389    -214.945        1140.188    -215.465             155             155
   70        2127.852    2354.680        2128.622    2354.121              70              70
   88         554.519    -811.931         554.651    -811.960              88              88
  151       -1185.892    1438.271       -1185.271    1438.696             151             151
   88        -965.360    -201.595        -965.465    -201.112              88              88
  158         435.410      29.889         435.384      29.917             158             158
   67       -1209.775    -749.518       -1210.073    -749.169              67              67
  228         292.233    1715.066         292.505    1715.106             228             228
   91         206.269    -222.056         206.054    -221.756              91              91
  116         182.966   -1815.301         182.239   -1815.277             116             116
  151        2488.380     696.260        2488.623     695.507             151             151
  138        -392.638     581.715        -392.217     581.990             138             138
   87        -402.940      29.640        -402.825      30.026              87              87
    1        -825.671    -877.220        -825.939    -876.782               1               1
  110        -289.649     227.406        -289.710     227.757             110             110
  156        -175.850   -2543.187        -176.758   -2543.007             156             156
  102        1006.628    -449.427        1006.395    -449.822             102             102
  162         856.553    -350.244         856.602    -350.492             162             162
  177       -1295.537    -887.798       -1295.687    -887.427             177             177
   56       -1098.453   -1186.197       -1098.995   -1186.033              56              56
  126         347.909     493.515         347.781     493.319             126             126
    3         743.292   -1193.715         742.838   -1193.976               3               3
  210        -656.175    -912.293        -656.613    -912.343             210             210
  173        1066.986    -240.230        1066.672    -240.852             173             173
   86        1501.611     129.466        1501.643     128.712              86              86
  169         223.540     465.025         223.734     464.652             169             169
   14        1771.512    1282.451        1772.132    1281.738              14              14
  181       -1652.200     420.405       -1651.853     420.732             181             181
    2         134.823    2021.927         135.440    2021.846               2               2
  131        -801.983     731.005        -801.754     731.370             131             131
  188        -268.958    1004.273        -268.740    1004.528             188             188
  157        -391.518    -402.868        -391.758    -402.677             157             157
  202         274.994    1777.717         275.408    1777.751             202             202
   21        -105.413     132.921        -105.465     133.204              21              21
   52           2.117    1317.661           2.338    1318.018              52              52
   35        1449.804    -848.213        1449.510    -848.223              35              35
  179         580.347    -814.891         580.275    -814.835             179             179
  120         587.298    -426.453         587.498    -426.420             120             120
    7       -1531.064   -1890.255       -1531.338   -1889.770               7               7
   14       -1834.972     -41.977       -1835.030     -41.537              14              14
  236        -195.616    -738.305        -195.954    -738.387             236             236
  159       -1259.696    1111.838       -1259.477    1112.164             159             159
  153        -684.849    -636.508        -685.296    -636.309             153             153
   67        -166.166    1133.672        -166.076    1133.735              67              67
  160          95.358    -206.757          95.112    -206.680             160             160
    8        -201.202     388.687        -201.236     388.797               8               8
  224         348.535     912.086         348.756     912.167             224             224
    6       -1031.843     866.351       -1031.635     867.159               6               6
  170        -885.100   -2619.661        -886.128   -2619.074             170             170
  146       -1018.525    -253.854       -1019.015    -253.471             146             146
   62        1131.028   -1701.104        1130.186   -1701.446              62              62
   41        -818.015     116.382        -818.239     116.626              41              41
  150         805.487   -1903.348         804.595   -1903.657             150             150
   17         136.443    -649.424         136.052    -649.749              17              17
  214         509.015    -388.770         508.782    -389.243             214             214
  237       -1080.155      64.756       -1080.343      64.735             237             237
  186        -206.611     835.870        -206.824     835.596             186             186
  228        2037.081    1749.170        2037.369    1748.376             228             228
  162         139.459    1637.270         139.949    1637.309             162             162
  188         -47.463    1840.947         -47.021    1841.348             188             188
  104         567.863    -610.896         567.553    -610.656             104             104
   94        -166.611    -148.756        -166.787    -148.486              94              94
   90        1657.967     542.380        1658.263     542.173              90              90
   51       -2556.816   -1128.768       -2557.112   -1127.660              51              51
  115        -693.264    -784.486        -693.871    -784.205             115             115
  143         196.972     927.102         197.005     927.242             143             143
   86       -1079.452    -982.404       -1080.058    -981.747              86              86
   38        -227.264     -73.427        -227.724     -73.030              38              38
    7         315.350   -1970.638         314.340   -1970.460               7               7
   93         172.956   -1327.725         172.239   -1327.688              93              93
   53         -30.452   -2001.810         -31.363   -2001.862              53              53
  244         452.497    -804.542         452.142    -804.821             244             244
  252       -3237.936   -2138.160       -3239.080   -2137.384             252             252
  206        1189.208    -719.318        1188.297    -720.215             206             206
   56        -481.442     635.053        -481.685     634.799              56              56
  156        -365.370    1010.024        -365.602    1010.028             156             156
  215        -211.039    -403.885        -211.771    -403.839             215             215
   24        -668.994    -160.932        -669.777    -160.816              24              24
  163         818.474    -291.683         817.688    -292.085             163             163
  129        -843.198     158.354        -843.800     158.520             129             129
  171       -1725.389    -684.366       -1726.719    -683.985             171             171
  226         879.515     833.084         878.461     832.620             226             226
  170         973.483     722.182         972.524     721.981             170             170
   65         316.824   -1794.663         314.974   -1794.778              65              65
  243        -721.602    -977.922        -723.606    -978.124             243             243
  128        -462.213     610.931        -464.445     610.495             128             128
   46         -29.538    3376.054         -32.091    3375.918              46              46
  174         691.818    1603.855         685.248    1604.062             174             174
